# 1 = leading jet
# 2 = jet 2
# 3 = jet 3
# 4 = jet 4
# 5 = others
-0.027 0.323 0.138 5
-0.196 0.099 -0.026 5
-3.296 -4.866 -5.676 1
-0.805 -2.207 -1.608 1
-0.449 -1.22 -0.666 1
0.572 0.476 0.098 4
0.137 1.178 1.294 3
-1.781 -2.842 -2.908 1
0.67 1.275 -1.108 5
0.415 0.445 0.697 5
0.465 0.315 0.552 5
-0.497 -0.138 -0.168 5
0.451 0.944 -0.976 5
0.179 0.494 0.396 5
-1.003 -1.2 -2.293 1
-0.123 0.323 0.361 3
-0.922 -3.763 -6.081 5
-0.497 -0.866 -1.503 1
-0.5 0.292 1.255 5
0 0.343 0.707 3
-0.057 0.369 -0.18 5
-0.174 -0.103 -0.098 5
1.875 2.06 2.261 5
0.708 0.035 0.716 5
0.33 0.539 0.554 5
-0.272 0.9 0.988 3
-0.521 -0.56 -0.405 1
-0.629 -1.2 -1.006 1
-0.36 -0.43 -0.887 1
0.076 -0.248 -0.235 5
0.361 -2.101 -4.807 5
-0.059 0.276 0.599 3
-0.109 1.162 2.632 3
0.351 0.234 0.567 2
1.173 2.482 -0.266 5
0.551 0.18 0.962 2
0.597 0.664 0.686 5
2.935 2.615 8.175 2
0.307 0.438 1.031 2
4.902 4.493 0.355 4
