# 1 = leading jet
# 2 = jet 2
# 3 = jet 3
# 4 = jet 4
# 5 = others
1.48 0.683 1.053 2
0.36 0.125 0.108 2
-0.317 0.126 0.125 5
0.156 0.262 0.121 5
0.184 0.01 0.121 2
2 -1.269 2.824 3
2 0.227 1.684 2
-2.29 0.796 -0.314 4
-2.111 0.333 -0.536 4
1.396 0.166 0.869 2
3.181 -0.791 2.305 5
1.298 0.238 0.729 2
0.463 0.159 -0.127 5
-0.763 -0.194 -0.146 5
0.503 -0.209 0.554 5
0.375 -0.065 0.299 5
2.007 0.217 3.47 5
-1.371 0.843 -2.542 1
-1.057 1.291 -3.734 1
-0.09 -0.199 -0.316 5
-0.323 0.028 -0.694 1
0.04 -0.203 0.19 5
-0.254 -0.287 0.067 5
-0.179 0.212 -0.085 5
0.718 -1.304 1.715 5
-0.845 0.353 -1.001 1
-0.616 0.126 -0.708 1
-0.685 0.178 -0.638 1
-0.652 0.494 -0.796 1
-0.414 -0.112 -0.108 5
-0.365 -0.097 -0.13 5
0.093 -0.407 0.431 5
-0.409 0.171 -0.626 1
0.354 0.017 0.582 5
-0.795 0.683 -2.585 1
0.14 -0.165 0.468 3
-0.699 0.211 -0.984 1
-1.149 0.688 -1.927 1
-0.827 -0.412 0.654 5
1.034 0.407 0.932 2
-0.423 0.263 -1.202 1
0.642 -0.541 1.137 3
1.382 0.711 1.232 2
-0.702 -0.467 -0.335 5
0.449 -0.569 0.7 3
-0.999 0.714 -1.814 1
-1.241 0.502 -0.016 4
-0.697 -0.472 0.631 5
0.697 -0.43 0.475 5
