# 1 = leading jet
# 2 = jet 2
# 3 = jet 3
# 4 = jet 4
# 5 = others
4.484 4.952 -0.361 1
-1.052 -0.927 -0.56 2
-1.085 -0.964 -0.517 2
1.589 1.554 -0.717 1
0.947 1.52 -0.425 1
1.577 1.545 -0.449 1
1.227 1.291 -0.509 1
-0.375 -1.355 0.376 5
-2.167 -1.615 -1.256 2
-0.708 -1.095 -0.87 2
-1.404 0.218 -0.177 5
-0.546 -0.578 -0.3 2
-0.866 -0.432 1.296 3
-0.321 -0.43 0.676 3
-0.615 -0.62 1.188 3
0.339 0.024 -0.212 5
0.298 0.024 0.652 5
-0.002 -0.395 -0.18 4
-0.125 -0.354 0.191 5
-0.202 0.178 -0.078 5
7.631 9.539 -1.871 1
-0.563 -0.527 -0.014 5
-1.583 -1.146 2.219 3
-0.978 -0.777 0.116 5
-0.703 -0.201 0.165 5
-0.354 -0.363 0.564 3
-0.028 -0.474 -0.204 4
-0.694 -1.001 0.144 5
-1.386 -2.086 -1.052 2
-0.483 -0.453 -0.601 2
-0.504 -0.742 -0.238 2
-0.421 -0.045 -0.206 5
-0.31 -0.257 0.512 3
4.817 6.065 -1.044 1
-0.757 -0.28 -0.301 5
0.554 0.596 1.104 5
0.144 -0.347 0.735 5
-0.945 -0.428 1.09 3
-1.125 -0.727 1.399 3
0.875 3.195 -0.626 5
-1.335 -0.347 -0.018 5
-0.319 -5.455 -1.878 4
-0.472 -0.409 0.642 3
-0.865 -0.483 0.171 5
0.099 -0.275 -0.947 5
0.406 1.339 0.511 5
-1.503 0.456 -0.282 5
