# 1 = leading jet
# 2 = jet 2
# 3 = jet 3
# 4 = jet 4
# 5 = others
3.123 1.899 1.118 1
2.191 1.488 0.779 1
1.557 0.768 0.312 1
-1.087 -0.492 -0.893 3
-0.501 -0.606 -0.228 4
7.357 2.054 0.692 1
-2.005 0.314 0.814 2
-1.878 -1.013 -0.407 4
2.331 0.769 1.025 5
-2.082 -0.103 -0.089 2
-1.559 -1.072 0.144 4
-1.189 -0.098 0.183 2
1.325 0.881 0.833 1
-1.439 -1.118 -0.377 4
-0.324 -0.354 -0.004 4
0.626 0.535 0.092 1
0.718 0.58 0.308 1
-2.21 -0.125 0.093 2
-0.776 -0.56 -0.143 4
-0.634 -0.156 -0.029 5
0.337 0.266 -0.02 1
-0.451 -0.181 -0.02 4
-0.063 -0.231 -0.296 5
-0.104 -0.15 -0.112 5
-0.62 -0.105 -0.252 5
-2.286 -0.15 0.96 2
-3.187 -0.284 1.911 2
-2.357 -2.226 -3.038 3
-0.537 -0.301 -0.467 3
-1.621 -1.215 -2.503 3
-0.388 -0.896 -0.367 5
-0.158 -0.606 -0.467 5
-0.397 -0.583 -1.024 3
1.899 0.792 0.211 1
3.373 0.881 -0.397 1
1.467 0.457 -0.145 1
0.908 0.585 -0.141 1
-0.888 0.201 0.296 2
-1.337 -0.284 0.377 2
-1.628 -0.393 0.329 2
-1.22 -0.425 -0.18 5
5.262 0.71 2.638 5
-0.549 -0.859 -0.047 4
-0.653 -0.907 -1.054 3
-4.922 -0.532 -1.613 5
2.174 -0.193 0.507 5
