# 1 = leading jet
# 2 = jet 2
# 3 = jet 3
# 4 = jet 4
# 5 = others
0.151 -0.342 0.229 3
0.206 0.283 -0.009 4
2.072 0.549 -2.099 1
3.924 5.219 -1.401 4
-2.308 -0.658 0.708 5
0.304 0.574 -0.496 5
1.157 0.517 -1.305 1
1.809 -4.059 1.869 3
-0.689 0.169 0.254 2
-0.629 0.286 0.782 2
-2.575 0.594 1.678 2
-0.621 -0.116 0.26 5
0.149 -0.763 0.378 3
0.058 -0.545 0.36 3
0.016 -0.423 -0.414 5
0.326 0.242 -0.261 1
-1.914 0.305 2.128 2
-2.595 1.942 1.688 2
0.413 0.264 -0.814 1
-0.037 -0.252 0.054 5
0.759 0.269 -0.1 5
0.737 1.034 0.065 4
-0.342 0.753 0.532 5
0.354 -0.819 -0.236 5
0.167 -0.412 0.415 3
0.803 0.098 -1.11 1
1.738 0.882 -3.45 1
-0.282 -0.314 0.844 5
0.372 1.148 -1.338 5
-2.145 0.829 1.914 2
0.536 0.13 -0.683 1
-2.398 0.576 1.91 2
0.746 0.049 -0.773 1
0.918 0.006 -1.07 1
-0.865 0.11 -0.305 5
-5.475 0.327 -1.738 5
-1.136 -0.559 0.202 5
-1.317 -0.458 0.185 5
0.357 -0.919 0.534 3
1.16 -2.772 1.169 3
0.798 -2.084 0.996 3
2.112 1.149 -3.217 1
0.547 -1.682 0.868 3
0.564 0.318 -0.619 1
0.994 0.872 -1.828 1
0.499 -0.933 0.521 3
-1.011 -0.802 0.325 5
0.961 0.362 -0.99 1
