# 1 = leading jet
# 2 = jet 2
# 3 = jet 3
# 4 = jet 4
# 5 = others
0.06 -0.395 0.099 5
-1.083 0.546 -0.628 5
-3.338 5.371 3.206 2
1.176 -0.813 -1.023 1
-5.199 -3.105 0.872 3
1.949 -1.472 -2.038 1
1.947 -1.493 -1.32 1
-0.737 0.278 -0.09 5
1.385 -1.69 -0.885 1
2.81 -2.071 -2.164 1
0.057 -1.026 0.261 5
-0.358 1.167 0.457 2
0.482 -0.583 -0.556 1
1.091 0.859 1.494 5
4.216 -3.813 -3.338 1
-1.024 1.217 1.485 4
-0.286 0.323 0.6 4
0.243 0.58 1.163 5
0.179 0.016 0.322 5
-0.3 0.166 0.09 5
-0.344 0.008 0.086 5
-0.225 0.207 0.152 2
-2.19 5.442 2.832 2
-0.628 -0.259 0.174 3
-2.072 2.334 3.71 4
-0.943 0.871 0.45 2
-0.349 0.571 0.404 2
0.873 -0.358 -0.391 1
-0.048 0.535 0.51 5
0.955 -1.222 -0.925 1
-0.43 0.159 -1.139 5
-0.25 0.159 0.182 4
0.017 -0.226 0.07 5
0.65 -0.925 -0.68 1
1.498 -2.039 -1.71 1
-0.938 1.596 0.861 2
-1.059 1.836 0.796 2
0.352 -1.246 -0.651 5
0.501 -0.552 -0.781 1
-0.69 1.373 0.904 2
-0.416 0.382 -0.578 5
