# 1 = leading jet
# 2 = jet 2
# 3 = jet 3
# 4 = jet 4
# 5 = others
7.938 7.43 8.499 2
0.315 -0.591 -0.101 5
-1.006 -1.532 0.135 1
0.453 0.113 0.271 5
-0.919 -1.481 -0.416 1
-1.213 -1.978 -0.372 1
-2.779 -3.652 -0.93 1
-1.46 -1.699 -0.314 1
1.322 0.934 1.559 2
-0.927 -1.952 -0.556 1
-0.609 0.074 -0.202 5
0.557 0.327 0.298 2
-0.64 -1.171 0.236 5
-0.416 -0.101 0.119 5
-0.172 -0.425 -0.193 1
0.414 0.451 0.431 2
-0.128 -0.648 0.141 5
1.165 3.385 -0.991 3
-0.154 -0.216 -0.409 5
0.163 0.033 -0.064 5
0.212 0.126 0.209 2
0.242 1.693 -1.539 5
-1.779 -2.651 -0.792 1
-0.523 -1.031 -0.465 1
0.392 0.844 -0.013 3
0.236 1.869 -0.934 5
1.443 1.555 1.568 2
-0.188 0.738 -0.476 5
-0.556 -0.606 0.089 1
-0.379 -0.312 -0.231 5
1.459 4.562 -1.276 3
-0.389 -0.37 -0.146 1
0.89 1.153 0.466 2
0.476 0.573 0.528 2
-2.071 -3.321 -0.874 1
0.414 0.972 -0.25 3
0.806 1.731 -0.287 3
0.488 1.285 -0.18 3
-0.66 -0.584 -0.549 5
-1.447 -2.466 -0.463 1
-0.542 -5.277 -1.062 4
-0.03 -0.94 -0.16 4
