# 1 = leading jet
# 2 = jet 2
# 3 = jet 3
# 4 = jet 4
# 5 = others
0.116 -0.202 0.067 3
0.149 -0.135 0.006 4
-3.45 1.525 0.85 1
-1.791 0.912 0.698 1
-2.273 1.897 0.204 1
3.302 -1.213 -2.915 2
4.737 -0.986 -2.726 2
-2.153 1.209 0.571 1
1.294 -0.326 -0.025 4
-4.82 1.659 1.465 1
-0.115 -0.709 -0.25 5
0.926 -0.104 -0.546 2
-0.505 -0.897 0.326 5
-1.559 1.055 0.559 1
-2.66 1.151 1.058 1
1.351 -0.115 -0.223 5
0.965 0.169 -0.079 5
-0.625 0.515 0.233 1
-0.275 0.408 0.283 5
-0.589 0.5 0.033 1
0.262 -0.772 0.32 3
0.255 -0.101 0.208 5
0.186 0.127 0.22 5
-0.15 0.088 -0.09 5
0.054 -0.384 0.211 5
0.086 0.154 -0.119 5
-2.203 1.025 0.583 1
1.337 -0.074 -0.647 2
1.05 0.151 0.419 5
-0.039 0.735 -0.014 5
-0.294 0.748 0.029 5
-0.172 0.569 0.054 5
0.792 -0.193 -0.584 2
0.401 0.036 -0.23 2
0.4 0.041 -0.236 2
-0.722 0.462 0.251 1
0.362 0.714 0.119 5
2.584 -4.585 1.201 3
1.378 -0.398 -0.574 2
0.632 -1.253 0.364 3
-2.25 1.453 0.867 1
-3.293 1.925 1.24 1
-0.959 0.608 0.259 1
-1.753 0.888 0.496 1
0.434 -0.862 0.308 3
0.957 -0.609 0.066 4
1.059 -0.479 -0.637 2
2.351 -0.621 -2.056 2
-0.736 1.507 0.505 5
-1.504 0.138 0.044 5
0.858 -0.497 0.06 4
0.804 -0.356 -0.072 4
