000404
000413
000422
000431
000440
000503
000512
000521
000530
000602
000611
000620
001304
001313
001322
001331
001340
001403
001412
001421
001430
001502
001511
001520
002204
002213
002222
002231
002240
002303
002312
002321
002330
002402
002411
002420
003104
003113
003122
003131
003140
003203
003212
003221
003230
003302
003311
003320
004004
004013
004022
004031
004040
004103
004112
004121
004130
004202
004211
004220
005003
005012
005021
005030
005102
005111
005120
006002
006011
006020
110303
110312
110321
110330
110402
110411
110420
110501
110510
111203
111212
111221
111230
111302
111311
111320
111401
111410
112103
112112
112121
112130
112202
112211
112220
112301
112310
113003
113012
113021
113030
113102
113111
113120
113201
113210
114002
114011
114020
114101
114110
115001
115010
200303
200312
200321
200330
200402
200411
200420
201203
201212
201221
201230
201302
201311
201320
202103
202112
202121
202130
202202
202211
202220
203003
203012
203021
203030
203102
203111
203120
204002
204011
204020
220202
220211
220220
220301
220310
220400
221102
221111
221120
221201
221210
221300
222002
222011
222020
222101
222110
222200
223001
223010
223100
224000
310202
310211
310220
310301
310310
311102
311111
311120
311201
311210
312002
312011
312020
312101
312110
313001
313010
330101
330110
330200
331001
331010
331100
332000
400202
400211
400220
401102
401111
401120
402002
402011
402020
420101
420110
420200
421001
421010
421100
422000
440000
510101
510110
511001
511010
530000
620000
