# Color = pwflag + 1
-0.214 0.125 -0.153 1
1.669 -0.606 0.07 1
1.928 -0.802 0.16 1
-1.769 0.404 -0.007 1
-1.322 -1.044 0.178 1
-2.753 0.803 0.804 1
-0.934 0.698 -0.159 1
4.683 -2.634 -1.843 1
1.439 -0.268 -0.128 1
-1.284 -0.199 -0.818 1
2.707 -1.113 0.211 1
2.324 -0.856 -0.405 1
0.033 3.441 -2.22 1
-0.884 0.426 -0.05 1
-1.345 0.466 0.128 1
0.893 -0.407 -0.259 1
-1.353 -1.662 0.979 1
-0.8 0.728 0.023 1
-0.017 1.577 -1.125 1
0.455 -0.307 0.259 1
0.453 0.209 0.044 1
-0.512 0.243 0.123 1
0.294 -0.246 0.306 1
0.151 -0.289 -0.381 1
0.528 0.143 -0.202 1
0.073 0.2 -0.328 1
-0.312 0.248 -0.024 1
1.558 -0.527 -0.493 1
0.695 -0.335 0.168 1
0.044 0.438 0.09 1
-0.444 0.191 0.302 1
0.923 -0.177 0.111 1
0.7 -0.595 -0.326 1
1.153 0.015 1.645 1
0.094 0.313 0.258 1
0.207 0.351 -0.209 1
0.289 0.041 0.204 1
-0.254 0.118 -0.076 1
-1.044 0.775 0.025 1
-0.939 0.419 0.304 5
0.384 0.437 0.622 5
0.3 0.501 0.594 5
-1.699 0.591 0.348 5
-2.46 0.783 0.614 5
-1.416 0.439 0.126 5
0.285 -0.755 -0.101 5
1.621 -1.161 0.108 5
2.347 -0.927 0.449 5
1.112 -0.282 -0.167 5
-1.202 0.452 -0.398 5
-0.039 0.682 -0.421 6
-1.442 0.433 0.256 6
1.712 -0.638 -0.34 6
-0.181 -0.075 -0.806 6
-1.985 0.477 0.267 6
