# Color = pwflag + 1
0.395 -0.039 0.227 1
0.318 0.152 0.066 1
-5.418 -2.345 0.237 1
0.867 0.97 0.248 1
0.488 0.283 0.362 1
2.097 0.125 -0.851 3
-0.996 -0.442 0.326 1
-2.782 -0.28 -0.158 1
0.131 0.443 0.075 1
0.461 0.368 -0.063 1
-3.154 -1.891 -0.342 1
-2.078 -0.929 -0.839 1
2.453 0.108 -0.358 1
0.646 0.522 0.371 1
-1.187 0.961 0.627 1
1.134 1.057 0.146 1
1.339 -0.261 0.583 1
-0.528 -0.324 -0.126 1
-0.246 -0.301 0.17 1
-0.351 0.078 0.097 1
-3.849 -1.483 0.143 1
0.343 0.268 0.081 1
1.043 0.069 0.867 1
1.013 0.094 -0.123 1
0.518 0.283 0.646 1
1.467 0.223 -0.822 1
-0.342 -0.219 0.031 1
0.115 0.397 0.209 1
-0.125 -0.43 0.209 1
-0.574 -0.335 -0.861 1
0.373 0.193 0.089 1
1.382 1.319 0.922 1
-1.667 -0.423 0.039 5
-6.442 -3.119 0.283 5
-1.503 -0.711 0.132 5
1.407 0.713 1.285 5
4.263 0.617 -1.261 5
1.259 0.137 -0.354 5
1.747 0.195 -0.586 5
1.243 0.03 -0.331 5
1.605 0.06 -0.609 5
0.242 0.708 0.459 5
1.496 4.188 2.318 5
-1.804 -0.462 -1.531 5
-0.816 -0.165 -0.796 5
-0.586 -0.101 -0.554 5
1.458 -0.081 0.683 5
0.869 0.437 0.012 6
0.338 0.548 0.619 6
