# Color = pwflag + 1
7.929 1.766 -0.871 1
-0.101 0.263 0.143 1
2.595 -2.706 -2.572 1
1.384 -2.017 -1.098 1
1.404 -1.172 -0.126 1
1.92 -1.197 -0.508 1
-4.631 1.145 -0.279 1
0.776 -0.721 -0.28 1
0.34 -0.402 -0.166 1
-10.993 7.09 7.305 1
-0.902 0.762 0.071 1
1.904 -0.238 -0.433 1
-0.495 0.029 -0.185 1
-0.426 0.162 0.242 1
1.304 -0.382 -0.209 1
-0.646 0.188 0.004 1
3.065 -2.243 -2.628 1
-2.25 1.312 0.74 1
-3.125 1.016 0.941 1
0.276 -0.186 0.16 1
-0.256 -0.021 0.148 1
0.206 0.008 0.017 1
1.547 -3.358 -3.677 1
-4.309 1.767 3.435 1
-1.822 0.542 1.201 1
-0.818 0.275 0.186 1
1.128 -0.085 -0.15 1
-1.493 0.456 0.257 1
1.65 -0.689 -0.889 1
0.815 -0.028 -0.303 1
0.254 -0.359 -0.172 1
0.165 -0.18 0.208 1
0.671 -0.243 -0.414 1
1.301 -0.116 -0.057 1
-1.355 0.813 0.646 5
1.19 -0.819 -0.111 5
0.933 -0.507 -0.01 5
4.198 -2.724 -3.286 6
1.292 0.312 0.07 6
0.538 -1.233 -0.833 6
