48 30.05407088
49 30.683328
50 31.31692202
51 31.95675839
52 32.61098791
53 33.24960749
54 33.87900026
55 34.50944009
56 35.18938046
57 35.86822711
58 36.55674557
59 37.2031398
60 37.89774898
61 38.50778309
62 39.12287204
63 39.7958074
64 40.38830598
65 41.02844106
66 41.64462078
67 42.2777801
68 42.89510869
69 43.52933112
70 44.13523546
71 44.79798044
72 45.47118154
73 46.11523797
74 46.77436125
75 47.47953324
76 48.15628684
77 48.76543486
78 49.4062991
79 50.08558144
80 50.70448155
81 51.41063417
82 52.06863739
83 52.72067539
84 53.407051
85 54.08870901
86 54.81469779
87 55.4532911
88 56.13077192
89 56.78836595
90 57.47386581
91 58.15397342
92 58.83406159
93 59.52240387
94 60.19256796
95 60.8353642
96 61.46207243
97 62.11575087
98 62.76038673
99 63.37245224
100 64.01063016
101 64.76845315
102 65.45682547
103 66.17426854
104 66.86035031
105 67.52850196
106 68.25920392
107 68.98646466
108 69.7213883
109 70.3725487
110 71.03169517
111 71.67933087
112 72.37529604
113 73.00004638
114 73.67971466
115 74.33936463
116 74.94972939
117 75.53943237
118 76.17878711
119 76.85023519
120 77.54843125
121 78.20416163
122 78.89395742
123 79.57676137
124 80.27071652
125 81.01898789
126 81.73650597
127 82.42495051
128 83.17734997
129 83.78827619
130 84.43308933
131 85.140828
132 85.8150578
133 86.50307777
134 87.20308445
135 87.96384688
136 88.6567663
137 89.35331333
138 90.02946679
139 90.68923249
140 91.35617894
141 92.02335272
142 92.69460561
143 93.39913089
144 94.06701193
145 94.76910861
146 95.42658343
147 96.10622283
148 96.80317206
149 97.4892062
150 98.14986372
151 98.8485231
152 99.58918566
153 100.2775883
154 100.8939809
155 101.6141799
156 102.3396341
157 103.1133439
158 103.8254631
159 104.509318
160 105.2307293
161 106.0676683
162 106.7456003
163 107.4289629
164 108.1057207
165 108.7159871
166 109.3529833
167 110.0378421
168 110.6730497
169 111.3493602
170 112.0133616
171 112.6709669
172 113.3095371
173 113.9531063
174 114.6531608
175 115.3872184
176 116.1377102
177 116.858075
178 117.6236287
179 118.3663401
180 118.9208045
181 119.671932
182 120.3166371
183 121.0104262
184 121.7395797
185 122.4453871
186 123.0829887
187 123.8361711
188 124.6144039
189 125.3251201
190 126.0540421
191 126.6875706
192 127.3274974
193 127.9848244
194 128.6503466
195 129.3192956
196 130.1087861
197 130.7714855
198 131.4556935
199 132.299176
200 133.0621709
201 133.7630567
202 134.4794862
203 135.2132269
204 135.8976754
205 136.640452
206 137.2903679
207 138.0057097
208 138.6178757
209 139.3519097
210 139.9987848
211 140.7291536
212 141.400611
213 142.126498
214 142.6915185
215 143.303396
216 143.9864291
217 144.7751549
218 145.5455605
219 146.2958588
220 146.891366
221 147.5599491
222 148.3021515
223 149.0447959
224 149.6710697
225 150.4086872
226 151.0075101
227 151.7621585
228 152.5007357
229 153.2373033
230 153.8435658
231 154.4763422
232 155.1363242
233 155.7333405
234 156.369968
235 157.1335944
236 157.8830022
237 158.5926741
238 159.2439766
239 159.8460474
240 160.4629174
241 161.0270412
242 161.7468281
243 162.431844
244 163.1737141
245 163.868712
246 164.6121932
247 165.4103737
248 166.3110011
249 167.009169
250 167.7432636
251 168.4411085
252 169.0937983
253 169.682578
254 170.3018467
255 170.8315113
256 171.5272722
257 172.1820593
258 172.8885774
259 173.4298261
260 174.0336009
261 174.7117839
262 175.34582
263 176.1055184
264 176.8734043
265 177.604661
266 178.4746467
267 179.2416554
268 180.0898746
269 180.8354527
270 181.5880721
271 182.3275442
272 183.0590909
273 183.8405936
274 184.576173
275 185.3389839
276 186.0437591
277 186.6944175
278 187.4193979
279 188.0586777
280 188.7734661
281 189.4314155
282 190.2028415
283 190.7927679
284 191.545497
285 192.2158854
286 192.9085199
287 193.6144663
288 194.3496464
289 195.1932536
290 196.0216057
291 196.722096
292 197.3752317
293 198.1241402
294 198.7557604
295 199.3969456
296 200.0796549
297 200.7829761
298 201.4877322
299 202.2082172
300 202.8718182
301 203.5827942
302 204.2656105
303 205.1420358
304 205.6870596
305 206.3504941
306 207.0660065
307 207.8597441
308 208.5895153
309 209.3554476
310 209.9825347
311 210.6430257
312 211.2927428
313 212.0526285
314 212.8224746
315 213.7167326
316 214.5631018
317 215.3260467
318 215.9680043
319 216.6576503
320 217.4248083
321 218.178867
322 218.6924811
323 219.3076662
324 219.8793888
325 220.5713504
326 221.2797914
327 221.9546995
328 222.690835
329 223.3042127
330 223.9214796
331 224.6980281
332 225.4229508
333 226.24262
334 227.1382981
335 227.8609413
336 228.6185997
337 229.2426857
338 229.9265858
339 230.7798392
340 231.5202799
341 232.4773565
342 233.2018656
343 234.0755792
344 234.7982224
345 235.424826
346 235.9919914
347 236.6873523
348 237.3060854
349 237.9736297
350 238.8175378
351 239.4818393
352 240.0623656
353 240.8032574
354 241.4723408
355 242.2541328
356 243.0339099
357 243.5559175
358 244.0891721
359 244.8666739
360 245.6683797
361 246.5030644
362 247.0656257
363 247.7023603
364 248.318232
365 248.9208122
366 249.608053
367 250.3738581
368 251.1325322
369 251.8299082
370 252.5365459
371 253.1877469
372 253.9435628
373 254.7051522
374 255.4522846
375 256.0030956
376 256.6370827
377 257.452652
378 258.3015872
379 259.0722104
380 259.8042386
381 260.442417
382 261.1230892
383 261.646237
384 262.5162035
385 263.2423269
386 263.9540209
387 264.4978593
388 265.2484421
389 265.9591408
390 266.4945283
391 267.2710453
392 267.8772295
393 268.680759
394 269.3776869
395 270.2338425
396 270.8111184
397 271.5617599
398 272.3356515
399 273.1317277
400 273.6752032
401 274.4464816
402 275.0716356
403 275.548121
404 276.4059475
405 277.208431
406 277.9082238
407 278.5469783
408 279.4421425
409 280.0616895
410 280.5215533
411 281.1737233
412 281.9883392
413 282.6621069
414 283.3055427
415 284.0826619
416 284.7219848
417 285.2541629
418 285.8016199
419 286.375929
420 287.012828
421 287.6697764
422 288.4119531
423 289.0392585
424 289.6685459
425 290.3463979
426 291.2160191
427 292.0188955
428 292.6831433
429 293.4097466
430 294.0793762
431 294.6841287
432 295.4590032
433 296.1262569
434 296.7394087
435 297.4350999
436 298.0293855
437 298.7793173
438 299.2832714
439 300.012065
440 300.77184
441 301.3616338
442 301.8941077
443 302.5863231
444 303.3067765
445 304.039285
446 304.7609175
447 305.3607531
448 305.9786952
449 306.6543991
450 307.2195195
451 307.7713561
452 308.6071178
453 309.3979251
454 310.0701767
455 310.6833285
456 311.3120845
457 311.9736431
458 312.9870385
459 313.473607
460 314.0269435
461 314.9662399
462 315.749654
463 316.3928766
464 317.2212499
465 317.8997376
466 318.6655045
467 319.3182653
468 319.8346036
469 320.5472303
470 321.3824493
471 322.1868219
472 322.9409986
473 323.7724171
474 324.2602441
475 324.9359624
476 325.4228953
477 326.0061014
478 326.578762
479 327.2388635
480 327.9521218
481 328.7461109
482 329.5048863
483 330.2123369
484 330.7062648
485 331.3994186
486 331.9964349
487 332.5730995
488 333.3772273
489 333.9432136
490 334.4235574
491 335.3238553
492 335.8412021
493 336.6890282
494 337.8924705
495 338.4139844
496 338.7917297
497 339.5106443
498 340.2644893
499 340.9542851
500 341.6005577
501 342.2782518
502 343.3180875
503 344.0134914
504 344.7986248
505 345.2857977
506 345.7456616
507 346.2016204
508 346.9741917
509 347.8599941
510 348.4477476
511 348.9459335
512 349.8807634
513 350.4296917
514 351.0804383
515 351.7764485
516 352.4707012
517 353.0281237
518 353.5665009
519 354.1497429
520 354.8900116
521 355.6788914
522 356.5003674
523 357.2276356
524 357.8944382
525 358.5434735
526 359.0475968
527 359.9673245
528 360.6677503
529 361.3476953
530 362.2608936
531 362.9729409
532 363.8036627
533 364.4072238
534 365.2806099
535 366.0129411
536 366.5696184
537 367.0043608
538 367.5841892
539 368.4080113
540 369.1327449
541 369.9247326
542 370.5378844
543 371.2483784
544 371.8894008
545 373.0848422
546 374.127048
547 374.5255966
548 375.0130687
549 375.5599339
550 376.0918738
551 376.621414
552 377.2916626
553 377.7515265
554 378.2056771
555 378.9265448
556 379.8635366
557 380.4288427
558 381.2691255
559 382.3242208
560 382.8582562
561 383.5279985
562 384.1705778
563 384.7538198
564 385.0600991
565 385.7128091
566 386.3828381
567 386.8714435
568 387.7212856
569 388.541917
570 389.334663
571 389.9372432
572 390.8006114
573 391.1743458
574 391.7212109
575 392.189088
576 392.8858514
577 393.3910264
578 394.0994609
579 394.5593248
580 395.0843305
581 395.498208
582 395.8890923
583 396.9738306
584 397.544432
585 398.5163948
586 399.4880978
587 399.9649937
588 401.1106402
589 401.7132205
590 402.0900199
591 402.8717885
592 403.8482276
593 404.886474
594 405.4324423
595 406.1275528
596 406.8873279
597 407.3201274
598 407.6617405
599 408.0518553
600 408.6036919
601 409.2795121
602 409.8488674
603 410.7788491
604 411.6573279
605 412.4107463
606 412.9557702
607 413.4867493
608 413.9082911
609 414.329833
610 414.8280189
611 415.4166019
612 416.1026785
613 416.5242204
614 417.2754781
615 417.4766685
616 417.8790494
617 419.2353095
618 420.1653731
619 421.1832922
620 421.6702069
621 422.279604
622 422.7040938
623 423.2253316
624 423.8651421
625 424.5806956
626 425.4832856
627 426.062894
628 426.5827401
629 427.5798434
630 428.2724933
631 428.774163
632 429.3176385
633 430.1296249
634 430.7589123
635 431.7163422
636 432.5014063
637 432.8517787
638 433.3601857
639 433.6528264
640 434.3241103
641 435.1338385
642 435.8564817
643 436.4504305
644 437.1570493
645 437.73793
646 438.7104027
647 439.6642007
648 440.3805818
649 441.6043789
650 442.0867864
651 442.8532262
652 443.5750058
653 444.1966161
654 445.1592838
655 445.9640456
656 447.1445464
657 448.3586372
658 449.0095404
659 449.8635733
660 450.6991731
661 451.3848421
662 451.8093318
663 452.1630732
664 452.8705561
665 453.4729209
666 454.2355892
667 454.5115075
668 455.290929
669 455.886047
670 457.7442411
671 458.3159995
672 458.8333463
673 459.6635715
674 460.4985865
675 461.1069651
676 461.8223089
677 462.4898933
678 462.9497572
679 463.6228054
680 464.1573048
681 464.5660727
682 465.1260532
683 465.8785577
684 466.9756822
685 467.3785361
686 468.1416511
687 469.0958447
688 469.6706746
689 470.0191661
690 470.5144041
691 471.0803904
692 471.9293698
693 472.8432117
694 473.4142395
695 474.229273
696 475.3031461
697 476.0389283
698 476.958656
699 477.4185199
700 477.9703565
701 479.3570687
702 480.0075477
703 480.5027857
704 481.1395203
705 481.3517651
706 481.7055065
707 482.1689951
708 482.8128045
709 483.6523056
710 484.0406653
711 484.8454271
712 485.5201511
713 486.5498485
714 487.9326775
715 488.4262026
716 488.8860665
717 489.4612405
718 490.1672657
719 490.9030479
720 492.1823268
721 492.4582451
722 493.4085715
723 494.1253061
724 494.7105874
725 495.2334828
726 495.9692649
727 496.651377
728 497.3317372
729 497.5825721
730 498.0008664
731 498.9205942
732 499.8491447
733 500.0344113
734 500.2971906
735 500.7570545
736 502.0694029
737 503.3591956
738 503.5431412
739 504.2789233
740 505.0183819
741 505.9381096
742 506.2564697
743 506.4864017
744 506.8887825
745 507.122463
746 507.6972928
747 508.6694061
748 509.1551239
749 510.6755282
750 511.57736
751 512.6089902
752 513.1608268
753 513.9885817
754 515.175523
755 515.5204209
756 516.3912432
757 516.6978191
758 517.5312094
759 518.279604
760 519.2249754
761 521.0036387
762 521.8211744
763 522.3553578
764 522.5225811
765 523.7564853
766 524.2231405
767 526.1643714
768 526.9001536
769 527.5576816
770 527.9664495
771 528.2196429
772 528.8765913
773 529.5335397
774 529.9277087
775 530.8185199
776 531.5123295
777 532.0524011
778 532.7421969
779 533.1151981
780 533.1765132
781 533.421774
782 533.789665
783 534.4726684
784 534.656614
785 535.1302816
786 535.4751795
787 536.3299506
788 536.5598825
789 536.7898145
790 537.2131601
791 537.8263119
792 539.0029538
793 539.2328858
794 539.5394617
795 539.9993255
796 541.3037501
797 541.418716
798 541.9935458
799 542.3384437
800 542.4534097
801 543.4130743
802 545.3320051
803 546.3904869
804 546.8503507
805 547.188312
806 547.556203
807 548.3649815
808 550.3723765
809 551.6843689
810 551.9143008
811 552.6672228
814 553.3358375
815 553.6424134
816 554.1534159
817 555.0731437
818 557.3786281
819 558.1460953
820 558.3760273
821 558.7209252
822 559.7231561
823 560.5208705
824 561.8619309
825 562.8276816
826 564.4323912
827 564.8002822
828 566.0971889
829 566.3599682
830 566.8855269
831 567.014802
832 567.4746659
833 567.8195638
834 568.6578467
836 569.9589646
837 570.5025941
838 571.5959407
839 573.59684
840 573.9034159
841 574.8231437
842 575.4362955
843 575.7428714
844 576.2670174
845 577.3734902
846 578.7530818
847 579.5663367
848 580.7159963
849 583.5428963
850 584.231312
851 585.6109036
852 586.0707674
853 587.6068153
854 587.9133912
855 588.2256613
856 588.4884406
857 588.8826096
858 589.0489976
859 590.9040904
860 591.7279085
861 592.5537501
862 592.783682
863 593.0181519
864 593.3247278
865 595.1632736
867 596.4172443
868 597.252729
869 597.4826609
870 597.7125929
871 598.3449135
872 599.5292824
873 601.3687378
874 602.2884655
875 603.1040966
876 604.0238243
877 604.9435521
879 607.8285809
880 608.6625991
881 609.2329307
882 609.7847674
884 610.1908231
886 610.6506869
887 611.2948021
891 613.2013863
892 614.5204209
893 614.9802847
894 615.9065842
895 616.4957872
896 616.6797327
897 616.8636782
898 617.5789233
899 618.4986511
900 618.9585149
901 620.2521618
903 620.8653136
904 622.4353962
905 623.3551239
906 625.5170174
907 625.9768813
909 626.896609
910 628.7360644
911 630.1557921
913 630.615656
915 631.3569225
919 632.8299506
920 634.1696205
923 634.7827723
924 635.0893482
925 635.3959241
927 636.0136139
928 636.9333416
929 638.7061387
931 639.6258664
934 640.5455942
935 641.3102146
936 641.9233664
937 642.5365182
938 643.6879868
939 643.9945627
940 644.6077146
941 644.9142905
942 646.3251982
943 647.7510273
945 648.4217823
946 649.34151
947 650.700231
948 652.8598763
950 653.779604
951 654.2331106
952 654.5396865
954 654.8462624
955 655.2292575
958 655.6891213
959 657.4353962
960 659.1374258
962 660.0571535
965 660.9768813
970 662.8163367
973 663.7360644
976 664.6557921
979 665.5755199
980 666.4952476
982 669.0020545
984 670.2544307
987 672.0938862
988 673.0272278
991 674.8666833
993 675.8530694
994 676.3863985
995 676.8462624
996 678.224505
998 682.451708
999 683.1857178
1000 683.6455817
1002 684.1054456
1004 684.5653094
1006 685.2013863
1008 688.8802972
1009 696.9170298
1010 699.2979704
1013 703.4122774
1016 707.8775578
1021 709.1038614
1023 710.2476238
1024 711.1673515
1026 712.0870792
1029 713.006807
1035 713.9265347
1039 718.231312
1044 720.1489852
1053 721.5285768
1054 723.2108911
1055 725.0503466
1059 726.2224505
1065 726.6823144
1075 727.5687129
1081 729.4081683
1083 731.7428714
1084 737.0435396
1091 737.9632673
1099 740.6489852
1120 745.8163367
1133 749.889802
1139 754.8530694
1158 758.1238119
1172 760.9265347
1225 767.4149753
1227 775.2843565
1235 778.9632673
1237 791.3115843
1251 841.1238119
1270 854
