2.062066691
2.060770445
2.060546106
2.058130449
2.056837735
2.058015441
2.058702706
2.060474887
2.060803412
2.062466381
2.062351096
2.061884783
2.060093294
2.059113611
2.05794285
2.055339012
2.052693467
2.049213236
2.0466998
2.042962351
2.040231954
2.037963408
2.035719353
2.034468734
2.033796432
2.033274458
2.031959833
2.030855888
2.031008776
2.029763115
2.029540083
2.027502831
2.026517294
2.026657593
2.026311682
2.024337825
2.023917924
2.022402834
2.02049854
2.018419989
2.016360339
2.01639106
2.015957212
2.014962832
2.014433712
2.013278876
2.010272926
2.007642512
2.007169325
2.004214726
2.000822115
1.997755539
1.996032907
1.994106539
1.993172836
1.992906704
1.992266375
1.991095333
1.990094248
1.990013413
1.988634726
1.98707472
1.985007611
1.982784836
1.981444026
1.979630666
1.978987081
1.978223832
1.976624797
1.974649578
1.973165639
1.971882384
1.970527596
1.96910276
1.966917218
1.965463922
1.963896623
1.961336567
1.959889866
1.957898059
1.956940579
1.957015478
1.956233781
1.955438252
1.953153109
1.952155742
1.951169795
1.949531224
1.948907241
1.948264978
1.947475403
1.947531147
1.94695859
1.946086881
1.945569801
1.944962773
1.944666388
1.944469667
1.94354551
1.941742498
1.941270896
1.940231958
1.938986686
1.937381123
1.936487864
1.935073637
1.933372313
1.931305427
1.929971833
1.928335051
1.927671428
1.926156782
1.924524904
1.923025104
1.921883751
1.921037192
1.919615487
1.919162884
1.918891068
1.918015902
1.917834132
1.917403982
1.917113854
1.916653585
1.916254203
1.915015047
1.914627783
1.914783048
1.914215518
1.913787609
1.911794524
1.910102342
1.909237848
1.90770708
1.907325664
1.906503248
1.905655754
1.905301187
1.905090974
1.903088831
1.901875453
1.900342193
1.899274544
1.898529482
1.89637018
1.894593614
1.893548232
1.892722007
1.891713653
1.889911882
1.889089437
1.888865853
1.888959072
1.888657838
1.888067537
1.887765866
1.886625045
1.885592635
1.884325633
1.883168497
1.882230672
1.880670665
1.879607206
1.878941617
1.878188393
1.877264925
1.875917961
1.874528025
1.874009768
1.873396379
1.873456084
1.87369594
1.872823173
1.872494804
1.872186426
1.871602204
1.870516414
1.86919918
1.868078546
1.867244217
1.866644086
1.865641856
1.864411602
1.863284091
1.862396501
1.860653104
1.859750173
1.859304417
1.857854053
1.856433368
1.855140399
1.853372009
1.852060824
1.850925685
1.850356106
1.850647464
1.849764047
1.848868568
1.848916288
1.848005873
1.847096365
1.846496801
1.845691015
1.844920322
1.843970802
1.843287362
1.842294592
1.840832503
1.84033396
1.839928031
1.839456571
1.839226747
1.838900597
1.837994438
1.836931757
1.835700565
1.834858497
1.834473124
1.833456121
1.833007348
1.832810727
1.832171725
1.830034496
1.829225794
1.828816373
1.828195041
1.826749707
1.826364285
1.826184951
1.825619849
1.824989535
1.825002302
1.825174451
1.82524493
1.825609715
1.825308368
1.825002125
1.824170781
1.823605037
1.822979797
1.822551171
1.821474141
1.820865942
1.819942848
1.819375659
1.818854466
1.817747783
1.817283993
1.81714152
1.816811583
1.816921345
1.816107826
1.81567175
1.816037758
1.816234219
1.81576184
1.814832836
1.813821707
1.813600672
1.812851804
1.812026099
1.810817739
1.810098106
1.809698728
1.809445127
1.809107288
1.808426438
1.807002385
1.806519411
1.806106702
1.805535705
1.804586366
1.803245441
1.802156027
1.801302607
1.801116935
1.800540867
1.800304207
1.800334667
1.799380888
1.798487047
1.797745339
1.795950458
1.796191163
1.795756503
1.795037543
1.794329514
1.794305684
1.793638831
1.793038541
1.791525444
1.791098759
1.789967511
1.789734036
1.789157096
1.78765751
1.786598865
1.786161678
1.785365055
1.784509085
1.784060544
1.784333726
1.783508852
1.783419424
1.782465772
1.781251343
1.780874205
1.780680778
1.780525871
1.77982641
1.780197708
1.779256923
1.779055223
1.778660838
1.777662779
1.777494751
1.776358965
1.775892474
1.775111311
1.774371021
1.773623108
1.772834347
1.772416575
1.771441797
1.770760635
1.771301845
1.77146039
1.771123693
1.770405226
1.769569305
1.768844285
1.768712958
1.767554544
1.766683356
1.76660196
1.766185052
1.765424407
1.76432961
1.764490709
1.764375819
1.763594579
1.762616256
1.761849096
1.761183793
1.759954863
1.758719016
1.757688492
1.756445552
1.756078699
1.756031843
1.755248247
1.754922805
1.753866767
1.75388482
1.753054427
1.751733362
1.751237714
1.750894466
1.749824609
1.749118906
1.748274149
1.748388277
1.747331352
1.74696499
1.746581765
1.745954772
1.745041568
1.744108572
1.743950074
1.743880008
1.7435824
1.743449765
1.742742245
1.742827228
1.742824248
1.742425342
1.742198565
1.742500488
1.742939467
1.742686609
1.742329913
1.741726809
1.741559103
1.740734493
1.740196809
1.740199099
1.739382281
1.738205946
1.737702487
1.737647762
1.73817812
1.738149845
1.737916729
1.737010129
1.73709301
1.737391596
1.736983678
1.736263713
1.735328606
1.735421394
1.734826252
1.733922531
1.732371436
1.731871719
1.731798433
1.731862914
1.731736629
1.730777934
1.730037435
1.729336592
1.729913832
1.730416905
1.730288209
1.7298953
1.729891839
1.729318925
1.72826814
1.72769279
1.728147951
1.72724572
1.726853141
1.725234041
1.724816904
1.724302897
1.724370779
1.723538107
1.723123804
1.72348211
1.723093822
1.721919775
1.721645191
1.721631255
1.721616101
1.72204314
1.721965787
1.721626554
1.721742994
1.721782641
1.721692361
1.721426743
1.721698749
1.721940901
1.72062897
1.719999174
1.719102123
1.718408226
1.717673187
1.717311665
1.717683172
1.716800769
1.716028348
1.71537402
1.713886193
1.713336083
1.713086211
1.712653695
1.712166953
1.711732062
1.711461026
1.711112148
1.710445809
1.710621886
1.711103874
1.710146284
1.709107387
1.707596671
1.706269543
1.70555314
1.704533049
1.704015567
1.703081325
1.70206709
1.701967645
1.70120597
1.700674251
1.699955475
1.700689187
1.700706731
1.700072817
1.69993817
1.699180789
1.699013171
1.698370336
1.697112099
1.696847006
1.696414698
1.695730466
1.694641687
1.694583289
1.695494537
1.69524323
1.695538997
1.693682038
1.692756653
1.692009192
1.69126543
1.691153285
1.691456863
1.691778976
1.691736266
1.690607178
1.691359178
1.691292547
1.691758366
1.691602584
1.69119598
1.691140582
1.691412702
1.691765688
1.69180938
1.691859851
1.692270976
1.691289181
1.69099934
1.691112572
1.691544818
1.690700609
1.690664615
1.690881344
1.69134194
1.691446179
1.691403916
1.691247885
1.691388357
1.691822328
1.691764529
1.692007917
1.691459731
1.691606051
1.691343476
1.690795743
1.69085364
1.690937874
1.690403069
1.689359057
1.68854581
1.687662525
1.687597629
1.687218662
1.686405838
1.686018833
1.685346532
1.685294588
1.684407187
1.684907202
1.683996022
1.683347009
1.68339309
1.683617115
1.683140108
1.683160023
1.683315916
1.682797397
1.681413273
1.680482433
1.679427899
1.678572163
1.678738098
1.678563221
1.678466654
1.677964366
1.676411142
1.67592541
1.675702495
1.675589415
1.674986418
1.674335372
1.674323916
1.674716229
1.675034348
1.675027838
1.675126133
1.674917272
1.674261074
1.673315758
1.673112735
1.67395096
1.673833832
1.673761602
1.673693009
1.673483324
1.673504496
1.673246218
1.672289813
1.671976764
1.671491876
1.670787745
1.66993389
1.669164401
1.669001056
1.668465164
1.667881842
1.667300027
1.666975424
1.66674853
1.665428626
1.664919588
1.664024964
1.664430281
1.664081304
1.664126977
1.663885052
1.664181096
1.665001006
1.665193518
1.664414626
1.663391822
1.663144078
1.662525703
1.662477686
1.66238543
1.662182856
1.662189477
1.663213212
1.66256995
1.661944881
1.661245195
1.660467092
1.65971296
1.659387007
1.65884314
1.659136567
1.6594544
1.659896316
1.659226041
1.657788427
1.656564185
1.656118891
1.655917781
1.654642136
1.654785591
1.655133267
1.655220199
1.65429586
1.653983664
1.654149434
1.653940371
1.653934236
1.653889888
1.653066256
1.652790774
1.652617145
1.651905383
1.652341525
1.652332793
1.652739732
1.653063124
1.653281448
1.652360085
1.652575274
1.65326839
1.653892283
1.653769315
1.653884074
1.652445817
1.65244193
1.651596706
1.651597929
1.651460808
1.650549068
1.64942076
1.649084692
1.649074576
1.650175474
1.649858486
1.649287084
1.649728001
1.649017674
1.649261346
1.649175902
1.648548658
1.648385742
1.648947584
1.649416017
1.649363165
1.648314159
1.648209723
1.647665869
1.646525234
1.645589081
1.645313436
1.646158348
1.644838374
1.644508387
1.644823498
1.644210999
1.643394012
1.643887584
1.642326082
1.64096514
1.639587051
1.63858927
1.637983793
1.637974394
1.638063933
1.637029732
1.636255163
1.636394258
1.637126034
1.637079284
1.636865867
1.637297494
1.636905018
1.637386259
1.637592412
1.636555704
1.636226026
1.635908741
1.635795694
1.635102511
1.634364
1.634359532
1.632932094
1.633749323
1.634800846
1.634612071
1.634005044
1.633685904
1.633325918
1.632327557
1.632960213
1.633277935
1.633051073
1.633084266
1.633515678
1.633181701
1.632259446
1.630701953
1.629793465
1.630213228
1.630439183
1.629220104
1.629208022
1.628928334
1.628960029
1.629261802
1.627989924
1.627428809
1.62679681
1.626795937
1.626664043
1.625102576
1.624789423
1.624248948
1.623832348
1.623423383
1.62276623
1.622214554
1.621618017
1.621694401
1.621563858
1.621916384
1.621965488
1.621051507
1.619074213
1.618230214
1.617235588
1.617218364
1.616876115
1.615798882
1.615304763
1.613366151
1.613642124
1.614247827
1.613853402
1.615035006
1.615268649
1.615589522
1.616221581
1.616852612
1.616461354
1.616519567
1.616684477
1.617335153
1.617351265
1.616753915
1.616687467
1.617250222
1.617491276
1.616664691
1.616931942
1.615932537
1.615366895
1.614527213
1.614403157
1.614422457
1.61418608
1.614304634
1.613867248
1.614181112
1.61505336
1.614250036
1.613246795
1.612736017
1.613469691
1.61346078
1.613348033
1.613948294
1.614233179
1.613581319
1.613243408
1.614034506
1.614613774
1.614262921
1.613590022
1.612995841
1.612399556
1.612486142
1.612395448
1.611792998
1.609326095
1.609849337
1.610642734
1.610981736
1.611004216
1.611738973
1.61171282
1.611870444
1.612584318
1.611885038
1.611859089
1.611092475
1.608685316
1.606534083
1.607113414
1.607969254
1.609015583
1.607929796
1.608099943
1.606866765
1.607053516
1.607257202
1.607637723
1.607663363
1.608249561
1.607685345
1.606518188
1.60585908
1.605635458
1.604282714
1.604424658
1.604453521
1.604045851
1.603878356
1.603375147
1.602536477
1.601103796
1.601827998
1.602055268
1.602827095
1.603597971
1.604387344
1.603552935
1.602716809
1.601414424
1.600590491
1.599204309
1.598864961
1.598154197
1.598104893
1.598858687
1.599490579
1.599747358
1.60053972
1.599389904
1.598141797
1.598598418
1.597452907
1.597335211
1.596813631
1.597491139
1.598464036
1.599282033
1.599015741
1.598637824
1.598063669
1.598401583
1.597981429
1.597141497
1.598507519
1.599373313
1.59810021
1.597926938
1.598320079
1.598654971
1.599314496
1.597441746
1.59732642
1.596986858
1.596638483
1.596794148
1.597713073
1.598441625
1.598128796
1.598019661
1.596241477
1.596534025
1.596365429
1.595685855
1.595499289
1.594705215
1.592581608
1.592418805
1.591400434
1.589751362
1.590163956
1.590739107
1.590678591
1.591633576
1.59190163
1.591181149
1.592216351
1.592654245
1.593690222
1.593279656
1.593516745
1.592632965
1.59316013
1.593503231
1.591819893
1.5921225
1.592544159
1.590959796
1.591984788
1.589631575
1.589095993
1.587227491
1.587451574
1.58637802
1.587395556
1.586802702
1.586535018
1.584274952
1.58399973
1.583241462
1.584059098
1.581773279
1.581972519
1.58150328
1.581551151
1.58213444
1.581429526
1.581477323
1.580658627
1.579395883
1.579646211
1.579948508
1.578679832
1.579211479
1.580361844
1.58059362
1.580641766
1.580083791
1.580718331
1.580335472
1.57848777
1.579288388
1.579459006
1.579882886
1.580681193
1.58041715
1.581463711
1.581723042
1.58151334
1.581560035
1.581813529
1.578674584
1.576298551
1.576419905
1.5746394
1.57561338
1.575736798
1.576163555
1.576460027
1.578769103
1.577389493
1.577145688
1.577887142
1.578774901
1.57934737
1.577290493
1.577705565
1.57651719
1.575174763
1.575589554
1.576003771
1.57402312
1.57428214
1.573639155
1.5741257
1.57082185
1.570474535
1.569459998
1.569659051
1.569757552
1.570629712
1.56831246
1.569081004
1.566420178
1.563224524
1.561927367
1.559836183
1.560951414
1.560688271
1.561101291
1.561776276
1.562975847
1.562520652
1.562209741
1.563069259
1.563769289
1.564178363
1.565110653
1.565854696
1.565330183
1.564692001
1.565125206
1.566053423
1.566981021
1.567977309
1.567337476
1.565295254
1.561454872
1.559716708
1.55668445
1.555679591
1.555745496
1.55408645
1.554638521
1.555772207
1.556339813
1.555572574
1.555638207
1.555922091
1.556325696
1.556877424
1.556772703
1.557290324
1.555532101
1.553800817
1.551932295
1.552836937
1.551603067
1.555313411
1.557115692
1.553653959
1.554385985
1.555117383
1.553107966
1.552649184
1.553378541
1.554107276
1.55518049
1.555576091
1.554431255
1.554232165
1.554950377
1.555344658
1.553848385
1.549871102
1.54564034
1.541760166
1.540806044
1.540562094
1.542515093
1.544694244
1.543510041
1.544226145
1.544941652
1.543297104
1.54369054
1.54345204
1.541276003
1.5404888
1.543578093
1.544846704
1.546178533
1.54656715
1.548211505
1.546692019
1.545173888
1.545536055
1.547666254
1.548458928
1.549251045
1.550024495
1.547682421
1.547119117
1.546995325
1.547063658
1.546010386
1.544720987
1.542718174
1.542789546
1.541614324
1.543569788
1.542395719
1.544402968
1.5448175
1.545757612
1.546697269
1.548575224
1.546503461
1.547347052
1.541443144
1.538334613
1.535471971
1.534938475
1.535698923
1.535670902
1.537340938
1.536840281
1.528393555
1.527358203
1.525662469
1.527397562
1.527935776
1.526531054
1.525254711
1.526897474
1.528538326
1.528868999
1.528995516
1.530629284
1.533520207
1.533891147
1.534195766
1.534388507
1.533518262
1.533711071
1.533903614
1.534536545
1.540208454
1.542120845
1.541984255
1.54198075
1.542344043
1.540765501
1.542079977
1.542147775
1.541031332
1.542852219
1.544745336
1.546637015
1.545196214
1.542266909
1.54000561
1.530474517
1.53205812
1.52599862
1.524692251
1.52420443
1.529850534
1.528641829
1.528151838
1.528868665
1.527891434
1.525837732
1.523755485
1.523074283
1.526180648
1.52512013
1.522139189
1.519614628
1.520591638
1.518941816
1.515182093
1.517020561
1.513296168
1.514715611
1.514257341
1.510975314
1.519442718
1.517596064
1.516359238
1.525821549
1.532044338
1.533062251
1.53043198
1.512027311
1.498569715
1.511876415
1.511205608
1.47636404
1.495118415
1.479812113
1.470262536
1.471494413
1.468936567
1.466835913
1.481259205
1.507028112
