12 7 0.510187
22 7 0.510187
32 7 0.510187
42 7 0.510187
12 8 0.664019
22 8 0.664019
32 8 0.664019
42 8 0.664019
12 9 0.772363
22 9 0.772363
32 9 0.772363
42 9 0.772363
50 8 1.76561
51 8 0.923632
52 8 0.815836
53 8 0.753596
54 8 1.29566
55 8 1
56 8 1.32746
57 8 0.745508
58 8 0.715228
59 8 1.11277
60 8 0.768545
61 8 0.666423
62 8 0.619767
63 8 1.03095
64 8 0.745518
65 8 1.03695
50 7 0.589371
51 7 0.596407
52 7 0.62949
53 7 0.626114
54 7 0.950819
55 7 0.706619
56 7 0.937276
57 7 0.581994
58 7 0.556651
59 7 1.5973
60 7 0.565503
61 7 0.615517
62 7 0.577016
63 7 0.602872
64 7 0.544885
65 7 0.57092
50 9 0.476817
51 9 0.55911
52 9 0.586674
53 9 0.603465
54 9 1.00142
55 9 0.808805
56 9 1.05332
57 9 0.553443
58 9 0.567972
59 9 3.77353
60 9 1.02506
61 9 1.45816
62 9 1
63 9 1.43277
64 9 0.756451
65 9 0.849375
14 7 0.467395
24 7 0.467395
34 7 0.467395
44 7 0.467395
14 8 0.560306
24 8 0.560306
34 8 0.560306
44 8 0.560306
14 9 0.851133
24 9 0.851133
34 9 0.851133
44 9 0.851133
 
