0 15 756.055
3 15 850.458
1 15 684.311
0 0 174.53
3 0 114.492
1 0 124.213
0 1 151.307
3 1 166.327
1 1 118.961
0 2 158.718
3 2 10.716
1 2 131.754
0 3 175.215
3 3 208.393
1 3 168.373
0 4 132.312
3 4 99.0482
1 4 9.65809
0 5 152.291
3 5 122.919
1 5 132.662
0 6 211.131
3 6 165.035
1 6 153.276
0 7 176.555
3 7 196.685
1 7 141.652
0 8 271.076
3 8 273.666
1 8 248.394
0 9 240.508
3 9 194.035
1 9 203.176
0 10 195.108
3 10 204.856
1 10 199.316
0 11 10
3 11 10.716
1 11 9.65809
0 12 230.511
3 12 235.415
1 12 178.319
0 13 274.538
3 13 252.591
1 13 203.8
0 14 182.145
3 14 172.639
1 14 134.706
