0 0 8181.82
0 1 8204.86
0 2 8223.84
0 3 8180.92
0 4 8208.84
0 5 8199.46
0 6 8240.82
0 7 8227.93
0 8 8192
0 9 8204.52
0 10 8189.62
0 11 8241.56
0 12 8201.32
0 13 8214.04
0 14 8225.5
0 15 8179.94
1 0 8197.83
1 1 8160.31
1 2 8191.03
1 3 8164.09
1 4 8213.62
1 5 8170.78
1 6 8210.14
1 7 8202.08
1 8 8171.17
1 9 8184.67
1 10 8191
1 11 8176.94
1 12 8180.6
1 13 8218.92
1 14 8181.83
1 15 8208.52
2 0 0
2 1 0
2 2 0
2 3 0
2 4 0
2 5 0
2 6 0
2 7 0
2 8 0
2 9 0
2 10 0
2 11 0
2 12 0
2 13 0
2 14 0
2 15 0
3 0 8192.76
3 1 8198.46
3 2 8209.34
3 3 8177.17
3 4 8206.9
3 5 8186.55
3 6 8169.87
3 7 8195.6
3 8 8192.82
3 9 8188.02
3 10 8170.67
3 11 8153.78
3 12 8202.75
3 13 8183.65
3 14 8207
3 15 8185.18
