0 0 8181.98
0 1 8204.81
0 2 8223.84
0 3 8180.78
0 4 8208.88
0 5 8199.26
0 6 8240.72
0 7 8228.02
0 8 8192.14
0 9 8204.62
0 10 8189.76
0 11 8241.23
0 12 8200.95
0 13 8214.18
0 14 8225.33
0 15 8179.85
1 0 8197.66
1 1 8160.36
1 2 8191.07
1 3 8164.22
1 4 8213.45
1 5 8170.71
1 6 8210.07
1 7 8202.31
1 8 8171.17
1 9 8185.22
1 10 8190.79
1 11 8176.65
1 12 8180.45
1 13 8219.22
1 14 8181.74
1 15 8208.52
2 0 0
2 1 0
2 2 0
2 3 0
2 4 0
2 5 0
2 6 0
2 7 0
2 8 0
2 9 0
2 10 0
2 11 0
2 12 0
2 13 0
2 14 0
2 15 0
3 0 8192.56
3 1 8198.39
3 2 8209.27
3 3 8177.08
3 4 8207.13
3 5 8186.6
3 6 8169.75
3 7 8195.69
3 8 8192.89
3 9 8187.9
3 10 8170.81
3 11 8153.76
3 12 8202.58
3 13 8183.74
3 14 8206.96
3 15 8185.39
