0 0 8182.24
0 1 8204.8
0 2 8223.74
0 3 8180.98
0 4 8209.18
0 5 8199.2
0 6 8240.57
0 7 8228
0 8 8192.16
0 9 8204.63
0 10 8189.78
0 11 8241.33
0 12 8201.2
0 13 8214.1
0 14 8225.42
0 15 8179.98
1 0 8198.02
1 1 8160.39
1 2 8191.17
1 3 8164.3
1 4 8213.4
1 5 8170.43
1 6 8210.11
1 7 8202.27
1 8 8171.03
1 9 8185.27
1 10 8191.07
1 11 8177.17
1 12 8180.28
1 13 8219.01
1 14 8181.65
1 15 8208.43
2 0 0
2 1 0
2 2 0
2 3 0
2 4 0
2 5 0
2 6 0
2 7 0
2 8 0
2 9 0
2 10 0
2 11 0
2 12 0
2 13 0
2 14 0
2 15 0
3 0 8192.65
3 1 8198.4
3 2 8209.14
3 3 8177.15
3 4 8206.9
3 5 8186.26
3 6 8169.35
3 7 8195.58
3 8 8192.76
3 9 8187.94
3 10 8170.85
3 11 8154.23
3 12 8202.87
3 13 8183.9
3 14 8207
3 15 8185.28
