# Color = pwflag + 1
17.255 -30.774 -19.271 1
-16.76 30.748 22.439 2
-38.029 -16.801 17.077 1
44.127 -19.53 -0.026 1
-32.666 -23.649 -16.569 1
-35.15 -25.353 0.001 1
-26.951 -12.076 33.956 1
2.183 21.916 37.23 1
-20.76 -9.248 39.595 1
21.067 -9.352 -39.363 1
-20.416 -14.866 -43.629 1
-2.512 22.685 -42.474 1
-4.633 42.326 -17.843 1
24.683 -17.875 36.982 1
-44.722 -20.023 -0.03 1
1.503 -0.671 -2.028 1
36.933 -26.455 -0.206 1
11.347 -7.752 23.689 1
34.19 -24.707 16.155 1
-4.715 44.312 0.077 1
-21.993 -15.942 -33.652 1
-0.367 -0.002 -0.935 5
0.339 -0.749 -0.435 6
