# Color = pwflag + 1
-0.109 0.225 0.18 1
44.146 -19.518 -0.027 1
-4.736 44.114 0.09 1
-34.002 -24.725 -17.26 1
-22.617 -16.451 -34.64 1
-4.565 42.45 -17.906 1
-38.18 -16.902 17.161 1
22.147 -9.796 -41.36 1
-20.729 -15.062 -44.263 1
13.952 -6.208 -6.237 1
6.782 3.017 -8.534 1
-40.72 -29.559 0.028 1
6.769 63.399 26.256 1
-3.105 29.908 -37.518 1
-38.28 -17.076 -0.032 1
3.021 29.26 36.534 1
2.189 21.92 37.23 1
18.149 -12.692 38.19 1
-20.415 -9.072 38.928 1
-2.223 21.203 -39.652 1
0.18 -0.074 -0.802 5
