# Color = pwflag + 1
3.453 -0.829 0.911 1
-27.531 -12.276 34.596 1
-9.354 2.938 -4.215 1
2.468 -0.598 0.831 1
0.775 -0.035 0.597 1
6.235 -1.541 3.021 1
-1.544 0.524 -0.726 1
3.211 -1.638 2.164 1
2.529 -1.161 1.54 1
-1.317 -0.377 -0.941 1
0.807 -0.453 0.227 1
-1.641 0.992 -1.409 1
-1.452 0.721 -0.754 1
-1.506 1.205 -0.889 1
1.525 -0.333 0.646 2
1.439 -0.4 0.714 1
-0.638 0.16 -0.202 1
23.618 -16.788 35.22 1
-0.563 0.002 -0.225 1
0.348 0.054 -0.4 1
-20.955 -9.309 39.873 1
-0.165 -0.144 -0.527 1
-1.71 0.888 -0.577 1
-38.54 -17.084 17.277 1
-4.249 1.35 -2.279 1
1.297 -0.303 0.774 1
1.471 -0.449 1.042 1
34.449 -25.054 16.368 1
4.748 45.356 0.005 1
0.376 -0.004 0.285 1
18.478 -13.366 39.368 1
2.01 -0.663 1.054 5
2.905 -1.042 1.732 5
-1.712 0.613 -0.657 5
-3.918 1.613 -1.771 5
-4.249 1.917 -1.769 5
-0.671 -0.275 0.37 5
1.11 -1.388 0.419 5
2.908 -0.657 1.69 5
0.851 -0.136 -0.259 5
0.787 -0.727 0.548 6
-0.897 -0.046 -0.354 6
0.647 -1.21 0.67 6
3.304 -1.764 0.707 6
