0 15 726.473
0 0 250.853
0 1 202.155
0 2 253.561
0 3 227.434
0 4 160.769
0 5 179.071
0 6 283.997
0 7 218.069
0 8 323
0 9 285.925
0 10 247.89
0 11 1000000000000000
0 12 302.051
0 13 358.544
0 14 280.886
1 15 686.23
1 0 196.388
1 1 196.929
1 2 211.694
1 3 262.236
1 4 1000000000000000
1 5 188.276
1 6 221.84
1 7 206.681
1 8 342.823
1 9 287.429
1 10 252.54
1 11 1000000000000000
1 12 220.27
1 13 270.124
1 14 265.354
3 15 780.391
3 0 158.137
3 1 240.118
3 2 1000000000000000
3 3 258.727
3 4 130.928
3 5 194.275
3 6 248.399
3 7 262.356
3 8 352.944
3 9 268.619
3 10 279.934
3 11 1000000000000000
3 12 298.187
3 13 327.248
3 14 257.081
