       L1_SingleJetC 07		0		128.   -1.   -1.   -1.   4.5  -1  5.0 1 0		  
        L1_DoubleJet 01		0		 56.   56.   -1.   -1.   4.5  -1  5.0 1 0
         L1_QuadJetC 02		0 		 36.   36.   36.   36.   4.5  -1  5.0 1 0
           L1_SixJet 03		0 		 32.   32.   32.   20.   4.5  -1  5.0 1 0
	    
      L1_SingleTkJet 107	1		128.   -1.   -1.   -1.   4.5  -1  5.0 1 0		  
      L1_DoubleTkJet 101	1		 56.   56.   -1.   -1.   4.5  -1  5.0 1 0	    
        L1_QuadTkJet 102	1 		 36.   36.   36.   36.   4.5  -1  5.0 1 0
	 	    
              L1_ETM 10		0		 36.   -1.   -1.   -1.  -1.   -1  5.0 1 0
              L1_HTT 11		0		150.   -1.   -1.   -1.  -1.   -1  5.0 1 0
              L1_HTM 13		0		 36.   -1.   -1.   -1.  -1.   -1  5.0 1 0

            L1_TkETM 110	1		 36.   -1.   -1.   -1.  -1.   -1  5.0 1 0
            L1_TkHTT 111	1		150.   -1.   -1.   -1.  -1.   -1  5.0 1 0
            L1_TkHTM 113	1		 36.   -1.   -1.   -1.  -1.   -1  5.0 1 0


         L1_SingleEG 20		0		 22.   -1.   -1.   -1.   4.5  -1  10. 1 0
      L1_SingleIsoEG 21		0		 22.   -1.   -1.   -1.   4.5  -1  10. 1 0
    L1_SingleEG_CJet 22		0		 15.   20.   -1.   -1.   4.5  -1  10. 1 0
 L1_SingleIsoEG_CJet 23		0		 15.   35.   -1.   -1.   4.5  -1  10. 1 0
     L1_SingleEG_HTM 26		0		 15.   20.   -1.   -1.   4.5  -1  10. 1 0
  L1_SingleIsoEG_HTM 27		0		 15.   30.   -1.   -1.   4.5  -1  10. 1 0

      L1_SingleTkEle 120	1		 22.   -1.   -1.   -1.   4.5  -1  10. 1 0
   L1_SingleIsoTkEle 121	1		 22.   -1.   -1.   -1.   4.5  -1  10. 1 0
      L1_TkEle_TkJet 122	1		 15.   20.   -1.   -1.   4.5  -1  10. 1 0
      L1_TkEle_TkHTM 126	1		 15.   20.   -1.   -1.   4.5  -1  10. 1 0

         L1_SingleMu 30		0		 16.   -1.   -1.   -1.   2.1   3  10. 1 0
      L1_SingleIsoMu 31		0		 16.   -1.   -1.   -1.   2.1   3  10. 1 0			
    L1_SingleMu_CJet 32		0		 12.   20.   -1.   -1.   2.1   3  10. 1 0
     L1_SingleMu_HTM 36		0		 12.   20.   -1.   -1.   2.1   3  10. 1 0

       L1_SingleTkMu 130	1		 16.   -1.   -1.   -1.   2.1   3  10. 1 0
    L1_SingleIsoTkMu 131	1		 16.   -1.   -1.   -1.   2.1   3  10. 1 0			
       L1_TkMu_TkJet 132	1		 12.   20.   -1.   -1.   2.1   3  10. 1 0
       L1_TkMu_TkHTM 136	1		 12.   20.   -1.   -1.   2.1   3  10. 1 0

        L1_SingleTau 40		0		 30.   -1.   -1.   -1.   4.5  -1  10. 1 0
     L1_SingleIsoTau 44		0		 30.   -1.   -1.   -1.   4.5  -1  10. 1 0		  

      L1_SingleTkTau 140	1		 30.   -1.   -1.   -1.   4.5  -1  10. 1 0
   L1_SingleIsoTkTau 144	1		 30.   -1.   -1.   -1.   4.5  -1  10. 1 0		  


        L1_DoubleTau 50		0		 44.   44.   -1.   -1.   4.5  -1  10. 1 0
         L1_DoubleEG 51		0		 12.    7.   -1.   -1.   4.5  -1  8.0 1 0
         L1_DoubleMu 52		0		 12.   3.5   -1.   -1. 	 5.    3  8.0 1 0
            L1_EG_Mu 53		0		 12.   3.5   -1.   -1. 	 5.    3  8.0 1 0
           L1_EG_Tau 54		0		 17.   20.   -1.   -1.  -1.   -1  8.0 1 0
         L1_isoEG_EG 57		0		 12.    7.   -1.   -1.   4.5  -1  8.0 1 0
       L1_isoTau_Tau 58		0		 20.   20.   -1.   -1.   4.5  -1  8.0 1 0
         L1_isoEG_Mu 59		0		 12.   3.5   -1.   -1. 	 4.5   3  8.0 1 0
        L1_isoEG_Tau 60		0		 10.   20.   -1.   -1.   4.5  -1  8.0 1 0
        L1_isoMu_Tau 61 	0		 10.   20.   -1.   -1.   4.5   3  8.0 1 0
         L1_isoMu_EG 62 	0		 12.    7.   -1.   -1.   5.    3  8.0 1 0
         L1_isoMu_Mu 63 	0		 12.    3.5  -1.   -1.   5.    3  8.0 1 0

      L1_DoubleTkEle 151	1		 12.    7.   -1.   -1.   4.5  -1  8.0 1 0
       L1_DoubleTkMu 152	1		 12.   3.5   -1.   -1. 	 5.    3  8.0 1 0      
      L1_DoubleTkTau 150	1		 44.   44.   -1.   -1.   4.5  -1  10. 1 0      
         L1_TkEle_EG 157	1		 12.    7.   -1.   -1.   4.5  -1  8.0 1 0
         L1_TkEle_Mu 153	1		 12.   3.5   -1.   -1. 	 5.    3  8.0 1 0
        L1_TkEle_Tau 154	1		 17.   20.   -1.   -1.  -1.   -1  8.0 1 0
      L1_TkEle_TkTau 171	1		 17.   20.   -1.   -1.  -1.   -1  8.0 1 0
          L1_TkMu_Mu 163 	1		 12.    3.5  -1.   -1.   5.    3  8.0 1 0
        L1_TkTau_Tau 158	1		 20.   20.   -1.   -1.   4.5  -1  8.0 1 0
      
