# 1 = ball
# 2 = lepton
# 3 = photon
# 4 = PID > 100
# 5 = neutrino
# 6 = other
-0.000585168 0.000822093 0.00511116 3
8.49367 2.18489 -1.98451 4
-0.707403 -0.430147 -0.295162 4
0.270386 -0.722926 0.640149 4
-0.467464 -0.211906 -0.271215 4
-4.49459 -2.90414 2.32542 4
-0.512177 0.0662757 0.285158 4
-3.68463 -1.14909 0.723326 4
0.616096 1.28914 -0.540773 4
0.96487 -0.0696352 0.237778 4
-7.05366 -2.67171 2.66639 4
-3.40128 -1.21126 1.7249 4
-5.28994 -1.48053 1.66763 4
11.4558 3.68356 -4.78532 3
10.8628 3.44356 -4.39988 3
0.181778 0.335404 0.0251174 3
0.591077 1.1374 -0.162133 3
-0.0112755 -0.0127615 0.0223975 3
-1.47574 -0.809447 0.660531 3
1.78609 2.24867 -0.952815 3
2.05978 2.39286 -1.11843 3
0.058146 -0.228995 0.144411 3
-0.0319338 -0.0166774 0.0637707 3
-0.321636 -0.305373 0.213745 3
-0.105654 -0.19294 0.0362628 3
-1.53923 -0.940201 0.464895 3
-0.684661 -0.367835 0.281424 3
-1.90646 -0.826273 0.621768 3
-5.65218 -2.23074 1.70005 3
