# 1 = ball
# 2 = lepton
# 3 = photon
# 4 = PID > 100
# 5 = neutrino
# 6 = other
0.0322579 -0.0502793 0.0247791 3
-0.0452085 0.0212961 0.146277 3
12.7688 -21.8434 -3.4061 4
3.49446 -6.52002 -0.898747 4
-1.98224 3.22471 0.684028 4
0.448663 -3.62264 -0.513796 4
0.716386 -1.85783 -0.320759 4
0.118517 0.0156551 0.231936 4
0.49781 -0.248017 0.179144 4
-0.156901 0.0699657 0.0169899 4
-4.09425 9.1216 1.4507 4
-1.15037 3.19762 0.692419 4
-8.97411 15.7941 2.30658 4
1.78985 -3.68466 -0.949632 4
-0.309737 0.392728 -0.0540233 4
-0.0879468 0.545218 0.133149 4
-1.45731 2.26812 0.111187 3
-1.30241 1.82954 0.154137 3
0.362044 -0.725808 -0.313533 3
0.0477902 -0.220076 -0.0413438 3
-0.25532 1.30742 0.415494 3
-0.0287725 0.605819 0.213479 3
-0.289421 0.292305 -0.125163 3
-0.142562 0.0866623 -0.137195 3
