# 1 = ball
# 2 = lepton
# 3 = photon
# 4 = PID > 100
# 5 = neutrino
# 6 = other
0.52505 -0.165024 2.04729 3
-0.60576 1.3631 0.826797 4
-0.776926 2.15431 1.29547 4
0.52286 0.535624 -0.0208921 4
0.482061 1.1772 -0.388301 4
1.54974 -0.47862 -1.02398 4
0.124528 -0.691741 -0.0636288 4
-0.0602365 -0.170748 -0.141726 4
4.60681 -15.4537 -9.87442 4
-7.33882 14.0928 10.3967 4
-1.59548 3.11937 1.85347 4
-1.23615 2.13784 1.24002 4
-0.578892 0.370764 0.287887 4
0.966149 0.137096 -0.172712 4
0.872793 0.282531 -0.170719 4
1.20675 -3.39709 -1.71183 4
1.94334 -7.07253 -4.3133 4
1.24817 -0.260052 -0.305715 4
-0.652297 1.22208 0.815251 3
-3.17192 5.41974 3.5248 3
1.0301 -1.83765 -1.28197 4
-0.0024891 -0.00833887 -0.0702807 3
0.806899 -1.64306 -1.04401 3
0.320414 -0.491262 -0.366856 3
-0.315618 0.498439 0.193335 3
-0.312159 0.57946 0.362866 3
-0.140503 0.264091 0.353383 3
-0.0502711 -0.00342306 0.0729201 3
-0.124683 -0.068827 -0.079278 3
-0.00643275 0.0325875 0.0185318 3
0.0662126 -0.186627 -0.372433 3
0.0136134 -0.0967616 -0.0478642 3
0.000457669 -0.127541 -0.0836867 3
0.124069 -0.0967067 -0.1831 3
0.0341067 -0.17024 -0.195494 3
0.524511 -0.967073 -1.37652 3
