# 1 = ball
# 2 = lepton
# 3 = photon
# 4 = PID > 100
# 5 = neutrino
# 6 = other
3.14518 -2.57278 0.289254 4
-3.13615 1.62824 0.225329 4
-0.268702 0.37853 -0.181903 4
0.454635 -0.0563643 -0.221451 4
-0.374055 -0.213992 -0.1413 4
0.462974 -0.407848 0.333373 3
0.128518 -0.0810309 0.039892 3
-0.0314786 0.120595 0.576736 3
-0.00720374 -0.0238731 0.0247428 3
7.51161 -3.67047 0.330334 5
8.73466 -8.28498 -0.0816335 2
-0.64027 0.482258 -0.0350109 3
-24.0081 17.9451 -1.56125 4
1.27084 -0.943967 0.113992 3
-0.821693 1.04186 -0.198159 4
-2.60524 0.919752 0.475317 4
-2.91643 1.90547 -0.065562 3
-0.261564 0.218582 -0.0199716 3
1.67296 -1.077 0.0727483 4
4.04489 -2.42184 -0.145255 4
-0.831345 0.774088 -0.0365859 3
-0.384294 0.243278 -0.000283481 3
0.827031 -0.538071 0.148345 4
3.233 -1.96792 0.00549133 4
1.36554 -1.01579 0.0614312 3
3.43473 -2.38181 -0.00861702 3
