# 1 = ball
# 2 = lepton
# 3 = photon
# 4 = PID > 100
# 5 = neutrino
# 6 = other
4.50944 -2.5122 1.71647 4
6.15313 -3.27494 2.61141 4
1.06214 -0.794756 0.964816 4
1.00173 -0.171659 0.132049 4
-0.468221 -0.0750933 -0.209567 4
-0.105311 -0.0278875 -0.486221 4
-1.78617 0.781394 -0.367866 4
-11.6849 5.35583 -5.9153 4
-2.55277 1.61552 -1.76506 4
-0.0480166 0.226035 -0.0939011 4
-2.8724 0.868829 -0.97716 4
9.67374 -5.03124 3.6704 4
2.24114 -1.79567 1.6447 3
0.290056 -0.203261 0.0840826 4
0.817568 -0.24087 0.272543 4
0.388194 -0.119276 0.136925 4
-0.0182099 -0.125103 0.157958 4
-0.798023 0.852377 0.170092 3
0.0039012 0.451482 0.126753 3
-0.0180997 0.0666819 -0.0546574 3
-0.258237 0.324518 -0.0212573 3
6.08605 -3.30255 3.12243 4
0.475804 -0.296006 0.310059 3
2.13441 -1.00653 1.35758 3
0.391401 -0.110672 0.159171 3
0.27889 0.00353652 0.197916 3
0.205695 0.144503 -0.0118876 3
0.286456 0.0566597 0.0674041 3
0.118463 0.0742957 0.0796021 3
0.166388 0.12804 -0.0467761 3
-4.78131 2.31562 -1.63805 4
-4.05181 1.99442 -2.12875 4
-0.289008 0.215777 -0.140754 3
-0.901848 0.40282 -0.437755 3
-1.02821 0.552417 -0.305827 3
-0.264003 0.111701 -0.140654 3
-3.02966 1.701 -1.56453 3
-1.32838 0.844275 -0.676381 3
