# 1 = ball
# 2 = lepton
# 3 = photon
# 4 = PID > 100
# 5 = neutrino
# 6 = other
-0.0956086 -0.0889714 0.00690794 4
1.80246 0.483072 -0.839874 4
3.60485 1.59928 -2.99703 4
-1.04964 -0.23125 0.589445 4
0.0900668 0.262347 0.53593 4
-0.393738 -0.206888 0.0351231 4
-0.327696 0.0671973 -0.413831 4
1.172 2.88784 -4.34283 4
0.4064 0.218003 -0.402223 4
-0.0799084 0.378323 -0.686888 4
-0.16877 4.8094 -5.18677 4
1.12683 0.955285 -0.759178 4
3.84018 1.70634 -3.20723 4
1.24004 0.705974 -1.5245 4
-5.78397 -7.58638 10.118 4
-0.698312 -0.892316 0.913496 4
0.129019 -0.11895 -0.111687 4
0.229832 0.54689 1.40281 4
0.798589 1.10758 -0.212358 4
-0.372676 0.300046 -0.910935 4
0.309605 1.13587 -1.22564 4
-0.00631398 0.261495 -0.736576 4
-2.19501 -3.20347 5.76401 4
-0.298611 -0.409017 0.47885 3
-3.09426 -5.00618 5.67568 3
-0.213566 -0.259335 0.338576 3
-0.35914 -0.25874 0.609197 3
-0.606342 -0.539498 1.28163 3
0.0458499 0.0942659 -0.0534611 4
0.283492 0.111494 -0.40254 4
-0.0229857 0.316253 -0.156201 3
-0.0430727 0.168282 0.0114339 3
0.372984 0.59469 -1.08202 4
0.326901 0.695829 -0.743162 4
0.838516 0.602306 -1.56781 3
0.431296 0.204312 -0.668206 3
-0.856621 -1.43481 1.49569 3
-1.26434 -1.87691 2.15771 3
0.0484914 -0.215339 0.182556 3
-0.0154424 -0.474787 0.207561 3
-0.00941581 0.0361187 -0.0991147 3
0.127951 0.192968 -0.137876 3
0.059113 0.218005 -0.244695 3
0.670966 2.14339 -3.09194 3
