# 1 = ball
# 2 = lepton
# 3 = photon
# 4 = PID > 100
# 5 = neutrino
# 6 = other
0.0217931 0.000115191 -0.15804 4
-1.11072 0.064327 -0.218268 4
-0.0921433 -0.0295184 0.0247353 4
-0.0370529 0.596409 0.19748 4
-0.0181447 0.906824 0.0826363 4
-2.01516 1.84241 -0.829472 4
2.58984 -2.52228 -0.168446 4
3.64456 -4.4686 1.18829 4
0.295774 -0.367838 0.198343 4
0.967024 -0.442205 1.25926 4
0.162732 -0.00381446 0.426498 4
0.929164 -0.380312 -0.0684425 4
0.870489 -0.356966 0.0921459 4
2.22391 -1.00282 0.105127 4
-1.37254 1.29786 -0.665474 4
2.85906 -2.81332 0.898641 4
0.0226586 -0.0447472 0.0874614 3
0.140032 -0.142184 0.0177803 3
3.24798 -2.9861 2.89819 4
1.28207 -1.9444 0.490821 4
9.05158 -6.95261 6.2162 4
3.32855 -2.58702 1.81243 4
0.00992303 0.0230584 0.0529963 3
0.146145 -0.123012 0.0861222 3
-1.9835 2.11619 -1.03507 4
-2.35049 1.80491 -1.42197 4
-4.07293 3.59139 -2.27118 4
-0.847486 0.615206 -0.384456 4
-0.460811 0.250755 -0.338689 4
-1.35191 0.79549 -0.660295 3
-1.88242 1.78636 -0.683291 3
-11.2321 8.95124 -5.66115 4
-1.18598 0.751102 -0.377071 3
-0.146746 0.0774675 0.00034136 3
-0.494931 0.484018 -0.441878 3
-0.295404 0.195417 -0.147703 3
-0.842874 1.01719 -0.604598 4
