# 1 = ball
# 2 = lepton
# 3 = photon
# 4 = PID > 100
# 5 = neutrino
# 6 = other
-0.000830842 0.00079105 0.000358311 3
-1.23152 -0.460215 -4.07684 4
-0.0255143 -0.150066 -1.02812 4
-0.0184883 -1.05346 -0.340918 4
-0.00681366 -1.09098 -0.108387 4
0.376398 -0.751982 0.0652757 4
0.0939632 0.453672 0.268989 4
2.97891 10.8041 17.6959 4
-4.51985 0.840197 -18.4936 4
0.119673 -1.25293 -2.24655 4
-0.155823 -0.237452 -0.308556 4
0.12956 -1.60634 -0.922167 4
-0.0591187 -2.452 -0.899611 4
0.0188613 -1.17189 0.76153 4
-0.200066 -0.23169 0.493509 4
0.360343 0.842305 0.991898 4
2.10406 3.79042 6.70074 4
-0.0634539 -0.171511 -0.317067 4
-0.0628789 -0.0601963 -0.707359 4
-0.105865 -0.179413 -0.293345 4
-0.271294 -0.320568 -0.119765 4
-0.328622 -2.38777 -0.632424 3
-0.110345 -0.467844 -0.167365 3
0.305979 -3.0149 -0.531556 3
-0.23747 -2.00793 -0.4282 3
0.00707323 0.0541641 0.0199182 3
-0.0698461 0.484556 -0.203084 3
0.148198 -0.263895 -0.139545 3
0.583026 -0.657251 -0.556623 3
0.0452479 -0.00842049 0.0960858 3
0.18795 0.267998 0.846519 3
0.314013 1.73952 3.35146 3
0.0414785 0.257741 0.393427 3
0.287888 0.893599 1.40207 3
0.0923634 0.615553 1.00898 3
-0.185434 0.18236 -0.494528 3
-0.230865 0.053344 -0.464543 3
-0.19994 -0.623393 -0.358269 3
-0.110941 -0.658258 -0.258184 3
