# 1 = ball
# 2 = lepton
# 3 = photon
# 4 = PID > 100
# 5 = neutrino
# 6 = other
-0.0172906 -6.33734e-06 -0.00949953 3
-0.000361401 0.000563605 -0.214959 3
-3.51206 13.0886 -6.97845 4
0.155882 1.26439 -0.844989 4
0.241255 -0.541861 0.738717 4
-0.0751058 0.32295 -0.458964 4
0.279093 0.591691 0.177921 4
1.61743 -0.651265 -0.0744896 4
0.199861 0.130729 -0.00460748 4
2.42681 -15.1463 8.60487 4
-0.00637987 0.119191 0.000372012 4
-5.31887 17.5816 -8.99368 3
-0.726362 1.80299 -0.905821 3
0.080557 0.144096 -0.148525 3
0.0586726 0.118055 0.0100192 3
0.00501578 -0.496939 -0.103549 4
0.314566 -0.11886 0.0581484 4
-0.143979 1.80654 -0.930781 3
-0.172271 1.81965 -1.09063 3
0.0873036 -0.362148 0.276445 3
-0.0018004 -0.0921489 0.00158205 3
-0.00854429 -0.0658522 -0.0230254 3
-0.0826154 0.0510402 -0.0292525 3
0.547595 -2.70273 1.28711 3
0.60343 -3.0973 1.63156 3
0.706639 -2.93459 1.54727 3
0.226385 -1.24484 0.705792 3
1.6701 -7.3002 3.74154 3
0.845044 -4.08708 2.02987 3
