# 1 = ball
# 2 = lepton
# 3 = photon
# 4 = PID > 100
# 5 = neutrino
# 6 = other
-0.0239426 -0.00817523 0.0463219 4
0.419425 0.0948424 -0.338969 4
-0.155368 0.146175 0.343788 4
1.2792 0.261484 2.57577 4
-0.128811 1.45665 3.96017 4
0.327887 0.0473209 0.558665 4
0.15808 0.18462 0.451647 4
0.355369 1.07109 2.30223 4
-0.796878 0.77319 3.39371 4
-2.4423 -2.90519 1.55513 4
0.294607 0.0983245 0.0186664 4
-0.0477006 -0.0287225 0.118996 4
-1.40925 -1.47012 0.305544 4
5.09429 3.65854 -7.6135 4
2.94819 1.94003 -4.28277 4
-0.0764468 0.360366 -0.625833 4
1.0162 0.530485 -1.3593 4
0.509791 0.602969 -0.215215 4
0.450624 0.477897 -0.498666 4
0.898863 0.0992962 -0.328588 4
0.38532 -0.00906722 0.0291701 4
0.660123 1.16992 0.260799 4
-0.611099 -0.155706 0.417924 4
0.157776 0.240342 -0.1338 4
0.100413 0.203304 -0.302353 4
-0.0594999 0.437041 -0.33519 4
0.100845 0.0956887 0.0772467 3
0.370878 0.666111 0.190828 3
0.569383 0.537706 2.24949 3
0.106148 0.0132428 0.0181393 3
-1.71593 -1.6661 0.563401 3
-8.42433 -7.77161 2.65911 3
1.5608 0.920384 -1.86193 3
1.23348 0.858783 -1.47674 3
0.835309 0.707904 -1.07394 3
3.28455 3.01285 -4.08402 3
0.451596 0.82372 -0.266987 3
0.0361957 0.0156604 -0.022593 3
0.0826893 0.228691 -0.211783 3
0.0814715 0.0282858 -0.121492 3
-0.0670611 -0.0543083 0.0397262 3
-2.8202 -2.80715 0.962026 3
-0.817273 -0.722202 0.298158 3
-1.17793 -1.15777 0.599615 3
-1.32362 -1.42182 0.54394 3
-1.67186 -1.58496 0.613461 3
