# 1 = ball
# 2 = lepton
# 3 = photon
# 4 = PID > 100
# 5 = neutrino
# 6 = other
-3.16012 -1.29331 -2.52624 4
-0.694212 -0.755733 -0.600299 4
2.08883 -0.612456 -1.21734 4
4.47121 -2.15414 -0.580817 4
1.6275 -0.873584 0.13221 4
5.68174 -1.74083 -0.88977 4
-1.48904 1.36108 1.09905 4
-0.416409 0.17139 0.0748393 4
0.366017 -0.223711 -0.0555002 4
0.0517709 0.275038 0.772541 4
0.115289 0.583552 0.1187 4
0.644079 2.26713 2.56359 4
0.110409 3.87532 3.42652 4
-0.388231 -0.192077 -0.103911 4
-1.27605 -1.20549 -0.599014 4
-0.210217 -0.322445 -0.613356 4
-0.494029 0.271534 -0.0788609 4
1.04656 0.176518 0.105834 4
0.0804835 -0.500485 0.0557052 4
1.17096 0.179845 1.03206 4
-4.87194 2.25508 1.76209 4
-0.0678632 0.285816 1.16374 4
0.173352 0.491848 0.15228 4
3.46286 -0.505372 0.32257 4
-1.29511 -1.02169 -1.54686 4
-1.87796 -0.993298 -1.39681 4
-1.80627 -1.09546 -1.04714 3
-0.488807 -0.217537 -0.257858 3
1.03098 -0.0564189 0.167458 3
0.674954 -0.0531226 0.221066 3
0.779386 -0.168812 -0.00184692 4
1.03286 -0.318307 0.0450338 4
0.116782 0.0527977 0.223198 3
0.332612 -0.041838 0.375537 3
0.347228 -0.042874 -0.0894187 4
0.394449 -0.169267 -0.352495 4
-0.744084 0.67589 0.276364 4
-1.16557 1.38176 0.772519 4
0.0682187 0.37389 0.130034 4
0.0660986 0.857243 0.769569 4
0.0352828 0.261712 0.499607 4
-0.026613 1.10312 0.781434 4
0.271291 1.31176 1.38006 3
-0.0887425 0.00940409 0.181011 3
-0.382758 -0.404076 -0.536326 3
-1.45656 -1.25476 -1.63913 3
0.0402523 -0.0065139 -0.0751872 3
-0.0663427 -0.170406 -0.280662 3
0.278673 -0.0181059 0.0908872 3
0.29411 0.103279 0.177265 3
-0.0172236 0.102784 0.018538 3
0.0709843 0.199456 0.22254 3
-0.116559 0.0929477 0.0270281 3
-0.0622368 0.206621 0.146691 3
-1.42312 -1.00623 -1.28834 3
-0.0218024 -0.035702 -0.0477152 3
-0.0300943 -0.0425934 -0.118479 3
-0.295202 -0.103933 -0.245064 3
-0.385628 -0.288282 -0.493813 3
-1.30176 -0.68598 -1.43906 3
-0.300041 -0.156899 -0.400882 3
-1.28465 -0.756918 -1.37009 3
0.657792 0.00444618 0.0607704 3
0.965764 -0.146106 0.0300079 3
0.0192618 0.0224569 -0.00460863 3
-0.0336996 -0.0908283 -0.230353 3
-0.217142 0.214932 0.154043 3
-0.673202 0.391077 0.492293 3
-0.000608804 -0.0600837 0.0722404 3
-0.0578388 0.054101 0.027415 3
0.00418933 0.115514 0.0262673 3
0.115512 0.0563216 -0.0234254 3
