# 1 = ball
# 2 = lepton
# 3 = photon
# 4 = PID > 100
# 5 = neutrino
# 6 = other
0 0 0.000138155 3
0 0 -0.000171186 3
-0.160905 -0.245519 -1.56448 4
1.12646 -0.342929 -3.69358 4
1.68949 -0.496034 -3.79308 4
1.12483 -0.113237 -2.01026 4
-0.213062 0.515208 1.12789 4
0.455173 -0.613558 -1.4268 4
-0.499825 0.355991 0.114418 4
0.0684403 0.315658 0.493466 4
-0.193056 -0.00314314 0.391178 4
0.0433386 0.487868 -0.0612834 4
2.51002 -2.56259 -2.34187 5
0.300124 -1.27435 -0.421398 2
0.683396 -0.214113 -1.3584 3
0.275752 -0.585376 -1.16734 3
0.416946 -0.272224 -0.595693 4
0.0892729 -0.149729 -0.801936 4
0.478253 -0.0222693 -2.19609 3
0.13653 0.0131492 -0.307715 2
1.33072 -0.438593 -3.7697 2
0.125638 -0.120264 -0.184036 3
-0.321172 0.276162 -0.292678 3
0.102648 0.0941135 -0.0814376 3
0.610893 0.238208 -0.202014 3
-0.134383 0.0904461 0.290424 3
-2.31562 2.19169 5.15501 3
0.241004 0.34307 0.492278 3
0.20016 0.173491 0.193392 3
0.00402388 0.0107116 0.00205359 3
0.17227 0.258952 -1.08697 3
-0.00254611 -0.0110179 -0.119546 3
0.461441 -1.19572 -0.96797 4
0.343634 -0.160089 -0.683389 3
0.498742 -0.391113 -0.954767 3
-0.632558 0.596377 0.659802 4
0.0611825 -0.594817 -0.528419 4
0.0268082 0.0377775 0.174647 3
-1.06543 1.38606 2.73734 2
-1.35746 0.623147 2.51709 5
-0.102798 0.245024 0.699923 3
-0.473278 0.560729 1.84521 3
0.400333 -3.56673 -2.41963 4
-0.102963 -0.919006 -0.793222 4
-1.36769 1.40471 4.75603 4
-1.17562 1.32245 3.04736 4
0.00946202 -0.340956 -0.589787 3
0.0657656 -1.68516 -2.36141 3
-1.00833 1.12221 2.3411 3
-1.3739 0.747016 2.76086 3
-1.0763 2.43382 5.03342 4
-0.109163 0.139398 0.358768 3
-0.366678 0.335089 1.58326 3
