# 1 = ball
# 2 = lepton
# 3 = photon
# 4 = PID > 100
# 5 = neutrino
# 6 = other
0.000770784 -0.00171534 0.056811 3
0.5112 0.19545 0.256066 4
0.794859 -0.164579 -1.08425 4
-1.34441 1.36926 1.28075 4
-0.367176 -0.739973 0.709797 4
0.0656719 -0.76535 0.450025 4
0.00526264 0.0267848 0.0158851 3
-0.307746 0.183724 0.588283 3
-0.231778 0.366986 0.350139 3
0.0702158 -0.147318 -0.137431 3
1.06233 -1.32735 -1.69404 3
-0.732442 0.100675 0.228522 3
-0.255749 -0.290978 0.289547 3
-0.502905 0.494033 0.821713 4
0.0774324 -0.228531 -0.441943 4
0.217573 -0.658193 -0.363669 4
4.24765 -4.86915 -4.80235 4
2.32574 -2.40265 -2.50707 4
6.74414 -8.62963 -9.25334 4
-1.56534 2.69985 2.46326 2
0.0953296 0.121568 0.0604638 5
-3.11911 4.81555 4.25023 4
-6.04686 7.85603 6.6167 4
-1.20643 1.16996 1.63862 3
-1.92141 1.66027 2.36663 3
0.450369 -0.258408 -0.380866 3
0.000970314 0.0122487 -0.00865816 3
0.666618 -1.01705 -1.08811 3
0.757729 -1.32946 -1.53152 3
0.164829 -0.248546 -0.20039 3
1.10642 -1.11913 -0.990774 3
0.926137 -1.42581 -1.27429 3
1.18038 -1.61373 -1.61965 3
-2.68945 4.73087 3.60547 4
-0.315391 0.314926 0.365891 3
-0.865401 1.11935 0.963551 3
