# 1 = ball
# 2 = lepton
# 3 = photon
# 4 = PID > 100
# 5 = neutrino
# 6 = other
-0.000760849 -0.00155164 0.336219 3
-2.06265 4.79872 -2.15446 4
0.330136 3.43986 0.434457 4
0.0398105 0.638786 0.235397 4
-0.409177 0.414189 0.157353 4
0.0653681 0.841927 -0.0980743 4
0.160989 -1.33881 -0.506736 4
1.65446 -6.4743 2.09267 4
-1.1277 2.42978 -1.44376 4
-0.163792 1.16319 -0.549009 4
-0.762275 0.837571 -0.63357 4
-0.371861 1.73344 0.488542 4
0.33413 3.87732 1.64047 4
-1.14528 2.50232 0.404585 4
-0.586308 0.513364 0.270369 4
0.0537366 -0.0271956 0.0899267 4
1.01701 -2.30869 -0.568667 4
0.209961 -0.0526881 0.0509612 4
0.204465 -1.36718 -0.656325 4
0.299079 -0.750705 -0.566336 4
0.647332 -1.35275 0.661038 4
1.08135 -4.70375 2.14269 4
-2.74783 6.40736 -2.69118 4
-0.481914 2.21664 -0.697459 3
-0.0597498 0.402976 -0.0734866 3
0.174634 0.411459 0.0183868 3
0.101598 0.39128 -0.0976689 3
-0.0179977 0.374739 0.0608574 3
-0.202029 0.933819 0.306078 3
-0.488812 0.5428 0.28207 3
0.0859066 -0.0581179 0.0563362 3
0.436281 -0.724161 -0.835482 3
0.0688003 -0.260092 -0.260615 3
-0.0563264 -0.0555632 0.100224 3
0.57626 -3.9279 -1.16042 3
1.19422 -9.43197 3.28584 4
-0.00719517 -0.151751 0.0086816 3
-0.00203322 4.19164 0.882506 3
-0.005029 0.0334468 0.0189248 3
-0.26991 0.558928 0.22618 3
-0.191838 0.199494 0.0764419 3
0.302744 -0.507084 -0.065934 3
1.11255 -2.39865 -0.373941 3
1.06092 -2.30848 -0.614656 3
0.277719 -0.501386 -0.090181 3
-0.103483 -0.606119 -0.0875361 3
-0.225502 -0.546164 -0.101661 3
