# 1 = ball
# 2 = lepton
# 3 = photon
# 4 = PID > 100
# 5 = neutrino
# 6 = other
-0.77445 -0.114222 3.46521 4
-0.799885 -0.834554 2.85726 4
-0.647412 -0.00881274 2.48754 4
-0.414075 -0.330291 0.227846 4
0.79889 -0.4359 -2.21133 4
-0.334921 -0.625027 -2.44822 4
0.292896 -1.39921 -2.91231 4
-0.399604 -0.385628 -0.269835 4
0.142804 -0.228063 0.159139 4
0.278828 -1.86805 1.42261 4
-0.310879 -1.32112 1.17414 4
0.172991 -0.396571 0.11705 4
-0.255999 -0.370149 0.194893 4
-2.08277 -0.180283 2.22816 4
-0.260398 0.135616 0.869312 4
0.0826704 0.0156802 0.44482 4
-0.251404 1.53744 0.467127 4
2.45458 5.90144 -4.38812 4
-0.527787 -0.444431 -2.38486 4
-0.35089 -0.306957 -0.971156 4
0.467454 -0.674371 -1.33513 4
-0.0174747 -0.606132 -0.49513 4
0.163985 -2.2284 -2.80306 4
-0.258898 -8.92697 8.17878 4
-0.28379 -0.565356 0.6724 4
0.23906 0.753467 -0.660413 4
-0.463287 -0.142657 0.807692 4
-1.3348 0.238429 1.63782 4
-0.156126 0.540467 0.456589 3
-0.0137802 0.261385 0.311148 3
0.0618034 0.669142 0.00790023 3
-0.0384397 1.08786 0.114464 3
-0.00638581 -0.0956861 -0.0150282 3
-0.0250488 0.0447122 -0.0173467 3
-0.0682768 1.66056 -0.305871 3
-0.109654 0.738998 -0.182064 3
0.00412542 0.178362 -0.0372432 4
0.553746 1.0703 -0.928543 4
0.0218706 0.0184253 -0.039684 3
-0.102152 0.135346 -0.10918 2
-0.0740921 0.0983203 -0.0784568 2
0.0943301 0.446686 -0.252952 3
1.65108 1.87313 -1.57849 3
0.997865 2.64326 -1.94207 3
1.02315 2.86013 -2.24714 3
-0.0248908 -0.212955 0.328949 4
-0.0349933 -0.850953 0.520972 4
-0.131745 -0.1233 0.268833 3
0.0144211 -0.0761081 0.225949 3
0.111418 0.156114 -0.198398 3
0.30678 0.1917 -0.57033 3
-0.241771 -0.117198 0.459865 3
0.0113988 0.0134902 0.0341927 3
0.086131 0.0545305 -0.0812081 3
0.548781 0.829002 -0.707436 3
0.0876436 -0.211885 -0.0129454 3
0.127388 -0.0727411 0.0432992 3
