# 1 = ball
# 2 = lepton
# 3 = photon
# 4 = PID > 100
# 5 = neutrino
# 6 = other
-0.109162 0.566436 1.12339 3
-0.00100233 -0.000858118 -0.000269087 3
1.19677 -0.495773 -2.5875 4
1.03092 -0.364199 -3.45271 4
0.0563138 -0.218108 -1.35058 4
0.165915 0.262373 -0.790106 4
0.188804 0.145821 -0.785255 4
0.234956 0.945194 -2.70853 4
-0.199459 0.182121 -0.237034 4
-0.0820988 0.456762 -1.35131 4
-0.639855 2.74229 -3.53747 4
0.137333 0.835957 -1.41515 4
1.41539 0.368277 -1.27198 4
-0.0234344 0.170756 -0.176028 4
0.167649 0.290689 -0.312737 4
-0.107842 -0.548713 1.69763 4
-0.62141 -1.26681 4.10732 4
-1.65771 -3.44699 10.4165 4
-3.13071 -5.00476 15.3879 4
-0.481802 -1.03684 3.08294 4
0.493118 -0.138941 -0.485952 4
0.0182099 0.375019 -0.660462 4
-0.261241 0.364828 -1.08022 4
-0.33016 1.92638 -2.22002 4
-0.109304 0.675464 -1.61905 4
-0.0364096 0.757081 -1.27131 4
0.251181 -0.0906672 -0.4472 4
0.182281 -0.449772 -0.917012 4
0.125879 0.396652 -0.328798 4
0.43717 0.105588 0.102371 4
0.123563 0.400853 0.590136 4
-0.499904 0.0791926 -1.28372 4
0.00695357 -0.0239109 -0.0412657 3
-0.202724 0.000684784 -0.961602 3
0.116105 0.281358 -0.265492 3
-0.321307 1.0188 -1.97049 3
0.00961866 0.00792539 -0.0152559 3
0.163725 -0.142593 0.103123 3
0.0334293 -0.0861397 -0.0323448 3
-0.122095 -0.3191 0.789409 4
-0.0373722 0.081892 0.0259402 4
-0.23579 -0.173531 0.360468 3
-0.492163 -0.544837 1.17025 3
0.169707 0.0466015 -0.121786 3
3.27396 0.662092 -1.68085 3
-0.110492 0.531352 -1.29756 3
-0.108214 0.146746 -0.456009 3
-0.17451 0.0828048 -0.23652 3
-0.202063 0.224807 -0.592693 3
0.0107518 -0.0133374 -0.0178105 3
0.142306 -0.369292 0.235175 3
-0.0170647 -0.0854036 -0.252424 3
0.0522719 -0.146282 -1.2413 3
0.0264468 -0.0590851 0.00823558 3
0.0845729 -0.106838 0.272935 3
