# 1 = ball
# 2 = lepton
# 3 = photon
# 4 = PID > 100
# 5 = neutrino
# 6 = other
-0.00030861 -0.000450608 0.000118508 3
-0.66824 0.65676 1.98649 4
0.178729 0.341131 0.62888 4
0.0813262 -0.0858466 0.0714418 4
-0.110396 0.228764 1.18097 4
-1.24157 0.780898 2.23349 4
-0.0195781 0.394767 0.0191936 4
-1.73051 -1.45182 0.422499 4
0.155559 0.140419 -0.131212 4
0.448722 0.171991 -0.310623 4
0.456887 -0.419486 -0.686504 4
0.339168 -0.599841 0.0100534 4
-0.566867 -0.0365581 0.115671 4
0.150445 0.0432913 -0.424805 4
-0.00552496 -0.692174 -1.17039 4
0.160142 -0.0272731 0.0678351 4
0.379521 0.0981337 -0.5614 4
0.187854 3.34236 17.2652 4
-0.303422 0.383405 0.179115 3
-0.324632 0.273967 0.258726 3
-0.238876 -0.115941 0.511025 3
-0.527944 -0.288143 0.780021 3
-0.0748522 -0.0342687 0.017254 3
-0.469335 -0.170522 -0.227567 3
0.266663 -0.235166 -0.0469339 3
0.0640916 -0.0724533 0.0582928 3
0.645937 -0.885081 -2.76239 4
0.0603153 -0.202304 -0.42503 4
-0.0869104 -0.239693 -0.566472 3
-0.00621043 0.00225939 -0.164902 3
-0.00517365 -0.0745545 -0.30059 5
-0.171852 -0.117736 0.0435597 3
-0.187659 -0.20751 -0.0836509 3
-0.00732299 0.0189096 -0.0150626 3
-0.0160619 -0.218662 -0.0339822 3
0.128137 -0.0369636 0.181198 3
0.100766 -0.0863919 0.0297312 3
0.329483 -0.572283 -1.68972 3
0.0377853 -0.0410294 -0.282366 3
-0.204527 0.67362 2.92417 3
0.0121593 0.0164188 0.0419073 3
-0.00154542 0.107972 1.06654 4
0.0704764 0.957933 3.93035 4
-0.0293601 -0.0160128 -0.0968626 3
0.130198 -0.0865497 -0.957838 3
-0.0488619 0.0284678 -0.293307 5
0.292064 -0.281526 -2.69588 4
-0.215016 0.647018 3.07919 3
-0.0955305 0.71735 3.14028 3
0.723588 -0.639824 -6.89763 3
0.42553 -0.295192 -3.17696 3
0.0619149 -0.0635098 -0.847284 3
0.132532 -0.0265981 -0.450034 3
0.912781 -1.00924 -10.3314 4
0.120576 -0.43347 -2.56825 4
0.143138 -0.0677719 -0.552421 3
0.161594 -0.193997 -1.49169 3
