# 1 = ball
# 2 = lepton
# 3 = photon
# 4 = PID > 100
# 5 = neutrino
# 6 = other
-1.93523 -1.08934 -3.9937 4
-0.00858474 -0.357235 -0.199643 4
0.0832173 -0.25835 -0.442019 4
0.879696 0.928616 3.07747 4
0.382253 -0.137547 0.82635 4
5.35321 2.61595 10.6248 4
-4.03271 -2.54278 -8.59875 4
-2.02519 -0.816913 -4.13515 4
0.744671 0.157222 1.75745 4
1.38537 1.14027 2.20088 4
-1.28485 -0.916919 -2.76784 3
-0.0809845 -0.0756777 -0.136159 3
-0.191084 -0.183942 -0.757098 3
-0.00289934 0.0188157 -0.0256746 3
-0.54747 -0.125157 -0.828071 4
-1.00944 -0.903086 -2.14343 4
1.24055 1.17184 1.77647 3
0.278326 0.353147 0.437173 3
5.28359 3.9361 11.9653 3
2.94437 2.18352 6.45152 3
-1.91499 -1.55794 -4.15595 3
-0.250584 -0.177426 -0.606262 3
-1.65542 -1.12758 -3.52536 3
-0.54842 -0.284175 -1.06323 3
-0.418129 -0.225475 -0.754596 3
-1.15136 -0.877476 -2.42338 3
-0.0400159 -0.0184232 -0.11012 3
-1.47789 -0.830047 -2.45099 3
