# 1 = ball
# 2 = lepton
# 3 = photon
# 4 = PID > 100
# 5 = neutrino
# 6 = other
-0.00371615 -0.00709762 -1.0825 3
0 0 0.000290727 3
0 0 -0.000142347 3
0.122924 0.145249 -0.0348777 4
1.40669 0.0871206 -0.105916 4
-0.0446693 0.114885 0.190689 4
2.27028 -1.07708 -0.726686 4
0.311747 -0.111748 -0.152335 4
-6.14352 2.46003 2.26313 4
-1.75597 0.53511 0.438228 4
-3.33166 1.7137 0.628149 4
-1.44594 0.59479 0.917771 4
-1.74789 1.25945 0.314442 4
-0.14365 0.0435633 -0.107864 4
1.03849 -0.752165 -0.401585 4
1.26109 0.933716 0.627869 4
0.0744767 0.0887141 0.428098 4
-0.115274 0.462471 -0.122129 4
0.296573 -0.0501905 0.0816392 4
0.684605 0.281927 0.233976 4
0.162029 0.53073 0.639031 4
0.169163 -0.388247 -0.262678 4
0.723305 0.188134 0.529064 4
-1.15861 0.739969 -0.174532 4
-0.295058 0.187436 -0.213478 4
0.14003 0.0229108 0.0850462 3
0.0398528 -0.0575465 0.130049 3
0.363408 -0.270128 -0.0854841 3
-0.0405229 -0.0107308 -0.0212875 3
-1.08196 0.706737 0.621866 4
-1.96279 0.868528 0.936969 4
-0.271276 0.11433 0.477817 4
0.0104476 -0.115497 0.0488012 4
0.175665 -0.0845784 -0.0998473 4
0.162162 -0.232567 -0.0378631 4
0.0813195 0.251936 0.0711457 3
0.204292 0.225167 0.0137558 3
0.0611074 -0.0537283 0.0789716 3
0.0747886 -0.0181521 -0.0521187 3
-0.102534 0.0348856 0.0172805 3
-0.597348 0.391058 0.430532 3
0.127584 -0.0790106 -0.0255841 3
0.00767544 -0.0191345 0.000687337 2
0.105888 -0.250951 0.0108934 2
2.1167 -1.4374 -0.802894 4
-8.38044 3.46871 -0.580132 5
0.0916564 -0.0848484 -0.341818 2
-3.21837 1.83846 1.23203 3
-0.090882 0.0781054 0.0312848 3
-0.1443 0.114998 -0.0624347 3
-0.0726859 0.0563526 0.0654695 3
-0.0061047 0.0825721 0.071303 3
-0.0831649 -0.028149 0.0665132 3
0.0207999 0.199549 -0.0347288 3
0.0064321 0.115281 0.0856611 3
-0.10029 -0.00893717 -0.00538213 3
0.00938927 0.054545 0.0484923 3
0.252291 -0.660352 0.00563629 3
-0.15116 0.00614663 0.0212142 3
4.56097 -3.27481 -1.23215 4
2.47988 -1.31581 -0.339674 4
4.35537 -3.49827 -1.17003 4
1.13665 -1.20641 -0.0735072 4
0.619265 -0.218176 -0.185426 3
4.40641 -1.46967 -1.67996 3
1.78862 -1.58308 -0.909761 4
4.40419 -3.10086 -1.26761 4
-0.128214 0.0981505 0.0647284 3
-0.109226 0.0689225 -0.0685885 3
-0.179833 0.0338013 0.182869 3
-2.33245 1.82552 0.336918 4
-0.446242 0.297608 0.235911 4
-0.450953 0.0108373 0.00213431 4
-0.206314 0.111145 -0.163781 3
0.0188033 0.0220611 -0.0415901 3
