# 1 = ball
# 2 = lepton
# 3 = photon
# 4 = PID > 100
# 5 = neutrino
# 6 = other
0.027662 -0.0147502 0.0047303 3
0.229643 -0.393271 0.083717 4
1.04938 0.318329 -0.334846 4
0.739026 0.0752322 0.150075 4
-0.731362 -0.372436 -0.557806 4
-0.0204633 0.336607 -1.03493 4
3.81822 0.267674 1.75854 4
4.14958 -0.505812 1.77235 4
2.15359 -1.0575 -0.470925 4
1.24619 0.439857 -1.0429 4
0.093937 -0.160327 -0.0474168 4
-0.457603 0.0489255 -0.344453 4
-0.894527 -0.138141 -0.415703 4
-17.6943 0.960864 -8.11713 4
1.80866 -0.0499905 1.20744 4
-0.829145 0.248337 -0.126201 3
-0.0940304 0.00452828 0.0245628 3
0.12795 0.14364 0.017136 3
0.406939 0.181758 -0.0450994 3
-0.249505 0.0918804 0.172598 3
-0.0123438 -0.0287276 0.0443916 3
-1.57367 0.123109 -0.90907 3
-1.06578 -0.0242413 -0.582253 3
-8.35438 0.261157 -3.68735 4
3.40021 -0.0931961 2.03179 4
1.21718 -0.0727591 0.853126 4
6.19996 -0.341953 4.68 4
-2.62403 0.417263 -1.32463 4
-2.16962 0.101791 -0.657608 3
-1.19916 0.114406 -0.451316 3
-0.854155 -0.179114 -0.340992 3
-0.37324 -0.0747161 -0.0565115 3
0.953513 -0.123941 0.569079 3
2.70807 -0.124139 1.62164 3
2.16003 -0.156447 1.38729 3
4.70526 -0.14151 3.00494 3
0.669203 0.0144287 0.333454 3
1.33316 -0.0968126 0.830274 3
