# 1 = ball
# 2 = lepton
# 3 = photon
# 4 = PID > 100
# 5 = neutrino
# 6 = other
5.65859 -4.37882 -10.0169 4
4.69222 -3.46178 -7.76848 4
5.76601 -3.85286 -8.67119 4
0.0455331 -0.629719 -0.441489 4
-0.192603 0.167993 -0.0276108 4
-0.0785199 0.34846 0.537047 4
-1.64113 1.28363 3.11997 4
-5.98373 4.65657 10.7998 4
0.658533 -0.318902 -1.04978 4
1.16228 -0.397432 -0.858879 4
0.348252 -0.0237879 -0.702307 4
-0.0273902 -0.107722 -0.632601 4
-0.165389 0.189346 0.649876 4
-0.851719 0.402875 1.27372 4
-0.456806 0.884489 0.734136 4
-0.902625 0.604568 2.33622 4
-2.08471 1.72918 3.11062 4
-2.55699 2.25296 4.78251 4
-1.65273 1.11709 2.24768 4
-2.49686 1.66228 4.86807 4
1.03904 -0.690527 -1.91709 3
0.731901 -0.549979 -1.60443 3
-0.885182 -0.04981 0.584124 3
-0.102956 -0.0526833 0.0652671 3
-0.012878 -0.0259603 -0.0599268 3
0.298528 -1.03157 -1.68092 3
0.244808 0.162183 -0.0902971 3
0.117076 0.00902571 -0.107768 3
-0.297592 -0.0219654 0.211641 3
-0.372965 0.122863 0.308958 3
