# 1 = ball
# 2 = lepton
# 3 = photon
# 4 = PID > 100
# 5 = neutrino
# 6 = other
0.00158319 0.000154291 0.0423536 3
0.133295 -0.294893 -0.390523 4
0.678984 -1.21871 -0.846301 4
-0.60405 1.73502 0.549519 4
-1.71851 1.99409 0.708167 4
-0.048058 0.262712 0.243803 4
-0.174366 1.21413 0.532252 4
0.565145 -1.86399 -0.963134 4
0.434489 -3.54317 -2.54009 4
0.767873 -3.68829 -1.91073 4
0.727392 -2.31511 -1.657 4
0.231294 -0.290882 -0.262284 4
0.879807 -3.171 -2.06056 4
0.504583 -1.1099 -0.609045 4
-0.253286 -0.658223 -0.442706 4
-0.257022 -0.0661551 -0.738087 4
-0.403023 0.568052 -0.413603 4
-0.650077 2.11763 1.49104 4
-1.32924 3.09084 1.84564 4
-0.325726 0.700814 0.792696 4
0.121878 1.9779 1.30837 4
-0.0600525 1.42216 1.34113 4
-0.675652 2.94141 2.1844 4
-0.0695566 -1.72958 -1.21998 3
-0.0471099 0.0296765 0.172942 3
0.0253727 0.0206767 -0.0125032 3
-0.446126 0.809397 0.517855 3
-0.208789 0.611502 0.356445 3
-0.38021 1.66121 1.15334 4
-0.245242 1.00577 0.948297 4
-0.195107 0.635594 0.681604 4
-0.21904 -1.16027 -0.778158 3
-0.187774 -0.595405 -0.336565 3
-0.0118395 -1.00929 -0.669612 3
-0.013515 -0.00607779 -0.0145028 3
0.0243427 -0.0306878 -0.0565797 3
-0.118028 -0.642411 -0.762111 3
0.0428282 -0.395069 -0.287221 3
-0.0539099 -0.153591 -0.0630598 3
-0.0291374 0.0663898 0.0079092 3
0.0387974 1.0179 0.335055 3
-0.430937 1.51605 1.18553 3
-0.0989589 0.339134 0.189839 3
-0.184304 0.475672 0.414096 3
-0.759737 2.31716 1.64869 3
0.126638 0.189412 0.0944041 3
0.0050461 0.25315 0.100474 3
0.201838 -0.640486 -0.381373 2
1.71388 -1.96067 -1.39045 5
0.241102 -0.258295 -0.16197 3
0.31945 -0.557549 -0.415691 3
0.201037 -0.118028 -0.18189 3
-0.0136865 -0.0456155 -0.0601002 3
0.212892 -0.195393 -0.0401717 3
0.0446811 -0.179233 -0.0444322 3
0.252771 -0.304516 -0.140662 3
0.0519595 -0.214255 -0.0613112 3
0.0886069 -0.177347 0.0796915 3
-0.038852 -0.100931 -0.00539612 3
-0.157677 0.334481 0.246319 3
-0.864108 2.54742 1.55792 3
-0.128186 0.610242 1.08512 4
-0.207075 0.25435 0.219454 3
-0.166939 0.156326 0.190915 2
-0.994336 0.931986 1.13182 2
2.04481 -2.82791 -1.83619 4
-0.0222128 0.231437 0.204921 3
-0.357063 0.921095 0.782904 3
0.176389 -0.525464 -0.192042 4
2.28976 -2.91256 -2.39891 4
