# 1 = ball
# 2 = lepton
# 3 = photon
# 4 = PID > 100
# 5 = neutrino
# 6 = other
-0.431764 0.419987 -0.570905 3
0.00952055 -1.05799 0.262866 4
0.516073 -0.213505 -1.40641 4
-0.151346 0.352385 -1.43356 4
-0.404308 0.0979329 -1.02454 4
-1.38896 -2.83637 5.56592 4
0.147799 0.328693 -0.340714 4
0.0211039 -0.45182 -0.490669 4
-0.133642 0.245076 0.380839 4
-0.0201002 -0.370069 -0.661748 4
-0.03883 -0.00728441 0.0589797 3
0.28125 0.524645 0.769758 3
0.0938011 0.0613879 0.115769 3
0.00389669 0.0789275 0.101605 3
0.0498617 0.306979 0.0753589 3
0.147203 0.241129 -0.51897 3
-0.0618613 -0.0426855 0.409496 3
-0.167502 -0.210129 0.585878 3
0.101496 -0.121988 -0.0929254 3
-0.0372957 -0.0881127 -0.0978154 3
0.43795 -0.0301409 -0.425903 3
0.101367 0.0282784 -0.196527 3
-3.40599 -3.78266 9.00966 4
-0.309011 -0.43796 0.698933 3
-0.087551 0.334572 -0.488989 2
0.357577 0.155852 -0.353153 5
1.57736 2.43793 -4.6151 4
0.09476 0.556665 -1.14791 3
0.298924 1.47142 -2.59556 3
1.38167 3.2902 -5.61732 4
2.93981 4.06223 -7.78747 4
0.0311153 -0.127249 0.168108 4
-0.35171 -0.738618 1.4144 4
-0.205919 -0.762752 2.30157 4
-0.0582074 -0.190314 0.285891 3
-0.96424 -2.39352 4.5181 3
0.0140322 0.459032 -0.656051 3
0.154246 0.537021 -0.895714 3
-1.63148 -2.67098 6.25815 4
-0.163631 -0.171019 0.188215 3
-0.00271968 0.0215246 0.00434195 3
-0.184645 -0.130878 0.409852 3
-0.0733369 -0.0448878 0.037605 3
-0.312219 -0.214202 0.76719 4
1.93431 2.27765 -5.93006 4
0.754942 0.578017 -1.23167 3
0.0532869 0.093532 -0.166174 3
-0.463703 -1.0949 2.48398 3
-0.453383 -0.771025 1.87341 3
