# 1 = ball
# 2 = lepton
# 3 = photon
# 4 = PID > 100
# 5 = neutrino
# 6 = other
-0.0236134 -0.0178153 0.0781565 3
0.000309946 0.00473345 -2.3792 3
4.60251 -1.94321 3.98563 4
15.9457 -6.00306 16.1279 4
2.17552 -0.70932 1.77098 4
1.71017 -0.856025 2.27842 4
1.16878 -1.08107 1.39636 4
0.25188 0.217702 0.548861 4
-0.455707 0.0727803 -0.693912 4
-1.28949 0.717991 -0.557843 4
-10.291 4.43899 -8.97487 4
-0.73609 0.355228 -0.655969 4
1.83654 -0.793468 1.37478 4
0.133357 -0.0292919 0.4332 4
0.47739 0.127756 0.465324 4
1.05581 -0.75698 0.6764 4
0.581069 -0.26101 0.130064 4
-0.338246 0.130821 -0.143139 4
-0.362024 0.274973 -0.323056 4
-0.101486 0.0217376 -0.0762944 3
-1.23973 0.358452 -1.6001 3
-3.15034 1.18015 -2.99595 3
-3.70718 1.43385 -3.73018 3
-1.45097 0.523349 -1.41959 3
-5.49086 2.2595 -5.41714 3
0.31826 -0.00941173 0.258569 3
0.749184 -0.208925 0.759755 3
-0.857251 0.237664 -0.542349 3
-1.51252 0.313928 -0.774822 3
