# 1 = ball
# 2 = lepton
# 3 = photon
# 4 = PID > 100
# 5 = neutrino
# 6 = other
-2.75361 -0.935425 -0.402574 4
-0.27962 -0.247167 0.242751 4
-0.554139 0.178192 0.303777 4
0.949979 0.781175 0.878002 4
1.97188 1.488 1.53567 4
1.71951 0.103842 0.886022 4
-0.485329 -0.483967 -0.278485 4
-0.774838 0.0549892 0.423912 4
-0.846039 -0.107694 1.05906 4
0.0787658 -0.251806 0.165417 4
-0.0830763 -0.0902973 0.0950853 4
0.879591 0.320681 0.347394 4
-0.0804988 -0.0858342 0.168278 4
-0.0306033 -0.193993 -0.06144 4
1.14686 -0.0595104 0.21603 4
0.0054988 -0.229013 0.024618 4
-0.141154 0.011281 -0.00356097 3
0.134056 -0.196988 0.0513773 3
0.618282 0.169445 1.13867 3
0.0994614 -0.0109626 0.269073 3
0.953996 1.02598 1.03264 4
1.65993 1.13586 0.946356 4
0.910281 1.24971 0.918652 4
0.59746 0.564587 0.369759 4
0.862512 0.645981 0.652217 4
0.828071 1.27204 1.04481 4
0.34446 0.19367 0.15197 3
-0.00864871 -0.0040637 -0.0146304 3
0.884319 0.0790631 0.170906 3
0.0369463 -0.0225927 0.0213042 3
0.513838 -0.159639 -0.361519 3
0.488567 -0.220378 -0.51138 3
-0.328924 -0.0522281 0.344479 3
-0.415163 0.0218256 0.269846 3
0.73339 0.696503 0.452044 3
0.449162 0.301636 0.284607 3
1.78613 1.71706 1.03445 3
0.733027 0.596304 0.426013 3
0.0343813 -0.00555001 0.0155145 3
0.231868 0.293869 0.458323 3
2.44565 1.2517 1.57367 4
-0.00681992 0.107387 0.119342 4
2.24586 0.190247 -2.86246 4
0.631349 -0.281614 -0.645807 4
-9.73015 -1.73804 -0.675844 4
-10.7947 -1.51539 -1.23253 4
-6.13849 -1.43311 0.105116 4
-1.46251 -1.25047 -0.0325154 4
0.320562 -0.11502 -0.306041 4
1.42936 -0.474926 -1.60405 3
0.841779 -0.596581 -1.65507 3
0.774835 -0.343409 -1.02864 3
0.804373 -0.340974 -0.858256 3
0.606514 -0.418115 -0.740666 4
-0.113597 0.000434533 -0.147112 3
0.00970384 -0.0686489 -0.0726529 3
0.740988 0.0242073 -0.532737 2
0.785448 -1.09485 -0.99018 5
3.33 -1.21245 -3.05604 4
0.381826 -0.165521 -0.10261 3
0.0274393 -0.0694311 -0.0203796 3
