# 1 = ball
# 2 = lepton
# 3 = photon
# 4 = PID > 100
# 5 = neutrino
# 6 = other
0.641806 1.15247 2.69369 4
-0.207637 0.215199 -0.123385 4
-0.331764 0.120712 -0.0857442 4
-0.107987 0.542209 0.217883 4
-0.650085 -0.831369 -0.724129 4
-1.14488 -3.68968 -5.9947 4
-0.396679 0.573938 0.593964 4
-0.846943 -3.13685 -4.96903 4
-1.74656 -8.20109 -12.5357 4
0.989887 4.16696 5.26661 4
4.65633 13.1167 21.4065 3
0.00649719 0.00838771 0.0135373 3
-0.0646597 0.0339045 0.0930521 3
-0.207564 0.220366 0.973931 3
0.108067 -0.342275 -0.0309482 3
-0.0251573 -0.0319081 -0.0302449 3
-0.83647 -3.67891 -5.69373 3
-0.467992 -4.72399 -7.46587 3
0.535163 1.451 1.78016 3
0.645684 1.71486 2.33933 3
0.011752 0.00106781 0.00603312 3
-0.00586737 0.223313 1.24881 3
-0.172939 -0.0444955 -0.302643 3
-0.00469907 0.0116872 0.0113672 3
0.00603836 0.0616854 0.018168 3
-0.04985 0.277477 0.444608 3
-0.180631 0.48747 0.494603 3
0.0162761 0.145153 0.108037 3
-0.0438782 0.104716 0.178486 3
-0.10118 0.0413616 0.0532919 2
-0.0240836 0.00991149 0.013972 2
