# 1 = ball
# 2 = lepton
# 3 = photon
# 4 = PID > 100
# 5 = neutrino
# 6 = other
-0.000503264 -0.000410954 -0.000252982 3
0.834299 -1.85572 0.0843979 4
2.82752 -7.87992 0.310394 4
3.35226 -7.80537 0.492389 4
-1.35668 2.67623 0.100978 4
1.15825 -3.20104 -0.0974947 4
0.460839 -1.45703 0.377317 4
1.04315 -4.92165 0.496162 4
-0.263488 0.205269 0.233515 4
1.2247 -2.29198 -0.0641431 4
-0.345015 0.409872 -0.378504 4
0.293563 -3.68511 0.478461 3
0.0329387 -1.37498 0.147066 3
-0.721302 2.28052 -0.0361109 4
-1.88776 5.91488 -0.222545 4
0.929595 -4.92633 -0.193315 3
0.0025079 -0.129988 -0.00599897 3
0.147422 -0.268053 -0.00969065 3
1.81926 -3.87125 0.289987 3
-0.084908 0.850598 -0.0391441 3
-0.212095 1.12621 -0.173769 3
-0.115031 0.788904 -0.159708 3
0.00791362 0.0223639 -0.0290216 3
-0.324103 1.00053 -0.246933 3
-0.0218736 0.190912 -0.00157519 3
-1.20782 3.31354 -0.225024 3
-7.59364 24.889 -1.12746 3
