# 1 = ball
# 2 = lepton
# 3 = photon
# 4 = PID > 100
# 5 = neutrino
# 6 = other
0.00453321 0.018355 -1.10404 3
-0.00139524 -0.000356473 0.000795202 3
2.38623 -0.707213 -3.27027 4
-0.97485 0.731547 0.397813 4
-1.21507 0.0828993 3.14266 4
-4.93186 0.157425 7.31252 4
-5.34292 0.907003 9.52239 4
4.69308 -1.44598 -7.18266 4
9.41615 -2.67049 -12.1384 4
0.776139 -0.320867 -1.26799 4
1.04689 -0.0293027 -2.45492 4
1.79956 0.453231 -2.71833 4
0.0214129 -0.216993 -0.30449 4
-0.11097 -0.0312183 -0.913088 4
0.513322 0.0245133 0.763502 4
0.0167104 -0.207261 0.632549 4
-0.921421 -0.175684 1.18018 4
1.06077 0.616861 -2.89837 4
-0.0245669 0.302583 0.0207907 4
0.102387 0.0189298 0.326403 4
-0.281434 -0.179219 0.605843 4
-0.297641 0.0745367 0.12156 4
-1.52005 0.0774715 2.05113 3
-1.31855 0.0286635 1.98557 3
0.795604 -0.223811 -1.23496 3
0.0355246 -0.0293876 -0.127106 3
0.0624707 0.0249196 -0.213956 3
0.726093 -0.0783478 -1.56253 3
-0.0291246 0.0431372 0.0223895 3
-0.0360547 -0.0593591 -0.0770001 3
-0.0665996 0.219527 0.027789 3
-0.112563 0.0556049 0.0116314 3
-0.989544 0.367027 2.00838 3
-1.08179 0.466514 1.97793 3
0.157769 0.00111704 -0.0763683 3
-0.0228831 0.0265431 -0.0169673 3
-0.736903 0.360426 0.734829 3
0.00590919 0.00195174 0.0091245 3
-0.0426011 0.00201449 0.0867803 3
-0.788211 0.306364 0.791805 3
-0.119843 0.0696455 0.211878 3
-1.02655 0.247513 1.25443 3
0.0605589 0.121078 0.143347 3
-0.0250669 -0.0186032 0.0768712 3
-0.11895 0.118899 0.19614 3
-0.34207 0.0909579 0.524538 3
-0.265249 0.0954887 0.27297 3
-0.0482409 0.0779551 0.0321275 3
-0.418836 0.144275 0.463576 3
-0.469302 0.059116 0.651215 3
