# 1 = ball
# 2 = lepton
# 3 = photon
# 4 = PID > 100
# 5 = neutrino
# 6 = other
0.0167079 0.00527464 1.61135 3
-2.20416 -7.70585 -2.51508 4
-0.787896 -3.49582 -1.35506 4
-0.770076 0.384167 -0.625844 4
-2.72537 0.0916165 -1.80748 4
-2.48385 -0.629427 -2.33013 4
-2.0693 0.731572 -1.41049 4
-6.21528 1.01535 -4.50919 4
-0.437156 0.762038 -0.723583 4
-0.824365 -0.349984 -0.428185 4
18.3701 14.1326 15.0235 4
-0.574364 -2.10215 -0.935633 4
-1.83371 -1.14021 -0.980058 4
-0.216025 0.0332759 -0.823947 4
-0.429737 0.230002 -0.19111 4
0.24444 -0.247038 0.380702 4
5.91249 4.73702 4.53333 4
-0.588326 0.383253 -0.318516 4
-1.17056 -3.19632 -0.964065 4
-0.293433 -1.15984 -0.395887 4
1.19725 1.4749 0.632228 4
0.100547 0.21469 0.0395963 3
-0.158743 0.0207789 0.135685 3
-0.0814163 -0.04277 -0.0123267 3
-0.239678 -0.0804528 -0.225705 3
-0.157959 -0.032218 -0.025494 3
0.13038 0.131945 -0.0467572 3
0.303887 0.0852514 -0.009041 3
-0.781529 -2.38557 -0.732318 4
-0.196934 -0.817195 -0.170452 4
-0.0320241 0.0306661 0.0385595 3
-0.109464 -0.0877221 -0.0365111 3
-0.167509 -0.0159707 -0.000888662 3
-0.130569 -0.0581492 -0.125634 3
0.00860277 -0.0223329 -0.043591 3
-0.247973 0.0260255 -0.286987 3
-0.298492 -0.825371 -0.362321 3
-0.0585474 -0.0960084 -0.00270255 3
