# 1 = ball
# 2 = lepton
# 3 = photon
# 4 = PID > 100
# 5 = neutrino
# 6 = other
-1.31719 1.93727 -2.1432 3
0 0 0.000385713 3
4.27281 1.09935 0.638243 4
1.23252 0.240518 0.0870475 4
0.846435 0.78162 0.194959 4
-0.772763 0.413904 0.174962 4
-0.232578 -0.115874 0.261028 4
-2.65892 -2.06103 0.551222 4
-1.7242 -1.64861 -0.292086 4
2.31355 0.956127 0.0945795 4
3.65249 7.42227 -0.470612 4
1.80649 1.94259 0.0818677 4
0.548999 0.957855 -0.30294 4
0.8306 1.63714 -0.570628 4
0.269842 0.325702 0.443573 4
-0.146335 -0.151269 -0.207128 4
0.0310395 0.0678245 0.0213667 4
-0.159611 -0.409873 -0.120164 4
-1.55463 -0.904017 -0.927622 4
0.06093 0.0343402 0.0693574 3
0.0878803 0.151852 -0.0231359 3
2.438 4.82803 -0.028552 3
-0.209179 -0.134324 -0.0247672 3
0.0442249 -0.0593369 0.110846 3
-0.0359194 0.0320563 0.219472 3
0.064007 -0.0519916 -0.0489732 3
0.0206463 -0.0303036 0.0774154 3
-0.184159 0.168739 -0.163723 3
-0.0388838 0.0693941 -0.167738 3
0.46173 0.084926 0.103422 3
1.31433 0.47724 0.324217 3
0.324165 0.192569 -0.0156906 3
0.0812002 -0.00868102 0.033025 3
0.039225 -0.014049 -0.00782857 3
0.704725 0.27288 0.0860924 3
-1.59962 -0.896528 -0.822948 5
-0.888707 -1.70217 0.498556 2
0.331688 0.0813332 0.0812089 3
1.75859 0.0591214 -0.306581 4
0.488586 0.178789 0.113428 4
1.98467 1.63783 1.52202 4
2.40651 -0.638933 0.599792 4
0.342364 0.12308 0.154266 4
-0.296894 -0.322554 0.0195264 3
-1.1128 -1.02415 -0.149881 3
0.776925 0.0118664 0.656235 4
1.09105 0.25766 0.862458 4
-3.79313 -3.53774 -0.172999 4
-2.54249 -2.50717 -0.124905 4
-11.3582 -10.2253 -0.988467 4
