# 1 = ball
# 2 = lepton
# 3 = photon
# 4 = PID > 100
# 5 = neutrino
# 6 = other
-0.00366394 -0.00738852 1.09216 3
-0.00273127 0.00304523 -0.0534866 3
1.63305 -0.661072 -0.545812 4
4.62442 -0.17686 -2.74882 4
4.3568 -3.07629 -4.13211 4
4.00367 -2.80382 -4.40771 4
1.47877 -1.86234 -1.40329 4
-5.9277 2.62113 4.66222 4
0.0460624 -0.866732 0.539529 4
-0.179237 -0.327123 -0.114667 4
0.155942 -1.03447 0.626904 4
-0.204061 -0.701713 0.0321764 4
0.378402 -0.320795 -0.0793417 4
0.678434 -0.26002 -0.513735 4
0.698019 -0.346283 -0.877314 4
1.95865 -1.07169 -1.90327 4
-3.33061 1.22978 1.76667 4
0.0824369 0.0419009 0.587418 4
-0.285498 0.01448 -0.229684 4
2.14489 -2.07951 -2.15031 4
0.116862 0.0393835 -0.0274894 3
0.287908 0.358611 -0.13887 3
2.69766 -1.83271 -2.04102 3
-0.00162188 -0.00188408 -0.0019836 3
-1.00394 0.435923 0.459997 3
-0.614045 0.460353 0.446957 2
-2.19348 1.65066 1.62594 2
1.20458 -0.291696 0.00853039 3
0.34026 -0.257596 0.28714 3
0.242145 -0.138317 0.0267013 3
0.280139 -0.345859 -0.00349829 3
-0.392995 0.174548 0.296501 3
-0.831425 0.361369 0.400393 3
0.215995 0.309745 -1.13923 4
0.15361 0.016236 -0.24351 3
-0.0285264 0.0123965 -0.0369901 3
-10.661 7.57102 9.852 4
-1.21467 0.709061 0.861896 4
-0.167648 0.183829 0.203355 3
-0.856379 0.547066 0.756238 3
1.23625 0.0400639 -1.65378 4
0.497072 0.222093 -0.482021 3
0.515741 0.0904012 -0.505007 3
0.0340488 -0.0181719 -0.0458579 3
0.0134169 0.00553174 -0.671669 3
-0.389948 0.359325 0.585084 3
-1.78603 1.0244 1.03265 3
