# 1 = ball
# 2 = lepton
# 3 = photon
# 4 = PID > 100
# 5 = neutrino
# 6 = other
0.602833 -1.05517 -0.156114 4
0.144166 -2.18072 -0.445058 4
0.659914 -0.226811 0.00732441 4
1.30389 -1.81345 -0.658413 4
0.358067 2.28529 1.46407 4
0.358867 0.910375 -0.114887 4
-3.63007 15.3919 2.08827 4
1.87547 -4.94011 -0.11713 4
0.420578 -1.53795 -0.398371 4
-0.122608 -0.110267 0.052221 4
-0.579297 -0.955604 0.293376 4
-0.800637 -2.54292 -1.57664 4
0.0378381 -0.0177528 -0.13214 4
0.685463 -0.522302 0.723033 4
-0.05948 -0.140913 -0.063125 4
0.371793 0.0875486 0.138037 4
-0.124951 0.327004 1.63915 4
-0.253954 2.15315 0.49347 4
-3.16518 13.3398 1.58473 4
2.02062 -5.57558 -0.15085 4
0.516378 -1.57037 -0.234817 4
0.0750766 -0.433442 -0.0384411 3
0.0553123 -0.0669109 0.0236242 3
0.309005 -0.987758 0.0373831 3
-1.87488 -3.06246 -1.10893 4
-0.180507 -0.807171 -0.0600068 4
-0.358437 -0.0732577 -0.0919788 3
-0.338236 -0.0125376 -0.212967 3
-0.370496 1.37457 -0.162885 4
0.30087 2.18869 0.0519286 4
0.271935 -0.511832 -0.115407 3
0.281741 -0.298483 -0.0520385 3
-0.946649 -1.08711 -1.23554 3
-0.297047 -0.244901 -0.292589 3
-0.15301 -0.157312 -0.290755 3
-0.0674343 -0.06743 -0.0183733 3
0.053389 -0.109454 0.146222 3
0.0923837 -0.178284 0.0359984 3
-0.427476 -1.16198 -0.396543 3
-0.114319 -0.169678 -0.040149 3
0.120518 -0.266236 -0.0333845 3
0.0493125 -0.0500169 0.0563532 3
0.104401 0.49711 0.210483 3
-0.0404352 0.245078 0.078298 3
-0.0202114 0.136951 0.0252326 3
0.172865 0.394746 0.067142 3
-0.0234895 0.517282 -0.0285327 3
-0.10428 0.361475 0.0529924 3
1.70239 -4.24318 -0.3189 3
0.463338 -1.07785 -0.144192 3
0.737938 -1.31313 -0.172772 4
-0.0932722 -0.640697 -0.407416 4
