# 1 = ball
# 2 = lepton
# 3 = photon
# 4 = PID > 100
# 5 = neutrino
# 6 = other
-1.46597 4.07522 5.17356 4
-1.41509 4.37382 5.34577 4
-0.00732971 0.824007 0.111838 4
-0.0189578 0.412849 0.284873 4
1.98015 -5.68029 -7.38548 4
0.457311 -1.68842 -2.08238 4
2.95021 -8.09122 -10.4612 4
-2.01722 5.71911 6.81708 4
-0.115371 0.99176 1.26226 4
-1.07292 1.49956 2.62963 4
0.165796 0.689248 0.69365 4
0.441027 -0.75846 -0.586106 4
0.334857 -0.948936 -1.40431 4
-0.0653333 0.375304 0.647124 4
-0.320412 0.560651 0.756944 4
-0.382018 0.167732 1.76579 3
1.06614 -2.47076 -3.88215 4
0.927201 -2.13206 -2.96982 4
0.975071 -3.27919 -4.40257 3
0.439772 -1.64589 -2.32949 3
-0.627412 2.15548 2.9406 3
-0.345864 0.98658 1.49286 3
-0.0232727 0.0413893 0.10734 3
-0.547143 0.81661 1.07212 3
-0.135523 -0.0818696 -0.315126 3
-0.0532891 -0.0382004 -0.013071 3
-0.517898 1.51694 1.93942 3
-0.690125 1.84147 2.60157 3
0.0931702 -0.129654 0.171757 3
-0.00955796 -0.102783 0.0175071 3
