# 1 = ball
# 2 = lepton
# 3 = photon
# 4 = PID > 100
# 5 = neutrino
# 6 = other
-0.00110125 0.0014701 0.00442462 3
0.788453 -1.80108 -2.81327 4
-0.871495 0.509425 0.392779 4
0.55823 -0.750121 0.523192 4
0.0554146 -0.149874 -0.261583 3
-0.00020221 0.225325 0.281689 3
0.0795093 0.420979 0.464632 3
-0.0414162 0.367838 0.317919 3
-0.510281 1.04918 1.71343 3
-0.360505 0.530959 1.01359 3
0.12886 -0.000859218 0.488566 3
0.130555 -0.139234 1.02789 3
0.130801 -0.0177121 0.0952976 3
1.23837 -0.26137 0.599243 2
1.35034 -0.291001 0.649608 2
-0.0218158 0.080233 -0.041161 3
0.149585 0.144434 -0.0736019 3
-0.98525 7.99988 10.3842 5
-1.6591 8.00284 12.2102 2
0.407147 -3.66748 -6.46576 4
0.101444 -0.626177 -0.710179 4
-0.197579 -0.299249 -0.422852 4
-0.390567 0.376677 0.417891 4
-0.37793 -2.05317 -3.63245 2
-0.083765 -1.8282 -2.70035 5
0.0392344 -0.0504171 -0.108594 3
0.0217184 -0.730431 -1.14855 3
0.608538 -4.17699 -5.90098 4
0.306566 -1.38272 -2.77754 4
-0.0135646 0.0695215 0.277187 3
0.424789 -4.33577 -7.46621 4
0.348263 -0.938522 -1.27855 4
0.0305935 -0.354427 -0.412679 3
-0.124236 -0.87219 -0.915984 3
-0.706931 0.742085 1.67855 4
-0.509927 2.35007 2.54735 4
-0.0304006 0.308199 0.409658 3
-0.0123473 1.54788 1.63301 3
