# 1 = ball
# 2 = lepton
# 3 = photon
# 4 = PID > 100
# 5 = neutrino
# 6 = other
0.0457379 0.0215089 -0.47989 3
-0.00104302 0.000186009 0.000112064 3
-0.146097 -1.49039 -0.986279 4
0.0141061 -0.907211 -0.42933 4
-0.0282144 0.145036 0.0193182 4
-0.217012 -0.550027 -0.519232 4
-0.144241 -0.23405 -1.18072 4
0.0207048 0.368861 -0.179904 4
1.48496 4.62538 3.66933 4
0.2228 1.08086 0.87692 4
2.96794 17.4598 14.6014 4
-1.91319 -7.75148 -6.19539 4
-0.57131 -7.2426 -5.65886 4
-0.6329 -1.44382 -0.617101 4
-0.398043 0.135645 -0.181309 4
0.566703 3.08673 3.25937 4
0.0230694 0.00732547 -0.0322712 3
0.157689 -0.309613 -0.14674 3
0.0149267 -0.0262555 -0.0831457 3
-0.0785602 -6.49421 -4.66797 3
0.00903923 -0.00371585 -0.0344289 3
-0.304808 -0.253946 -0.313912 3
-0.668279 -1.33273 -0.682387 4
-0.612385 -0.778476 -0.752715 4
0.21423 -0.753463 -0.513958 3
0.00300534 -0.00260606 -0.0270608 3
-0.19371 1.04979 0.250083 3
-0.058281 0.113085 0.0595356 3
0.0249677 -1.38856 -1.32698 3
-0.0320133 -2.35522 -2.03533 3
0.0774432 -0.189162 -0.0816888 3
-0.0522712 -0.259953 -0.0955148 3
0.254572 5.44914 4.21734 3
-0.0143479 0.572874 0.424206 3
-0.0585937 -0.114372 -0.00831927 3
0.0234099 -0.234364 -0.147206 3
