# 1 = ball
# 2 = lepton
# 3 = photon
# 4 = PID > 100
# 5 = neutrino
# 6 = other
0.000347251 -0.0013405 -0.00258561 3
16.0829 5.60116 13.0354 4
8.82917 3.19209 7.44432 4
1.30014 0.502792 1.6789 4
3.17286 1.81065 2.50498 4
-0.433165 -0.0540035 0.164375 4
1.11736 0.564864 -0.318281 4
-0.550484 -0.2477 0.862664 4
0.388465 0.247014 -0.102404 4
-0.823978 -0.675537 -0.719256 4
-9.66203 -4.83582 -7.95398 4
-14.2436 -6.72509 -12.6326 4
-0.951477 0.368677 0.0224835 4
-0.579652 -0.187179 0.0485041 4
-0.466251 -0.167803 -1.06549 4
-1.36783 -0.363195 -1.14027 4
-0.991569 -0.758431 -1.30637 4
1.12465 0.226456 0.373748 3
0.61765 0.15313 0.311472 3
-0.37747 0.823416 0.0279772 4
-0.335862 1.13486 0.226608 4
-0.0281603 -0.0688328 0.00758949 3
-0.0587287 -0.120766 -0.193501 3
0.135833 -0.0553679 -0.135619 3
0.021658 -0.11122 -0.0457039 3
0.00814893 0.0381313 0.0192757 3
0.0652945 0.179238 -0.211713 3
0.00123273 0.001527 -0.00367731 3
-1.83399 -0.79542 -1.00285 3
-0.137945 0.137423 0.0265374 3
-0.0235499 0.186292 0.0794494 3
