# 1 = ball
# 2 = lepton
# 3 = photon
# 4 = PID > 100
# 5 = neutrino
# 6 = other
-0.000134307 -0.000649288 0.000539407 3
-4.73142 1.04295 0.0149039 4
-7.61716 1.00725 1.4223 4
-8.06589 -0.429401 2.75503 4
-0.161327 0.0461974 0.13707 4
-0.733851 1.0144 0.915844 4
-1.69319 -0.596708 0.339927 4
-0.601937 1.26987 -0.104359 4
0.431488 -0.409892 0.131117 4
2.59301 -0.887291 -0.370893 4
1.87149 0.631679 -0.816479 4
9.56547 -0.846127 -2.35872 4
-2.38099 -0.284713 1.14578 4
-1.84398 0.321724 -0.0182748 4
-2.37857 -0.247974 0.712778 4
-1.31567 -0.419008 0.00802523 4
1.30448 -0.217139 -0.524566 4
0.043327 0.558922 0.00871474 4
0.478529 0.2193 -0.297545 4
-1.20714 -0.0581917 -0.00578477 4
-1.54256 -0.228464 -0.304535 4
-0.888685 -0.14383 0.474088 3
-0.697935 -0.0451108 0.260603 3
-0.760765 -0.00495494 0.457896 4
-0.513617 0.00348946 0.147396 4
-1.85324 0.563775 0.597232 3
-0.0536448 0.0394252 0.00915348 3
12.0835 -1.31543 -3.25316 3
0.0261608 -0.00668644 -0.0126403 3
9.27662 -0.485294 -2.64942 3
2.85546 -0.129408 -0.740452 3
-0.72611 0.154871 0.362057 3
-1.0082 0.211287 0.685687 3
-0.594051 -0.170006 0.369666 3
-0.06536 -0.00372259 0.0977261 3
1.20644 -0.178644 0.091449 3
0.0704016 -0.0328952 0.0321793 3
-0.132574 -0.00120441 0.115394 3
-0.0273359 0.0009219 -0.0384587 3
-0.1368 0.0802605 0.0701199 3
-0.0742003 -0.0235784 0.132604 3
