# 1 = ball
# 2 = lepton
# 3 = photon
# 4 = PID > 100
# 5 = neutrino
# 6 = other
0.158444 0.426893 -0.316225 4
-0.694622 0.24225 -0.0268151 4
0.204393 1.3285 -0.774758 4
-0.300735 -0.364378 -0.224912 4
0.485005 -1.55888 1.02769 4
1.60734 -4.34483 4.88632 4
0.0785686 0.0846826 -0.210019 4
0.427153 -1.38249 -0.877089 4
0.536508 -1.53667 -0.230933 4
-0.179515 0.829255 -1.14644 4
0.146756 0.322906 -0.279284 4
-0.20679 -1.00508 0.877563 4
1.93797 -6.0432 7.55961 4
-1.84548 12.9142 -8.34046 4
-1.18561 7.95403 -4.32595 4
-0.444444 -0.251749 -0.517721 4
-0.176063 -0.0566736 -0.21698 4
-0.251947 0.0990191 -0.0771105 4
0.0868389 -0.116839 0.00864954 4
0.0523028 -0.512016 0.0282129 4
0.153405 -0.359794 0.550074 2
-0.816168 -1.34094 0.876961 5
0.957427 -3.62772 3.75976 3
0.401008 -1.54605 1.72732 3
-0.860523 2.99243 -2.10912 3
-1.48995 5.29227 -3.93957 3
-0.00277477 0.0099323 0.134789 3
0.189351 0.361879 -0.493601 3
0.227643 -0.153582 -0.0169563 3
-0.256154 -0.604686 0.102886 3
0.0445969 -0.168477 0.297265 3
0.700716 -1.31139 2.17612 3
0.139299 0.64334 -0.293862 3
0.0296471 0.590792 -0.359174 3
-0.117557 -0.166377 -0.0321922 3
-0.196115 -0.146054 0.0883209 3
-0.00221996 -0.317395 -0.0302539 4
0.131278 -0.122706 -0.0205066 4
0.157434 -1.25426 -0.139933 3
0.378629 -3.03602 -0.128093 3
0.0733558 -0.445851 -0.199158 3
-0.0230567 -0.451711 -0.100044 3
-0.190248 -1.19073 0.765767 4
0.00454406 -0.0258061 0.0399195 3
-0.122087 -0.179063 -0.0608106 3
0.0524489 -0.470974 0.580763 4
