# 1 = ball
# 2 = lepton
# 3 = photon
# 4 = PID > 100
# 5 = neutrino
# 6 = other
0.00582581 -0.0467452 0.03215 3
0.00427086 0.00122825 0.00243534 3
18.2953 0.824959 13.4665 4
-0.122311 0.153049 0.791961 4
-0.0872532 -0.150403 0.280359 4
-0.64506 0.224917 -0.474933 4
-0.286771 -0.1628 -0.949426 4
-1.15936 -0.00692878 -0.880875 4
-0.995427 0.412015 -1.02877 4
-4.43687 -0.102695 -4.35341 4
6.13199 -0.00155592 4.53106 4
8.79867 0.343733 5.92326 4
1.34235 -0.1214 0.16611 4
-1.8729 -0.290984 -0.38377 4
0.29058 0.308547 0.315947 3
0.325823 -0.153018 0.716663 3
-0.144997 0.0337072 -0.223195 4
0.0836484 0.0535042 -0.263209 4
-0.73039 -0.123936 0.132736 3
-0.315566 0.0776186 -0.29727 3
-1.40017 -0.0742502 -1.08196 3
-1.93826 -0.0396612 -1.31608 3
-1.40458 -0.155084 -1.02168 4
-1.28856 0.205613 -0.723048 4
-1.38492 -0.447035 -0.974816 4
-1.80755 -0.509329 -1.48577 4
0.243568 -0.364667 -0.0605074 3
0.104987 -0.0602073 -0.0633369 3
-0.124976 0.107845 -0.0950121 3
-0.993541 0.411291 -0.57209 3
-0.326352 0.167515 -0.197166 3
-0.156328 0.146887 -0.026883 3
-0.18026 -0.0229243 -0.141782 3
-2.38024 0.0842221 -1.49084 3
-0.55007 0.129963 -0.425557 3
-1.05537 0.116631 -0.639813 3
-1.09668 0.156603 -0.836126 3
-0.765096 0.0771195 -0.450628 3
-2.61043 0.0862208 -1.85707 3
-0.859583 0.0036796 -0.523278 3
-3.40029 -0.961471 -2.58187 3
-1.10686 -0.331772 -0.93905 3
