# 1 = ball
# 2 = lepton
# 3 = photon
# 4 = PID > 100
# 5 = neutrino
# 6 = other
11.5954 -9.55332 0.1336 4
4.39583 -3.53274 -0.108636 4
2.7342 -2.12753 0.445697 4
0.938967 0.552319 0.125112 4
-0.494793 -0.177361 -0.133287 4
-1.62206 1.45578 0.450026 4
2.93796 -2.25837 0.313386 4
-0.191085 0.127182 0.0469687 4
-0.0177071 0.179906 -0.519829 4
-0.752143 0.240534 -0.729998 4
-0.486149 0.835167 -0.487327 4
-0.927392 -0.00628255 -0.032819 4
-3.90401 3.74634 0.662265 4
-9.69209 8.24005 2.57017 4
10.929 -9.71187 0.55035 4
-2.00083 1.31798 -1.25499 4
-0.867734 0.683825 -1.23324 4
-0.102796 -0.4367 -0.246612 3
-0.0203774 -0.144763 -0.180651 3
-1.248 0.569158 -0.577596 3
-0.196162 0.151133 -0.0178108 2
-0.661667 0.56335 -0.0476001 2
-0.271433 0.205409 -0.182885 4
-0.847683 0.88963 0.0805109 4
-7.20265 6.76545 0.973713 3
-1.0853 0.834201 -0.0179174 3
-0.00191004 0.103971 -0.331793 3
-0.000404438 -0.043745 -0.151132 3
-0.451146 0.333149 -0.0553522 3
-0.485876 0.198165 -0.0423186 3
