# 1 = ball
# 2 = lepton
# 3 = photon
# 4 = PID > 100
# 5 = neutrino
# 6 = other
-0.0468291 0.0811402 0.858915 4
0.0776949 -0.13037 0.0418093 4
-2.26578 1.5935 6.18332 4
0.170387 -0.283369 1.68626 4
-0.641186 0.453362 -0.0168756 4
0.721041 -0.473493 -0.311232 4
-0.131051 -0.145326 0.0136734 4
0.176609 -0.0325782 -0.35566 4
0.076489 0.099656 -0.219567 4
4.00704 -3.31588 -12.7527 4
1.69329 -1.90291 -6.40046 4
-5.06701 4.72427 16.1533 4
-1.83162 0.599964 3.99158 4
-0.782859 0.446985 3.05959 4
0.550334 0.2123 0.378112 4
0.17964 -0.380327 -0.38717 4
0.509363 -0.670987 -2.51579 4
-1.91372 1.45754 4.47912 3
-0.819031 1.07984 2.94413 3
0.21055 -0.118842 -0.214413 4
-0.118468 -0.265986 -0.454429 4
1.56645 -1.05373 -5.44422 4
0.375695 0.00479321 -0.693319 4
2.61867 -1.54711 -7.58848 3
0.673904 -0.403473 -1.78297 3
-0.00403185 0.0528949 -0.148067 3
-0.145249 0.0460305 -0.132718 3
0.12083 -0.0752267 -0.34742 3
0.0388585 -0.0526612 -0.0243074 3
