# 1 = ball
# 2 = lepton
# 3 = photon
# 4 = PID > 100
# 5 = neutrino
# 6 = other
2.39641 1.15085 -3.0665 3
0.0014152 -0.00243897 0.000262987 3
0.00138273 -0.00252963 -0.0118472 3
-6.25675 1.63227 0.115779 4
-0.144489 0.256278 0.0311837 4
-1.56453 -0.284414 0.209853 4
-0.260816 -0.153346 0.393821 4
14.7587 -4.82421 -0.405703 4
-9.15891 2.87729 0.175907 4
-0.960179 0.411426 -0.173303 4
10.2608 -2.67209 -0.682502 4
-4.20327 1.68683 0.379718 4
-1.78835 0.687713 0.34619 4
-1.89726 0.160268 0.319263 4
-1.82556 0.354311 0.467774 4
-0.853662 0.287294 0.27785 4
-1.83226 0.558791 0.177322 4
2.12031 -0.173572 -0.188598 4
0.604493 -0.281772 -0.089175 4
-0.773427 0.257596 0.0518023 3
-3.39066 0.971914 0.463023 3
-3.35096 0.657785 0.654853 3
-0.777711 0.189462 0.098367 3
0.397656 -0.130744 -0.0657574 3
3.24513 -1.1827 -0.16881 3
-0.351226 0.0705162 -0.0505584 3
-0.718391 0.138347 0.0895655 3
-0.292835 0.0993054 0.120906 3
-0.393276 0.0496375 0.0214829 3
-0.758266 0.428012 0.211683 3
-0.540533 0.323984 0.273133 3
1.46412 -0.352965 0.086752 3
0.0163617 0.0103303 0.00380306 3
1.59092 -0.861289 0.028308 3
1.00575 -0.43016 0.0469036 3
2.37624 -1.09664 -0.0761866 3
0.671923 -0.309674 -0.0935213 3
0.800635 -0.402369 0.0422289 3
0.381016 -0.0992907 -0.0152711 3
