# 1 = ball
# 2 = lepton
# 3 = photon
# 4 = PID > 100
# 5 = neutrino
# 6 = other
4.33678 4.11755 1.20145 4
1.26769 0.80333 -0.00573933 4
3.56197 8.36716 -1.19147 4
0.110481 2.54543 0.637552 4
-0.581577 1.63964 0.441911 4
0.0505183 -0.126059 -0.147252 4
-0.812305 -1.63142 -0.322386 4
0.700754 1.21674 0.210294 4
4.7275 6.02493 1.88261 4
-0.836786 -1.43512 -0.186865 4
-1.35206 -1.23777 0.074415 4
-1.76968 -1.87485 0.201874 4
1.72869 2.77637 0.161811 4
2.53218 4.51013 -0.0742494 4
1.34781 1.80597 0.162938 3
0.587444 0.776221 0.159474 3
-0.00180615 -0.0425974 -0.0976831 4
0.0983251 -0.171639 0.157098 4
-0.203905 -0.563076 -0.277472 4
-0.613789 -0.674221 -0.182337 4
-2.5327 -4.3137 -0.513722 4
-6.18205 -11.5346 -1.37776 4
-0.420433 -1.59377 -0.0739539 3
-0.0980308 -0.420401 -0.0878333 3
0.327552 0.716718 -0.0653751 3
0.99012 2.22471 0.0341631 3
-0.0778259 0.194355 0.0915065 3
-0.0838965 0.0289538 0.0983225 3
-0.199863 -0.315728 -0.0577889 3
-0.513322 -0.910703 0.0579581 3
-5.97951 -10.7248 -0.880857 3
-0.108291 -0.177704 -0.0306417 3
