# 1 = ball
# 2 = lepton
# 3 = photon
# 4 = PID > 100
# 5 = neutrino
# 6 = other
-0.0639107 0.0161609 -2.30338 3
0 0 0.000272233 3
0.869863 -0.995356 1.46177 4
0.169406 0.326169 0.176053 4
-3.28663 4.27768 -4.46554 4
0.684064 -0.597768 0.85157 4
0.137821 -0.101906 -0.096388 4
0.604821 0.0453057 1.20815 4
0.499708 -0.233906 -0.129233 4
-0.425372 0.0416513 -0.421152 4
0.372592 0.254538 0.249269 4
-4.37405 2.56946 -4.4559 4
-0.776341 0.272602 -0.540648 4
-0.743051 0.922796 -0.119091 4
-0.000564651 0.000396936 -0.00402627 3
0.2013 0.264588 -0.263315 4
0.508803 0.370664 0.127853 4
0.0681091 0.0763005 -0.0601309 4
-0.2524 0.138268 -0.0998353 4
-0.147587 0.241442 -0.142884 3
0.146529 -0.670905 0.271895 3
-0.0265257 -0.112774 0.0694789 3
0.0395424 -0.000793398 0.0224192 3
0.55348 0.522024 0.279707 3
-1.74663 1.95473 -2.12404 3
-0.073614 0.062993 -0.051482 3
0.561285 -0.799707 0.811405 4
0.0627407 0.0453503 0.0370923 3
-0.0141271 -0.0641339 0.0106942 3
-0.483849 0.439678 -0.616845 3
-0.0457111 0.118036 -0.136457 3
-1.50295 2.59779 -1.32437 4
0.0550259 -0.252209 0.201958 3
0.590914 -0.96002 0.644701 4
0.846345 -0.829108 0.929376 4
2.57239 -2.89012 3.04538 4
0.670007 -0.723362 0.512657 4
0.66722 -0.494479 0.481303 3
1.0735 -1.86989 1.20146 3
1.22277 -1.93809 1.85045 3
2.44697 -2.86618 2.48832 3
-0.668699 0.968691 -0.343156 4
-0.850623 1.16726 -1.23387 4
-3.21991 3.20255 -2.35302 4
-1.13989 0.679672 -0.960927 4
-0.0116091 0.00426512 0.00692661 3
-0.391029 0.651025 -0.505 3
0.61439 -0.522683 0.518148 5
0.518601 -1.00633 0.814533 3
0.670121 -1.04538 0.993152 3
0.444309 -0.56416 0.501716 3
0.190826 -0.391868 0.366246 3
-0.272556 0.728919 -0.254173 4
0.00316952 0.056701 0.0185771 3
-0.163781 0.270319 -0.155108 3
0.00891856 0.0416045 0.0204861 3
-0.111661 0.120495 -0.14129 3
-0.409275 0.246228 -0.390704 3
-0.0838865 0.129435 -0.0866742 3
0.0209357 0.00708804 -0.00293414 3
-0.0484933 0.155714 -0.0979979 2
-0.0628334 0.19989 -0.144391 2
-0.17968 0.262698 -0.0942101 3
-0.142052 0.512514 -0.153962 3
1.542 -1.71388 2.32052 5
1.18691 -1.6308 1.49997 2
2.63148 -4.14354 2.3692 5
-1.44567 2.11326 -1.80923 3
-0.291926 0.342396 -0.281349 3
