# 1 = ball
# 2 = lepton
# 3 = photon
# 4 = PID > 100
# 5 = neutrino
# 6 = other
-4.54066 -5.0117 3.74233 4
0.667215 1.12471 -0.234563 4
3.39387 3.65029 -2.7036 4
-1.67921 -1.73023 1.51886 4
-0.648942 -1.16444 0.614298 4
-0.397512 -0.819095 0.673795 4
-0.166638 -0.0853367 -0.318417 4
0.248325 -0.148996 -0.189755 4
0.195667 -0.161024 -0.0656336 4
-0.0275583 0.0132283 -0.346152 4
1.54138 2.04599 -1.97173 4
-1.04187 -0.812853 0.585553 4
-1.86713 -2.80644 1.76239 4
-4.27447 -5.22998 3.6419 4
-0.421443 -0.641549 0.528273 3
-0.0298091 -0.0540562 0.0646179 2
-0.326259 -0.542802 0.568615 2
0.0435272 0.552905 -0.225894 3
-0.00451252 -0.00711972 -0.00697778 3
0.502502 0.77932 -0.387526 3
0.466354 0.510049 -0.301465 3
-6.92867 -8.77244 6.15409 4
-0.915703 -1.21578 0.696304 3
-0.0130782 -0.0620738 0.0289338 3
-0.353409 -0.559598 0.360292 3
-0.312404 -0.76629 0.496275 3
2.53498 3.14309 -1.74304 2
2.8954 3.6467 -2.09935 5
0.170585 0.215674 -0.202274 3
0.968765 1.20163 -0.760999 3
7.02289 9.56629 -6.53231 4
1.86244 2.34297 -1.81276 3
1.43538 1.79897 -1.53407 3
