# 1 = ball
# 2 = lepton
# 3 = photon
# 4 = PID > 100
# 5 = neutrino
# 6 = other
-10.5498 -7.60464 6.64975 3
-0.992117 -1.37228 1.38355 4
-3.61392 -4.09306 3.85793 4
-0.00971725 0.0509126 -0.215517 4
5.72125 5.32033 -5.42046 4
-1.33062 -1.99993 1.97868 4
-1.77101 -1.33482 0.981473 4
-2.04346 -2.46528 3.02931 4
0.0474899 0.000333767 0.0932602 4
-1.09671 -0.276568 0.540542 4
0.802897 1.04704 -0.148813 4
-0.254455 0.431904 -0.0930999 4
3.16012 2.20871 -2.4333 4
-1.08216 0.107793 1.25846 4
-0.566182 -0.169111 0.659029 4
-1.04473 -2.72891 1.91819 4
0.00953087 0.0180374 -0.0197673 3
0.0553195 0.786277 0.0680662 3
0.421964 0.084257 -0.0542376 4
0.293914 -0.337874 -0.133602 4
8.35409 6.78605 -6.92163 4
-0.0755916 0.0232163 0.108514 3
-0.183218 -0.0667433 0.0526005 3
1.85793 1.8288 -1.82251 3
0.680877 0.789595 -0.721736 3
-3.29624 -2.9845 2.25458 4
-0.0503561 0.0383358 0.0066088 3
0.0768478 0.0142309 0.057227 3
4.97339 4.11385 -5.16116 4
1.5047 1.78403 -1.75188 4
