# 1 = ball
# 2 = lepton
# 3 = photon
# 4 = PID > 100
# 5 = neutrino
# 6 = other
-0.421539 -9.33568 -1.32478 4
-0.0211137 -0.311298 -0.381749 4
-0.014111 -0.18577 -0.26096 4
-1.28213 -3.50268 0.81607 4
-0.100731 1.86513 0.184093 4
-1.16997 -15.5428 -2.79092 4
-0.609873 -0.790312 -0.132983 4
-0.747684 -0.856394 -0.203402 4
0.215258 -1.23937 -0.0688887 4
0.0479863 -0.888493 0.509471 4
0.0620875 -0.0271459 0.18118 4
-0.0399598 0.218952 0.918216 4
-0.0855688 -0.259803 0.203202 4
0.154216 0.203027 0.420545 4
0.24614 1.46137 -0.0542283 4
2.37937 13.4698 0.297196 4
-0.0611109 -0.257368 -0.016933 3
-1.02891 -7.44097 -0.453365 3
-0.424428 -0.120904 -0.430954 3
-0.0266308 0.000131009 0.00766473 3
-0.119527 -0.0210764 -0.189486 3
-0.0954138 0.0982723 -0.115244 3
0.272445 1.14032 0.0349492 3
0.212133 2.14036 0.758466 3
1.43189 6.91112 0.697224 4
2.14363 10.7259 1.16958 4
0.0345073 -0.0857547 -0.0220234 3
-0.0538323 -1.06629 -0.259947 3
-0.0397613 0.0828527 -0.0211395 3
-0.596717 0.609345 0.107154 3
0.0227124 0.284209 0.0692133 3
0.19202 1.76276 0.781927 3
0.00143284 0.0891192 -0.0305504 3
-0.0374437 0.861595 0.123086 3
0.0130247 -0.0517287 -0.169745 3
-0.0847815 0.0379809 -0.144347 3
-0.0442352 -0.036577 0.00266831 3
-0.0419498 0.088921 -0.0854489 3
-0.258864 -0.0701769 -0.105599 3
-0.0225734 0.0394163 -0.0192125 3
