# 1 = ball
# 2 = lepton
# 3 = photon
# 4 = PID > 100
# 5 = neutrino
# 6 = other
3.41599 1.19002 6.6854 4
-0.987155 -0.612126 -2.93913 4
-1.45382 -1.44282 -5.26653 4
-4.22835 -2.18955 -11.1521 4
3.23735 1.77725 8.355 4
4.9929 3.20412 12.7492 4
0.198705 0.469549 1.21048 4
0.203558 0.321149 0.568006 4
-0.270604 -0.0858267 3.65908 4
-0.17782 0.25075 0.786841 4
-0.026549 -0.258195 0.0161532 4
-0.574964 0.31375 -2.15755 4
-1.18152 -0.396486 -4.77057 4
0.0679716 0.466934 0.928336 4
-0.427177 -0.39992 -2.03457 4
0.142879 -0.323367 0.180621 4
0.174559 0.136142 -0.0788845 4
-0.259027 -0.200645 -0.396707 3
-0.0402346 0.0199889 -0.0809424 3
-0.305394 0.0435402 -0.774828 3
-0.160667 -0.0327883 -0.687493 3
-2.1184 -1.66109 -7.72479 3
-1.02155 -0.756285 -3.39471 3
0.947173 0.574286 3.68154 3
0.202385 0.05515 0.673726 3
-0.133385 -0.0605156 0.349728 3
-0.0648133 -0.0148045 0.585168 3
-0.0313676 -0.141129 0.617997 3
-0.0932747 -0.236126 0.531877 3
0.0189689 0.0095183 0.00153913 3
-0.237423 0.0697956 -0.00279885 3
0.0068044 -0.0642903 -0.0294272 3
0.184252 -0.0259674 -0.0896389 3
