# 1 = ball
# 2 = lepton
# 3 = photon
# 4 = PID > 100
# 5 = neutrino
# 6 = other
-0.000846747 -0.000910952 0.0812378 3
3.15546 0.818065 -4.39923 4
0.181177 -0.455801 -0.475449 4
0.343374 -3.36047 -3.62433 4
-0.0741192 -1.36761 -1.08144 4
-0.622189 -2.05276 -1.63749 4
-0.579356 0.107105 -0.0527692 4
0.393514 -0.166613 -0.0153599 4
0.2553 -1.40609 -0.655109 4
0.145034 -0.3275 -0.335097 4
0.169508 -0.541041 -1.12188 4
0.149946 0.0131925 -0.133404 3
0.355142 -0.173424 -0.440657 3
-0.27063 0.145905 0.548541 3
0.207512 0.029148 -0.0299336 3
0.048827 -0.0203011 -0.0850305 3
-0.568956 -0.408638 -0.734744 3
-0.0328839 -0.0467982 -0.120896 3
1.08116 -0.370418 -0.567789 4
0.22056 0.335553 -0.156135 3
0.0426478 0.250081 -0.127811 3
-0.177865 -0.0752677 0.242757 3
-0.062762 0.0123496 0.00210168 3
-0.320573 0.0703733 0.285402 3
-0.398283 -0.0623935 0.369874 3
-0.346664 -0.0289092 0.627138 3
-0.00434173 0.00594526 -0.00587863 3
-10.0191 3.97997 19.3305 5
-1.21865 1.86377 4.03632 2
2.182 0.0220996 -5.67367 4
0.112681 -0.00302529 -0.184721 4
3.38312 0.267597 -5.05277 4
3.33577 0.695822 -3.92453 3
0.332397 0.0337697 -0.349313 3
1.58856 0.204825 -1.95356 3
0.160953 -0.0171324 -0.166972 3
1.79849 0.294247 -2.0319 3
0.213865 0.0223482 -0.177679 3
-3.23992 0.686955 5.6968 4
-0.367572 -0.0212906 1.16928 4
-1.11444 0.940121 2.12568 4
-0.427763 0.0805946 0.780412 3
-0.0101169 0.0265616 0.0195196 3
