# 1 = ball
# 2 = lepton
# 3 = photon
# 4 = PID > 100
# 5 = neutrino
# 6 = other
-0.0127752 -0.00216732 -0.31535 3
0.483237 -0.262753 -2.461 3
-0.179319 -1.00542 -1.15963 4
-0.17295 -4.09524 -4.46817 4
-0.500603 -1.42471 -0.782775 4
0.854987 -1.19199 -1.57141 4
0.177213 0.652741 0.512076 4
0.172114 0.369212 0.579971 4
-0.125405 1.20121 0.665739 4
-0.125554 1.93594 1.46073 4
-0.157823 -3.99555 -4.14759 4
0.329218 -0.898112 -0.8368 4
0.307844 -0.88307 -1.01814 4
-0.0114341 -1.08635 -0.755061 4
0.850221 -0.905976 -1.18378 4
-0.0741429 0.0159787 -0.195333 4
0.209911 0.85305 0.589951 4
0.700247 6.34494 5.65378 4
-0.118128 7.30649 7.88543 4
0.425994 8.95319 9.48662 4
-0.16551 0.0309778 0.435347 4
-0.777943 -3.51039 -2.58415 3
-0.489212 -1.9144 -1.51652 3
-0.0727099 -0.471657 -0.437671 3
-0.301246 -1.33263 -0.984718 3
-0.0687464 0.226616 0.344503 3
-0.7146 1.96859 2.41507 3
0.0167776 -0.214078 -0.177166 3
0.100683 -6.47154 -6.16958 3
-0.219509 -0.238462 -0.305286 3
-0.337758 -0.524759 -0.393111 3
-0.0359622 -0.00546144 -0.0273752 3
0.0959055 -0.150138 -0.136823 3
0.012226 -0.131879 0.408188 3
0.00105215 0.0313338 0.183845 3
-0.0894436 0.432805 0.603337 3
0.0131467 0.393663 0.402853 3
