# 1 = ball
# 2 = lepton
# 3 = photon
# 4 = PID > 100
# 5 = neutrino
# 6 = other
-0.00361801 -0.221157 -0.27135 3
-0.00146344 0.00300915 -0.0130728 3
-0.00112635 9.40531e-05 0.0682811 3
5.54875 6.11106 5.05751 4
0.699969 0.506518 -0.0569393 4
-0.0969137 -0.0475002 0.103369 4
-0.58946 -0.326657 -0.723545 4
-13.7998 -15.5633 -15.078 4
5.48717 5.43252 5.02904 4
5.33161 5.0794 3.96679 4
-0.0300555 -0.100587 -0.225662 4
-0.179291 -0.471801 -0.240432 4
1.71018 1.68002 1.97613 4
-0.506375 0.364392 -0.0315277 4
0.867388 0.465053 0.899512 4
-0.0200442 0.190356 0.160268 4
0.0457157 0.0343013 0.00816801 3
0.710659 0.58174 0.722133 3
0.165165 0.527614 0.681388 3
0.347783 0.666077 1.06437 3
0.448935 0.808189 1.15781 4
0.972008 1.05504 1.15391 4
-0.0757484 0.0857695 0.0292231 3
-0.419951 0.159144 -0.0437831 3
-0.174908 -0.17821 -0.0938174 3
-0.077418 -0.257884 -0.161695 3
0.116846 0.107297 0.113549 3
0.461248 0.853465 0.585134 3
0.0645553 0.11444 0.318525 3
0.17874 0.0774796 0.251264 3
-0.0151933 -0.271116 0.0222171 3
-0.0232621 0.00806785 -0.00841403 3
0.649726 0.862251 0.725442 3
0.170887 0.188969 0.101563 3
0.0649631 0.0973035 0.0239691 3
0.1732 0.0722829 0.190891 3
0.216224 0.271558 0.263647 3
-0.0181371 0.00513729 0.0117941 3
0.0285668 0.0867934 0.0554112 3
0.384051 0.284738 0.424095 3
0.1338 0.14216 0.0734366 3
-0.0303585 0.043119 0.0453651 3
-1.47461 -1.51431 -1.33053 3
-0.538155 -0.491813 -0.540041 3
-2.61912 -2.91744 -2.53182 3
-2.17886 -2.24705 -2.01042 3
-0.465962 -0.444304 -0.411511 3
-1.63832 -1.91224 -1.51165 3
