# 1 = ball
# 2 = lepton
# 3 = photon
# 4 = PID > 100
# 5 = neutrino
# 6 = other
-0.0367204 -0.0443737 -0.0248147 3
-5.62344 -1.03358 5.54819 4
-2.78748 -2.15695 3.87975 4
-0.0521471 -0.0955235 -0.000839789 4
-0.661082 -0.33682 0.722021 4
-0.66446 -0.874077 0.383391 4
-1.33156 -0.868279 1.77462 4
-2.37531 -3.75287 -0.28633 4
-1.77114 -0.82426 -0.326921 4
1.97279 2.05006 -1.31453 4
0.47043 0.656917 0.408465 4
-0.29986 -0.585172 1.31263 4
-0.152503 -0.177182 0.721745 4
-0.477047 -0.918568 0.880235 4
-0.719888 -0.257327 0.082613 4
-2.25564 -3.07987 -1.67341 4
-1.05216 -1.4644 -0.246367 4
-0.0552905 -0.592883 -0.23997 4
0.514196 0.70767 -0.583522 4
0.334765 0.037011 0.0381557 4
0.292505 0.553184 -0.762113 4
1.04737 0.878434 -0.632164 4
0.866515 1.00268 -0.303957 4
4.27485 3.72688 -2.49799 4
6.69378 4.49504 -4.28575 4
8.62387 5.3182 -5.09194 4
2.79255 2.15313 -1.51678 4
-2.36305 -0.422642 2.5702 3
-0.32851 -0.0710964 0.435712 3
-0.797969 -0.809956 0.506315 4
-0.284305 -0.180658 0.115597 4
-0.236361 0.292888 0.170485 4
0.0741725 0.243107 -0.028767 4
-0.0592144 0.0672727 -0.0176144 3
-0.508371 0.188172 0.0929635 3
0.036843 0.194167 -0.114906 3
0.116851 -0.3807 -0.334463 3
0.04011 -0.19821 0.0463861 3
-0.0991356 -0.285404 0.0262895 3
-0.799211 -0.825346 0.891033 3
-0.199414 -0.309936 0.316355 3
-0.00354075 -0.0167189 0.0432541 3
0.0840903 0.152163 0.0494245 3
-0.979115 -0.86899 -0.480384 3
-0.398772 -0.477624 -0.235997 3
-0.00532023 -0.0158042 0.00619174 3
-0.777822 -0.185108 -0.225506 3
0.395612 -0.049812 -0.142788 3
0.257791 0.0373283 -0.00796349 3
-0.551383 -0.468187 0.388331 3
-0.345411 -0.19315 0.142447 3
0.0891257 0.0292268 -0.177491 3
0.0743963 0.0379543 0.000468073 3
