# 1 = ball
# 2 = lepton
# 3 = photon
# 4 = PID > 100
# 5 = neutrino
# 6 = other
0.0466804 0.158782 0.0120668 4
1.27472 -2.42472 0.919413 4
-0.462144 0.119136 -1.23848 4
-0.878585 1.23734 -0.254705 4
0.0973481 2.39264 -0.331075 4
-0.358058 0.712291 -0.0025228 4
-0.864857 2.6789 -1.0911 4
-1.97529 5.93763 -0.620696 4
-0.232968 -0.627297 0.140119 4
0.13592 -0.317829 -0.145476 4
-0.929512 3.43531 -0.382803 4
0.350368 -0.907189 0.358291 4
-0.14606 0.12466 -0.0313811 3
-0.135399 0.115758 -0.177093 3
-0.700639 1.39309 -0.472394 4
-0.855349 1.19859 -0.572899 4
0.00897959 0.0650836 -0.0434469 4
-0.0615127 0.82198 -0.422367 4
-1.746 3.26149 -1.76568 4
0.179849 -0.920129 0.358289 3
0.187996 -1.04225 0.561437 3
-0.256126 -0.662334 -0.0703181 4
0.139631 -0.193966 -0.146243 4
0.328045 -1.30946 0.502584 4
1.01779 -2.54904 0.967162 4
-0.0513781 -0.0429913 0.0661659 3
0.0796601 -0.0188309 0.0445841 3
-0.35291 0.87223 -0.555624 3
-0.0896232 0.479219 -0.285708 3
-0.21177 0.372316 0.0419058 3
-0.0413178 0.00503186 0.024349 3
-0.155595 0.38632 0.00760546 3
-0.0590318 0.504553 -0.0541484 3
-0.256253 0.557172 -0.284445 4
-0.0618021 -0.105254 -0.103185 3
-0.0953823 0.0174178 -0.0292003 3
0.0122859 -0.0392469 -0.000816651 3
0.565907 -2.9519 1.05688 3
7.59002 -13.9795 6.07781 4
0.437878 -0.762533 0.251637 4
3.54385 -7.16986 3.33235 4
0.580115 -1.40985 0.321776 4
-2.92964 4.48106 -2.36606 4
-2.66984 6.10613 -3.59659 4
