# 1 = ball
# 2 = lepton
# 3 = photon
# 4 = PID > 100
# 5 = neutrino
# 6 = other
5.41119 2.78032 1.40027 4
8.12671 4.69733 2.08513 4
3.55995 1.07928 1.38695 4
5.04298 0.194658 1.58873 4
-0.105853 0.2324 0.201858 4
-0.728429 -1.14336 -0.354199 4
-1.066 -1.0398 -1.24807 4
-1.53985 -2.26327 -1.25344 4
-2.55205 -0.721396 -1.37183 4
-5.95794 -1.58687 -0.632844 4
-1.89356 -0.810866 -0.211327 4
-18.0088 -4.00564 -1.06945 4
3.14152 1.65584 1.05014 4
1.79666 0.596206 0.485082 4
1.16549 0.477756 0.117329 4
-0.257506 -0.379378 0.0987403 4
3.49268 1.79777 0.274524 4
-0.802366 -0.53183 -0.777423 4
0.916903 0.492659 0.189001 3
2.57573 1.13253 0.499768 3
0.540135 -0.238664 0.203516 3
0.288249 -0.0651701 0.0236793 3
0.0612413 0.0389707 -0.125186 4
0.178069 -0.171586 -0.122019 4
-0.527615 -0.908523 -0.519339 4
-0.676306 -0.43965 -0.276464 4
-1.56175 0.0213808 -0.322174 4
-0.422847 -0.158903 0.0157162 4
1.11181 0.352258 0.328314 3
0.406167 0.147284 0.040025 3
0.262047 -0.0740079 0.00494387 3
0.0607105 -0.0775506 -0.0532722 3
0.872102 -0.081614 -0.22728 3
0.142954 -0.0653044 -0.0175963 3
0.388322 0.415839 -0.0428257 3
0.301073 0.175775 0.00431981 3
-0.104974 0.0862731 -0.246859 3
-0.209853 0.0820296 -0.161883 3
0.126941 -0.11138 0.029625 3
0.0121677 -0.101341 -0.0588282 3
-0.703427 -0.633539 -0.487733 3
-0.590749 -0.567114 -0.288114 3
-1.15235 -0.206277 -0.0596466 3
-1.11957 -0.0735221 -0.099847 3
