# 1 = ball
# 2 = lepton
# 3 = photon
# 4 = PID > 100
# 5 = neutrino
# 6 = other
-0.00321004 0.195183 -1.14606 3
0 0 -0.000381627 3
-1.55663 -1.12855 0.677111 4
-0.134403 -0.313963 -0.113048 4
0.34988 0.148012 0.169898 4
1.07402 1.24652 -1.73141 4
1.76211 1.58156 -2.68156 4
-2.68071 -1.07608 3.05552 4
-3.12121 -1.36794 4.23609 4
-5.36001 -2.75393 4.51521 4
-0.956837 -0.895936 1.60132 4
-0.493687 -0.492019 0.648709 4
-3.10805 -1.79047 4.11585 4
-1.25535 -1.76665 1.58292 4
-0.21185 -0.258006 -0.0034121 4
-0.428641 -0.555755 0.104922 4
-0.0449009 -0.274719 0.502165 4
0.0653195 -0.0704692 0.0150113 4
0.169956 0.0518129 -0.821219 4
0.959166 0.189302 -0.791919 4
11.4992 6.42348 -10.3411 4
4.63407 2.49443 -4.6231 4
-0.759042 -0.650328 0.317305 4
-0.0478607 -0.0409021 0.308208 4
-0.858676 -0.479232 1.07301 4
0.0309521 -0.0375197 -0.158376 4
0.391931 0.317003 -0.782343 4
0.918289 0.561364 -0.899503 4
3.90079 1.67082 -3.00202 4
0.57062 1.23162 -0.840841 3
0.129169 0.156405 -0.119099 3
-0.0153511 0.0225595 -0.00265845 3
0.291642 0.477168 -0.13057 3
-1.23911 -0.733022 1.08509 3
-1.00498 -0.6429 1.04833 3
-1.06937 -0.605966 0.963975 3
-0.335181 -0.10869 0.259693 3
-1.92919 -0.951074 1.68617 3
-0.601534 -0.241954 0.580859 3
-0.344944 0.0520392 0.207348 3
-0.0322213 -0.0378262 0.0502065 3
0.171363 0.0120818 0.0441395 3
0.0284675 0.0531836 0.0839561 3
0.0578332 0.0405362 0.0288458 3
0.0454482 0.0116455 -0.109132 3
-0.04959 0.00260175 0.0186748 3
0.0660874 -0.0883482 0.0172275 3
-0.0500528 0.0671367 -0.0986147 3
0.00203393 0.190397 -0.032427 3
0.505047 0.114563 -0.532553 3
0.0692632 0.0508379 -0.0364602 3
