# 1 = ball
# 2 = lepton
# 3 = photon
# 4 = PID > 100
# 5 = neutrino
# 6 = other
0 0 0.000216521 3
0.0578209 0.554456 0.110724 4
0.65422 0.803765 0.828304 4
2.92299 2.61734 1.51079 4
0.627664 0.951562 0.38033 4
0.0512795 0.152235 -0.45479 4
-0.379383 -0.216474 -0.0172064 4
-3.91647 0.243865 0.766358 4
-7.71629 -1.07729 2.68329 4
-0.97533 0.335281 0.435881 4
0.686533 -2.27112 -1.63569 4
0.781985 -4.79407 -3.4495 4
0.69324 0.403346 0.371862 4
0.2858 0.95615 0.100032 4
0.290292 0.335362 -0.971516 4
-0.028134 -0.182462 0.110715 4
-0.008547 0.0178255 -0.210153 4
-2.5762 -0.337792 0.587693 4
-0.160035 -0.270109 0.144183 4
-0.371905 -0.0292112 -0.458155 4
0.0738332 -0.303284 0.188812 4
-0.652416 -0.0452341 -1.29764 4
-0.727006 -1.03752 -0.537514 4
0.000141107 -1.55763 -0.471149 4
0.348134 -0.957029 -1.24299 4
11.0297 6.99875 4.90846 4
1.24551 1.32777 0.175659 4
-0.579019 -0.189569 -0.366841 4
-0.34416 -0.87736 -0.631376 4
0.203352 0.125545 0.0790401 4
0.527705 0.592016 0.138595 4
0.344989 0.563335 -0.301661 3
0.29011 0.444534 -0.115805 3
0.388207 0.0339709 -0.38331 4
0.257123 0.482768 -0.056779 4
-0.546723 -0.134378 0.416871 3
-0.392204 -0.0866504 0.166529 3
-2.78275 -0.0939966 1.19519 4
-1.81873 -0.119503 0.735864 4
-0.248694 -0.024048 0.0859 3
-1.1558 -0.404543 0.362256 3
0.0201936 -0.235956 -0.417669 3
-0.082925 -0.718634 -0.937186 3
0.189443 -0.251313 -0.205601 3
1.34679 -2.23365 -2.04871 3
1.51003 1.21994 0.654125 3
0.0602445 0.0800728 0.0149426 3
0.214765 -0.167078 -0.0162103 3
0.00167692 0.0131211 -0.0248809 3
1.58401 0.231426 -1.00774 3
0.471051 0.132836 -0.355511 3
0.12519 -0.168311 0.176648 3
-0.0181217 -0.158539 0.146283 3
-0.933691 -0.0752054 0.443401 3
-1.54702 0.0430213 0.783632 3
-0.028079 -0.129029 -0.0279453 3
-0.103476 -0.247523 -0.271824 3
-0.0403394 -0.129141 -0.02829 3
-0.406189 -1.02967 -0.636192 3
0.736082 0.742743 0.162499 3
0.447771 0.0529665 -0.13281 3
0.0949965 0.0286336 -0.124275 3
-0.0232304 0.0686857 -0.028163 3
