# 1 = ball
# 2 = lepton
# 3 = photon
# 4 = PID > 100
# 5 = neutrino
# 6 = other
-0.0179541 0.371459 -1.47875 3
0.00104297 0.00260174 0.313 3
-3.45277 -9.84824 2.16647 4
0.48709 1.75435 0.169088 4
0.439533 0.962083 -0.393083 4
0.337938 0.633652 -0.480908 4
0.0694727 0.813738 0.183644 4
-0.264693 -1.09445 -0.163462 4
-0.504823 -0.419018 0.0144054 4
-1.52816 -3.41456 0.958028 4
-6.33809 -25.2013 6.0308 4
0.60406 2.37905 -0.535588 4
1.68782 5.11012 -0.940669 4
-0.0501217 0.957484 0.0450482 4
-0.0195463 0.234379 0.0126286 4
0.836808 2.42809 -0.804784 4
0.417651 0.809072 -0.110936 4
-0.260282 -1.71755 0.882675 4
1.19003 4.84371 0.100037 4
0.39581 1.31663 -0.0168985 4
1.29465 5.71183 0.0779926 3
-0.0725658 0.592885 -0.101539 3
0.0547263 0.285387 -0.0774123 3
0.199009 0.806314 -0.373494 4
0.316288 0.935829 -0.799425 4
2.08343 3.35527 -1.15957 4
0.0771592 0.272697 -0.0654558 3
0.266475 1.29531 -0.724894 3
0.0970694 0.362223 -0.130655 3
0.819428 2.52493 -1.07517 3
0.635739 2.3328 -1.04126 3
0.0621488 0.121514 -0.0436999 3
0.135644 0.481711 -0.43616 3
