# 1 = ball
# 2 = lepton
# 3 = photon
# 4 = PID > 100
# 5 = neutrino
# 6 = other
0.00417426 0.0204119 0.198149 3
0.227634 -5.17339 -5.57802 4
0.826571 7.26986 8.41526 4
1.05265 2.13452 2.54241 4
-0.616288 -0.558836 -1.16615 4
-1.07926 -1.27665 -2.87436 4
-0.0852361 -0.695477 -1.23937 4
-0.299327 0.232334 0.154323 4
0.0595655 0.122812 0.069728 4
-0.602981 0.30282 -0.614066 4
0.255335 -0.00848322 -0.070583 4
-0.468674 0.977485 1.67253 4
0.301222 0.26625 -0.182866 4
0.716142 -9.32482 -10.6806 2
-0.231964 -1.36769 -1.28832 5
1.17258 -7.7175 -9.19174 4
0.0268886 0.236165 0.444227 3
0.0836863 0.877556 1.23508 4
-0.214752 1.21709 2.02803 4
-0.841789 0.180997 -0.909016 3
-0.0760622 0.0295948 -0.0371846 3
0.00527442 0.0480137 -0.0295175 3
0.111557 -0.0309938 0.0419647 3
-0.0492642 -0.355259 -0.463 4
-0.0354808 -0.593258 -0.421573 4
-0.142732 -0.34252 0.0405226 3
0.0263279 -0.0361149 0.0221536 3
0.0583886 -0.231228 0.0957758 3
0.0250465 -0.0474398 -0.0420369 3
-0.0376618 -0.072137 0.206318 3
-0.0351199 -0.486932 0.672562 3
0.0231419 1.94187 2.48537 4
-0.0889132 8.95033 11.3616 4
0.0763611 2.4456 2.21584 4
0.0181191 0.994011 1.02181 3
0.0237039 0.0530187 0.0308211 3
-0.0650691 0.0697052 -0.0456714 3
-0.123799 -0.0517206 -0.120364 3
