# 1 = ball
# 2 = lepton
# 3 = photon
# 4 = PID > 100
# 5 = neutrino
# 6 = other
0.0167571 -0.0439238 0.199709 3
-0.00076514 -0.00151104 -0.00482717 3
2.28821 -0.00948875 -1.77544 4
0.472341 -0.115589 -0.0573467 4
-0.180468 0.738405 -0.0237773 4
0.193028 0.00484893 -0.198846 3
0.0751999 -0.09315 -0.111419 3
-0.399204 0.0323349 0.42905 3
-1.32192 0.15706 0.859608 3
-1.45612 0.0314164 0.953512 3
-0.00501752 -0.0217479 -0.0456416 3
-0.38929 -0.266505 -0.20182 3
-0.0512442 0.00695403 0.131108 3
-0.0380398 -0.152369 0.182781 3
6.39567 -1.02417 -6.50783 4
1.28415 -0.105134 -0.838254 3
0.872622 -0.0651082 -0.706647 3
2.8619 -0.243669 -2.66228 4
1.95874 -0.0380351 -1.99107 4
0.172009 0.101358 -0.15917 4
3.55988 -0.427522 -3.75045 4
-2.70391 0.0924807 3.19409 4
1.55079 -0.359273 -1.21636 3
1.39841 -0.349357 -1.26437 3
2.40431 -0.692194 -3.27144 4
2.55321 -0.481113 -2.66888 3
1.4441 -0.279927 -1.38985 2
0.925024 -0.161872 -0.91449 2
-5.64176 0.662587 6.93425 4
-6.17885 0.0391362 6.58878 4
-3.37844 0.614781 2.87529 4
-0.0536351 0.0553045 0.0234786 3
-0.678242 0.150361 0.287474 3
0.374407 -0.00805636 -0.334136 3
1.0628 -0.19562 -0.771756 3
-7.71214 2.02914 6.98104 4
-0.332107 0.0736064 0.308668 3
-1.3424 0.345561 0.917252 3
