# 1 = ball
# 2 = lepton
# 3 = photon
# 4 = PID > 100
# 5 = neutrino
# 6 = other
0.0587098 -0.0376248 -0.0225765 3
1.24578 0.323459 -0.556076 4
-1.04453 -1.01097 -0.0253459 4
-0.858655 -0.0441167 -0.391548 4
-8.1894 -1.93877 -2.5456 4
-3.50454 -1.94821 1.80304 4
-2.39311 -0.869113 0.893144 4
-6.67343 -2.90662 5.53658 4
16.3952 5.83658 -1.5479 4
1.41862 0.650004 0.294963 4
2.24703 1.12983 -0.127614 4
1.21272 0.381774 0.0485179 4
2.05328 1.54595 -0.218386 4
0.924042 0.223943 0.20158 4
3.12205 0.218105 -0.66882 4
0.274553 0.1084 0.115535 4
0.239376 -0.258081 0.116019 4
-0.587499 -0.374745 -0.405018 4
-0.440994 -0.0604958 0.330186 4
-1.94867 -0.601152 -0.821374 4
-0.583573 0.132256 -0.2639 4
-4.18164 -0.249699 -1.13785 4
-1.0709 -0.800374 0.51241 4
-2.31293 -0.767121 1.52708 4
-0.278997 -0.204391 -0.147225 4
1.64778 0.484471 -0.474939 3
1.76838 0.302358 0.0276339 3
0.0154739 0.421939 0.322763 3
-0.472003 -0.20101 -0.0490636 4
-0.713016 -0.0805037 -0.255998 4
-1.4447 -0.524798 -0.434282 4
-0.428452 -0.259577 0.0468444 4
1.72198 0.652716 0.000680497 3
1.11249 0.539855 0.00143017 3
0.541155 0.167747 -0.0905685 3
2.76145 1.16022 -0.369644 3
-0.13445 -0.208785 -0.179854 3
-0.10246 -0.189019 -0.0217422 3
0.029154 0.0576281 -0.338959 3
0.00408686 -0.0270776 -0.00589091 3
-0.497895 -0.136102 -0.390788 3
-0.309701 -0.175221 -0.361925 3
-0.386386 -0.205508 0.0309693 3
-0.235363 -0.258146 0.0435178 3
