# 1 = ball
# 2 = lepton
# 3 = photon
# 4 = PID > 100
# 5 = neutrino
# 6 = other
0.00435248 0.0283526 -0.0396425 3
0.000213504 0.000907219 0.000192928 3
-11.1163 0.000489642 -4.36029 4
0.677527 0.131313 0.572649 4
13.6012 -0.681276 6.4091 4
-2.80427 -0.0948029 -1.62261 4
-0.229495 -0.336331 -0.323371 4
-0.064638 0.132045 0.226159 4
-0.16042 0.217104 0.67939 4
-0.171956 -0.121877 0.311347 4
-0.11272 1.98915 0.554181 4
0.215361 0.801878 -0.0601212 4
0.459135 0.334391 0.167439 4
0.817686 -0.0294315 0.0154793 4
0.130358 -0.0420208 -0.0644929 4
0.928704 0.349126 0.991999 4
-2.08227 -0.152674 -1.14434 3
-7.23299 -0.733306 -4.1564 3
-1.14035 -0.413276 -0.98325 3
-0.799458 -0.841426 -0.869043 3
-0.255117 -0.0910202 0.135474 3
-0.343713 -0.247709 0.0851398 3
-0.295922 0.165286 0.0762585 3
-0.674948 0.158621 0.170841 3
0.000462816 0.0525405 -0.000105581 3
0.352666 0.359798 -0.18481 3
5.72562 -0.157861 2.45975 4
0.544116 0.0636965 0.244192 4
1.77754 -0.331946 0.754358 4
6.07627 -0.465996 2.68809 4
-4.38107 -0.44264 -2.28806 3
-6.97384 -0.610549 -3.79854 3
-0.0441259 0.128018 0.00693568 3
0.0448724 0.707013 -0.0976546 3
0.168785 0.216213 0.113442 3
0.264152 0.138174 0.194083 3
1.26722 -0.014019 0.699581 3
2.04145 -0.0545643 0.938725 3
1.90992 -0.0428747 0.684357 3
1.87603 -0.0685195 0.813559 3
