# 1 = ball
# 2 = lepton
# 3 = photon
# 4 = PID > 100
# 5 = neutrino
# 6 = other
0.270518 0.077719 0.727055 3
0 0 -0.000163107 3
0.485524 0.197752 -0.228207 4
3.38232 -1.33265 2.26434 4
4.92468 -2.17438 3.50406 4
5.07448 -2.59845 3.82065 4
-10.5414 11.2853 -19.2012 4
-1.52473 0.158338 -0.680161 4
-0.0605188 -0.326139 0.299417 4
0.690929 -0.0690953 0.269746 4
12.1339 -4.24593 8.24875 4
3.09807 -0.787253 1.87737 4
-0.249431 0.587617 -1.81827 4
-0.956397 0.0262405 0.537201 4
0.0271309 -0.288072 0.00674148 3
0.185257 -0.4782 -0.0999379 3
0.202739 0.0389101 0.138045 3
0.377449 0.0341498 0.0604688 3
-0.223733 0.0795753 -0.184965 4
-0.796056 0.715546 -1.46181 4
-1.90378 0.0482231 -0.115418 4
-0.40927 0.0788638 0.166027 4
-1.98039 -0.307396 0.962289 3
-2.8844 -1.10307 1.26832 3
-2.32342 -0.403727 0.815539 4
-0.562749 -0.177255 0.100623 4
-0.133327 0.216485 -0.0837478 3
-0.205362 0.31435 -0.311874 3
-0.832715 -0.167216 0.0365635 3
-3.30004 -0.390661 0.149919 3
-0.710757 0.71735 -1.01268 3
-0.208796 0.30043 -0.298254 3
-0.0368646 -0.00886771 -0.0505326 3
-0.410658 -0.100758 -0.0326657 3
-0.0509609 0.0259817 0.0760428 3
-0.547165 0.0562478 0.250729 3
