# 1 = ball
# 2 = lepton
# 3 = photon
# 4 = PID > 100
# 5 = neutrino
# 6 = other
-0.0219985 -0.00263951 0.0260445 3
0.798338 0.365337 1.70503 4
3.23727 0.999721 7.10142 4
1.73254 0.797967 3.3205 4
2.99918 0.173221 3.9042 4
0.636237 0.542728 -0.121259 4
0.296602 -1.21933 0.188237 4
0.198549 0.173241 -0.105737 4
0.0487118 0.0301014 0.0626869 4
0.313457 -0.0595901 0.0399487 4
-0.26047 -1.26441 -0.780449 4
-0.320357 -4.84276 -3.39355 4
-0.590369 -0.289212 -0.479867 4
0.335258 -0.222925 -0.655124 4
-0.859475 0.435379 -1.15394 4
-0.595774 0.174303 -0.282409 4
-0.321095 0.862823 -0.809905 4
3.7353 1.9822 9.85916 4
0.868793 -0.262661 0.214822 4
1.24379 -1.08759 -0.184252 4
-0.0176485 -0.234081 -0.0233951 4
1.10673 -0.484365 -0.413462 4
0.228999 -0.719339 0.169466 4
-0.0301384 0.0428898 0.108861 4
-0.497259 -3.05332 -2.52494 4
-0.0690267 -1.34426 -0.638799 4
-0.638825 -0.357481 -1.08246 4
-1.13318 -0.12381 -1.06817 4
-1.0625 0.415668 -0.334924 4
-0.5381 0.477241 -0.643269 4
1.00445 0.218447 1.13932 4
1.25429 0.0342476 0.157821 4
1.50224 -0.179016 0.361508 4
0.00841017 -0.0767749 -0.0182467 3
-0.123939 -0.0554764 0.0484708 3
0.0306721 -0.0152856 0.0206079 3
0.265233 -0.00563551 -0.198294 3
-0.150444 -0.124178 -0.197498 4
-0.258128 -0.444818 -0.758329 4
-0.0291464 0.0595816 -0.175615 3
0.199077 -0.382469 -0.176095 3
0.0430687 -0.135214 0.0163021 3
-0.0268777 0.0271966 -0.0478341 3
-3.51648 3.47209 -3.99463 3
-3.68719 2.29063 -3.21884 3
-1.42424 0.91419 -1.35664 3
-0.067656 -0.0445791 0.00729393 3
-0.460071 0.033238 -0.0840226 3
-5.19757 2.40697 -3.37593 3
-0.189226 0.101801 -0.153808 3
