# 1 = ball
# 2 = lepton
# 3 = photon
# 4 = PID > 100
# 5 = neutrino
# 6 = other
0.00530161 0.00252719 -0.0536499 3
-4.27398 -3.33217 -4.74987 4
-1.01245 -1.18263 -1.4941 4
-2.97494 -2.8333 -3.12561 4
0.255012 0.242108 0.698262 4
11.6669 11.1386 13.4958 4
-3.68478 -3.43441 -4.85401 4
-2.54336 -2.03506 -3.35743 4
-2.13497 -2.21019 -2.4 4
-0.927746 -0.92551 -0.632979 4
-0.0630254 -0.859537 -0.95022 4
-0.145999 -1.48524 -1.4524 4
0.145341 0.179905 0.540692 4
0.555533 0.0564903 0.196594 4
-0.193655 -0.0391229 -0.062991 4
4.97554 5.23338 6.33969 4
2.10745 1.64591 2.46649 4
-0.0712771 -0.083711 -0.188269 3
-0.307325 -0.457319 -0.472368 3
-0.65672 -0.278629 -0.445738 3
-2.38297 -1.08395 -1.93796 3
0.18941 0.067151 0.210026 4
1.35887 1.39404 1.598 4
0.757421 0.667588 0.739457 3
2.91173 2.82398 3.20872 3
-2.43264 -2.20182 -2.37897 3
-1.36738 -1.23403 -1.4624 3
0.0258124 0.0973663 0.198596 3
0.218892 0.127575 0.326684 3
