# 1 = ball
# 2 = lepton
# 3 = photon
# 4 = PID > 100
# 5 = neutrino
# 6 = other
-1.02782 0.164955 0.320974 4
-0.195572 -0.777002 0.253799 4
0.665193 0.870587 -0.471929 4
1.63738 4.27708 -1.43407 4
0.117854 0.800301 0.215297 4
0.282973 1.26214 0.097618 4
0.787121 0.621141 -0.18935 4
0.374252 2.36667 -0.125257 4
-1.75233 -1.28652 -0.191183 4
-0.906364 -4.83355 2.17842 4
-1.69958 -8.98617 3.99642 4
-1.3385 -6.06693 3.25119 4
0.123714 0.606024 -0.0342274 4
1.09462 2.07302 -1.37196 4
-0.596613 0.0805892 0.457775 4
0.0969952 -1.08648 0.734507 4
-0.553916 -1.27369 0.32018 4
-0.636226 -2.68363 0.555153 4
-0.660338 -2.561 1.3415 4
1.0681 1.40895 -0.215995 2
-0.0802813 0.0137715 0.0741371 5
1.28204 0.110179 -0.588717 4
0.503983 0.629306 -0.150302 3
-0.0348639 0.479667 -0.347407 3
3.73886 5.62283 -2.69363 4
0.878532 1.06246 -0.532949 4
0.171559 0.594724 -0.473869 3
0.23638 0.400705 -0.359862 3
0.0893979 0.382336 -0.0484122 4
0.0421104 0.117686 0.0111393 4
-0.00134542 -0.0839847 0.0397275 3
-0.174272 0.0176902 0.133866 4
0.0253942 -0.40126 0.252361 4
-3.24358 -1.6095 -0.682849 3
-1.03534 -0.265503 -0.405744 3
-0.0299963 -0.0164998 -0.00906643 3
-0.79431 -1.33742 -0.00951038 3
-0.060293 -0.0578409 -0.0689127 3
0.0264533 -0.184678 -0.0339699 3
-0.289746 -0.647002 0.312717 3
0.00380756 -0.114058 0.069553 3
-0.293435 -1.02002 0.745265 3
0.0042299 -0.18207 0.140143 3
0.320377 2.53518 -1.48249 4
1.13872 4.83137 -1.81666 4
0.0163757 0.0132811 0.00976655 3
0.0759881 0.541858 -0.305752 3
1.19311 2.11223 -0.788181 3
0.0993653 0.111066 -0.0385258 3
-0.0403082 -0.0744148 0.00430941 3
-0.37526 -0.337545 0.322194 3
-0.173369 0.872572 -0.414529 3
-0.10124 0.906392 -0.552706 3
