# 1 = ball
# 2 = lepton
# 3 = photon
# 4 = PID > 100
# 5 = neutrino
# 6 = other
-0.167066 -0.286328 -0.0191064 4
-0.705677 0.357397 0.879872 4
-0.320329 -0.386086 0.377832 4
1.00384 -0.214224 0.166529 4
0.515107 -0.496102 -0.749391 4
0.126323 -0.170581 -0.0305542 4
2.00874 -0.0367402 0.277076 4
2.36522 0.330058 -0.44272 4
-0.106995 -0.0152433 0.0265981 3
-0.70708 -0.165219 -0.414773 3
-0.526717 -0.095133 -0.182062 3
0.705609 -0.10308 -0.346453 3
0.508759 -0.622325 -0.393144 3
0.728976 -0.254894 0.0824107 3
-0.0479078 -0.0516591 -0.133601 3
0.512322 0.0228251 -0.0132241 3
5.84361 -0.0930946 0.200419 4
5.01871 0.287607 0.460408 4
1.04446 0.115647 0.173861 4
1.75806 -0.0327066 0.529042 4
11.7661 0.0289844 -0.246808 4
0.751383 0.101222 0.0384674 3
0.511335 -0.031637 0.0740886 3
-1.55059 -0.328769 0.158061 4
-1.29155 0.0250684 -0.012108 4
-4.84472 0.0345554 0.533829 4
-2.46123 0.226229 0.170814 3
-1.74891 0.273989 0.140331 3
3.88067 0.906437 0.023598 4
0.773932 -0.176215 0.0963317 4
0.606876 -0.201505 -0.126239 4
-7.90122 0.732733 -0.480108 4
-0.215774 -0.0366111 0.00357014 3
-0.781731 0.116932 0.0739532 3
-0.440779 -0.0284792 0.0158051 3
-0.666533 0.119884 0.0574661 3
-8.35283 0.218408 -0.357404 4
-5.36679 0.343397 -0.399822 4
-0.0167327 -0.00649968 -0.0401791 3
-0.188574 -0.00324464 0.0809814 3
-1.29654 -0.0446296 -0.0709549 3
-3.18356 -0.320282 -0.151572 3
1.01594 -0.0422697 0.0484375 3
1.44384 0.00218444 -0.0795458 3
