# 1 = ball
# 2 = lepton
# 3 = photon
# 4 = PID > 100
# 5 = neutrino
# 6 = other
0.00373167 0.00719887 0.36283 3
0.00026621 0.0014463 -0.00274359 3
0.834705 0.852051 -0.0312097 4
-0.290058 1.14789 0.453093 4
-0.159647 0.787795 -0.191905 4
-0.88773 0.00674084 0.797408 4
-0.374262 -1.18704 -0.0473749 4
-0.16848 -1.15686 -0.456506 4
0.0904323 0.67144 0.130809 4
-1.85578 -0.909104 0.430977 4
-0.0867159 -0.133708 -0.354068 4
-0.757322 1.30538 0.0239218 4
-0.943871 0.723232 0.188964 4
-1.48245 0.438265 0.0334414 4
0.215944 0.0429435 -0.18936 4
-0.0703049 -0.406403 -0.46074 4
1.2827 5.96978 0.969979 2
0.233361 3.66527 0.530944 5
0.00848985 0.0851167 -0.00669759 3
-0.152337 1.93379 0.391558 3
0.931101 1.47331 0.168022 3
0.855635 1.31122 0.0248566 3
0.153623 0.839388 0.180387 4
0.564558 2.58919 -0.10324 4
0.187772 0.0922507 -0.117279 3
0.080638 1.03388 0.0927401 3
0.328063 0.0327152 -0.117417 3
0.403682 0.0473317 -0.316162 3
-0.266767 0.276022 -0.158422 4
0.0262777 0.319964 0.0793943 4
0.291925 -0.30758 0.0837056 4
0.195221 -0.444436 -0.0448001 4
-0.00243098 -0.744899 -0.064882 4
0.01888 -0.637582 -0.448578 4
-0.320749 -4.69305 -0.163724 3
-0.502284 -2.53565 0.148303 3
0.480145 1.02863 -0.461386 3
-0.00500346 0.0588017 -0.029 3
0.0154511 -0.0140823 -0.0126453 3
-0.035916 -0.736956 0.0659489 3
0.0152999 -0.718285 0.0893996 3
0.0380369 -0.190307 -0.0371893 3
2.2103 10.0635 0.62796 4
0.275124 1.53542 0.320565 4
0.460557 2.27305 -0.280777 3
-0.00567104 0.0700158 0.00436629 3
-0.0400453 -0.00219802 -0.0705752 3
-0.0990632 -0.0868654 0.0320372 3
-0.0360618 -0.186224 0.0126772 3
0.036596 -0.00114286 -0.0181912 3
-0.0141827 -0.0954951 0.109186 3
-0.0220111 -0.152271 -0.0133308 3
0.243984 -5.52254 -0.638937 4
-1.85605 -19.3876 -1.46421 3
-0.0473076 -0.432712 -0.0521271 3
