# 1 = ball
# 2 = lepton
# 3 = photon
# 4 = PID > 100
# 5 = neutrino
# 6 = other
-1.80125 -6.77219 5.83951 4
0.127903 -1.59801 0.965942 4
-1.03868 -3.21653 2.01833 4
0.836453 -1.79368 0.536124 4
-0.0987871 0.00678331 0.0164429 4
0.184161 0.572573 -0.849571 4
0.911625 8.33813 -6.01576 4
1.1459 8.46906 -5.21604 4
3.06095 15.9454 -11.6007 4
-0.77442 -3.63133 2.42365 4
0.411935 -0.0590039 -0.202378 4
0.27748 -1.08252 0.0642458 4
0.539395 1.63567 -1.0213 4
-0.717059 -1.16123 1.17805 4
-0.126406 -0.552006 0.390091 4
-0.256866 -2.41411 1.49264 3
-0.089701 -1.99992 1.2247 3
-0.0654095 -0.920915 -0.0943289 4
-0.20725 -0.241926 0.041935 4
0.0907922 0.146036 -0.0873052 3
0.127408 0.66849 -0.462446 3
0.314057 0.0901456 0.18488 3
0.0610034 0.0197057 -0.0237129 3
-0.785104 -4.18893 3.3053 3
-0.522143 -2.90611 2.43094 3
-0.0480817 0.416263 -0.0780294 3
-0.0118723 0.418744 -0.21557 3
-0.447904 -0.892288 0.849619 3
-0.408969 -1.08348 0.88153 3
-0.0757884 -0.173064 0.11737 3
-0.321811 -0.608708 0.758947 3
-0.0534304 -0.0421649 0.0611577 3
-0.226663 -0.72003 0.770908 3
-0.00348251 -0.0114994 -0.0369496 3
-0.048541 -0.0166696 0.119526 3
0.0408203 -0.414467 0.0823931 3
-0.000272133 -0.226271 0.149911 3
