# 1 = ball
# 2 = lepton
# 3 = photon
# 4 = PID > 100
# 5 = neutrino
# 6 = other
-0.059096 -0.0365011 1.913 3
4.96837 9.65344 -3.75344 4
0.193715 0.579773 -0.112002 4
0.691329 3.60665 -0.681571 4
1.56625 1.36825 -0.608395 4
0.0316173 -0.146384 -0.355075 4
0.384192 0.662595 -0.0683056 4
-1.04948 -3.31639 0.898907 4
-10.6165 -20.7008 9.15101 4
2.99151 6.53594 -2.20259 4
2.14971 4.41884 -2.01826 4
0.99253 1.9867 -0.3067 4
1.25706 2.09632 -0.635928 4
-0.0505051 0.0895981 0.00679942 4
-0.715126 -1.59258 -0.767151 4
0.612285 -1.3289 -0.271336 4
-0.0627887 -0.0410539 -0.0862567 4
-2.08591 -2.14757 -1.03454 4
-0.317137 -0.473834 0.717217 4
-3.76114 -6.82084 2.60258 4
0.264769 0.0634807 0.0362838 3
0.0469779 -0.0439707 -0.0156429 3
0.453996 0.0953395 -0.295825 4
0.375149 -0.190343 -0.190436 4
0.265423 0.185089 -0.0492279 3
0.0168012 0.0875731 0.00900672 3
-0.067804 0.0181877 -0.01745 3
-0.717469 -0.147093 -0.48511 3
0.531706 1.38394 -0.486762 3
0.794289 2.03393 -0.546839 3
0.220053 0.620672 -0.0810052 3
0.674578 1.30484 -0.157209 3
-0.0384667 0.0413243 -0.074241 3
0.059078 0.153792 -0.0335134 3
