# 1 = ball
# 2 = lepton
# 3 = photon
# 4 = PID > 100
# 5 = neutrino
# 6 = other
0.000265453 -0.000726051 -0.00203781 3
-0.100642 0.371451 -0.0770588 4
-19.4961 5.62816 1.36945 4
0.668413 -0.094266 0.461328 4
1.25548 0.228654 0.438786 4
1.47798 0.281475 0.541763 4
-0.81679 -0.110897 0.484416 4
-0.342616 0.201277 -0.0776708 4
-1.38802 0.834917 0.110118 4
-4.10424 1.36843 -0.266036 4
-4.88854 1.84082 0.734687 4
18.6189 -12.5494 -8.7486 4
1.87584 -1.3846 -1.07345 4
0.134969 0.021151 -0.128284 4
1.75283 -0.141055 0.698695 4
0.095832 0.112451 -0.0776693 4
3.45156 -0.091856 0.238181 4
0.368971 -0.0512875 -0.167524 4
1.96763 -0.29434 0.0479914 4
0.762654 0.0820025 0.18694 4
0.0436334 0.0959563 0.180992 4
0.217726 -0.06974 0.0794116 4
2.77731 1.18549 0.948168 4
-1.02446 0.835564 -0.29507 4
-1.70628 0.783981 1.56675 4
-0.640544 0.235519 0.0241313 4
-2.44584 0.563231 -0.00487484 4
-1.66721 0.517408 0.288591 4
0.406086 0.123418 0.575694 4
0.575591 -0.299168 0.602598 4
0.0407396 0.0149904 0.0170771 3
0.86358 -0.264448 0.599219 3
0.785154 -0.104384 0.0953582 3
0.201077 0.0360239 0.0521736 3
-0.0868753 -0.0240952 0.18376 3
-0.0268373 -0.0455647 -0.00856649 3
-0.0224071 0.0632684 -0.00554808 3
-0.172577 -0.0170203 0.0223624 3
0.314045 0.0850094 0.132117 3
0.273624 0.0322146 0.251621 3
