# 1 = ball
# 2 = lepton
# 3 = photon
# 4 = PID > 100
# 5 = neutrino
# 6 = other
-0.614777 -2.29464 0.851065 4
0.132968 -0.959339 0.258835 4
-0.497551 -0.400237 0.694704 4
-1.56715 -2.4207 0.30731 4
0.20602 0.246972 -0.349489 4
0.992384 1.80235 -1.53408 4
1.16347 2.93136 -1.63975 4
-1.51101 -12.0432 4.53863 4
-0.155691 -2.30335 1.12313 4
-1.54295 -3.12464 0.751342 4
-0.803434 -0.671647 0.243236 4
-0.857287 -1.16906 0.654839 4
-2.13731 -2.55597 -0.0595644 4
0.147857 0.0961752 0.469457 4
1.35629 3.48689 -1.81385 4
0.467838 0.517386 -0.186728 4
3.10614 6.92319 -1.76328 4
1.32149 5.95198 -1.90914 4
0.235574 1.21546 -0.149528 4
-0.0411639 1.18941 -0.304426 4
2.37906 10.1855 -2.2567 4
-0.219641 -1.70701 0.620703 3
-0.108082 -0.0439361 0.134836 4
-0.126803 -0.671457 0.572829 4
0.251739 0.387393 -0.530086 3
0.041457 0.154473 -0.292771 3
0.123252 0.484788 -0.157672 3
0.201473 0.541881 -0.0483964 3
0.659044 1.22651 -0.38621 3
0.401985 0.953808 -0.353666 3
-0.189894 -0.408714 -0.217804 3
-0.0539996 -0.254821 -0.0378115 3
-0.460622 -0.484663 0.104421 3
-0.132356 -0.206212 0.108477 3
0.0570888 -0.000641668 -0.106955 3
0.149115 0.256202 -0.413494 3
-0.0236546 -0.00745942 -0.0148556 3
0.0199658 0.244359 -0.0200007 3
0.15668 -1.4208 0.49554 4
-0.521001 -1.62955 0.903929 4
-0.143594 -0.561799 0.354045 3
-0.0431405 -0.670227 0.325176 3
-0.208442 -0.3836 0.114344 3
-0.159464 -0.127246 0.00868351 3
-0.587812 -0.783711 0.361894 3
-0.0144114 -0.00708164 0.00483003 2
-0.0597478 -0.0327637 0.0108102 2
-0.199149 -0.391897 0.081275 3
-0.59077 -1.05965 0.451933 3
