# 1 = ball
# 2 = lepton
# 3 = photon
# 4 = PID > 100
# 5 = neutrino
# 6 = other
-0.00169525 -0.0012806 -0.460492 3
-11.0146 23.9613 6.26652 4
-3.54835 8.22057 1.4168 4
-1.58002 3.88206 1.44755 4
-0.123727 0.594097 0.430135 4
-0.442846 1.03056 0.187069 4
0.378655 -0.994918 1.1802 4
0.0130824 -0.767189 0.598232 4
0.160803 0.0644253 0.0744964 4
0.0606227 -0.261562 -0.0711215 4
-0.20738 -0.768772 -0.203347 4
5.24747 -11.0738 -4.18936 4
0.638792 -1.56666 -0.67181 4
8.96416 -20.0986 -5.78126 4
-0.219379 0.176043 -0.0443471 3
-0.204241 0.266981 0.0703887 3
-0.0914891 0.347509 -0.0303906 3
-0.060295 0.162884 -0.112623 3
1.15217 -1.2458 -0.0680934 3
0.14281 -0.105533 -0.0355259 3
0.591229 -1.36147 0.0410187 3
0.144225 -0.460877 -0.0440411 3
