# 1 = ball
# 2 = lepton
# 3 = photon
# 4 = PID > 100
# 5 = neutrino
# 6 = other
1.26993 0.011507 0.363041 4
0.583381 -0.130746 -0.175409 4
0.602204 -2.21643 0.873941 4
-0.350262 -0.38558 0.138146 4
-0.624091 -0.578131 0.20898 4
-3.97761 -0.102565 -0.755332 4
1.04516 -0.35686 -0.0321538 4
0.259406 0.391255 0.39106 4
-0.282421 -0.0467054 0.232406 4
0.285751 0.237001 -0.0123513 4
-0.606786 -0.329712 0.599959 4
2.07978 -2.89394 3.23035 4
0.463938 -1.46889 0.684246 4
0.439418 0.127834 -0.00547683 3
0.0190694 -0.00593687 0.134228 3
0.364962 -0.392611 1.10053 3
-2.36542 -0.0613448 -0.316536 4
-0.965017 -0.0277016 -0.141876 4
-0.7308 -0.00331882 -0.13558 4
-0.844946 -0.00866996 -0.135969 4
-0.289144 0.094985 0.025354 3
-0.0876614 -0.00295311 0.079716 3
-0.0323297 -0.0549651 0.262854 3
0.11851 -0.0597509 0.467006 3
0.0961734 -0.387158 0.141793 3
-0.0161494 -0.413108 0.0714762 3
3.09568 1.34715 -0.798637 4
-9.52577 -0.373399 -1.2142 4
-4.77634 -0.171762 -0.676949 4
-0.654874 -0.219165 -0.194887 4
-1.6119 0.000775566 -0.283436 4
-0.807137 0.0733533 -0.151302 3
-0.119281 -0.0402688 -0.0122597 3
1.0591 0.414308 0.0440555 3
1.06395 0.39127 -0.28551 3
-0.845773 0.0538985 -0.0739717 4
-0.588715 0.113193 -0.337013 4
-0.0614139 0.0318709 -0.00746426 3
-0.390398 -0.133689 0.0125712 3
-0.291495 -0.0244615 -0.130505 3
-0.0019387 -0.0219447 -0.0452278 3
-1.03088 0.0990364 0.00299688 3
-0.65187 -0.0302857 -0.0518516 3
-1.5874 0.0517539 -0.279453 3
-0.538687 -0.0611172 -0.0969564 3
-0.344288 0.0134864 0.0426257 3
-0.189637 -0.0369555 -0.0673193 3
-0.265427 0.0404477 -0.117589 3
-0.283617 -0.0731408 -0.0468874 3
3.60352 1.00546 -0.191911 2
4.40286 1.01875 -0.690844 5
-0.0876971 -0.0173154 0.00212494 3
-2.10461 -0.151115 -0.556158 3
0.402012 0.177398 -0.0166767 4
1.43088 0.480928 0.10283 4
2.27025 0.523098 -0.442046 4
3.63228 1.66568 -0.0256328 4
1.11559 0.513997 -0.169169 3
0.563482 0.196571 -0.00737931 3
2.52057 0.752651 -0.675073 3
0.354849 0.159562 -0.0929223 3
0.523369 0.0624232 0.0665063 3
0.858698 0.240436 0.00306292 3
0.407969 0.126417 0.0803168 3
0.36455 0.19792 -0.0272861 3
2.44297 0.653817 0.101145 3
0.191531 0.0134689 0.0138783 3
