# 1 = ball
# 2 = lepton
# 3 = photon
# 4 = PID > 100
# 5 = neutrino
# 6 = other
0.00445057 -0.00407428 0.516829 3
-0.341076 0.103337 2.24655 4
-0.395951 -0.269014 -0.481963 4
-0.610565 -1.8863 -2.40295 4
-0.145643 -0.293878 -1.31168 4
-0.432251 -0.934727 -1.15939 4
-0.973898 -2.14551 -1.7807 4
-0.275565 -0.464853 -1.00619 4
-0.218118 -0.344111 -0.381536 4
-0.452296 -0.0230696 -0.227352 4
-0.218484 0.713869 -0.402958 4
0.112629 0.708735 0.455997 4
0.0955882 0.0357018 0.206708 4
2.51534 7.95024 9.69997 4
4.52794 12.5855 13.0406 4
1.39308 3.41406 3.83492 4
-0.349304 -1.00191 -1.24471 4
-0.0913853 -0.161889 0.0507488 4
0.0732573 -0.0677758 -0.169132 4
-0.0892855 0.545503 0.85383 4
0.0352187 0.390661 0.384987 4
0.125459 -2.09489 -2.25681 3
0.0210292 -0.45742 -0.589365 3
-0.0693775 -0.606627 -0.093086 3
0.0494904 -0.567112 -0.150979 3
0.0792087 -0.0778366 0.0531877 3
0.0830521 -0.438229 0.163445 3
0.0430407 -0.20877 0.0440752 3
0.00312185 0.00916486 -0.0265872 3
0.109878 0.771164 0.845035 3
0.0827515 0.217612 0.18065 3
-3.62994 -13.4552 -16.6602 4
-1.00955 -1.51283 -1.84728 4
-0.0377549 -0.401871 -0.432115 3
-0.0839385 -0.281451 -0.184344 3
0.0101425 0.0814676 0.00157451 3
0.0596986 0.17238 0.230254 3
