# 1 = ball
# 2 = lepton
# 3 = photon
# 4 = PID > 100
# 5 = neutrino
# 6 = other
0.0815283 -0.429877 0.0176844 4
0.910498 -0.487706 0.74809 4
-0.39008 0.508767 0.0558054 4
-0.141517 0.0960557 0.202127 4
0.406633 0.00807083 0.243245 4
-0.45954 0.706429 -0.0568925 4
-0.0116806 -0.280627 -0.15242 4
-0.920077 0.87488 -1.33003 4
0.666063 -0.498245 0.599659 4
3.25386 -1.71222 1.62482 4
0.455393 -0.547794 0.0964164 4
1.99635 -0.691455 1.26926 4
0.176075 0.14796 0.329107 4
0.592722 -0.381456 -0.0202658 4
0.994149 -0.69189 1.20433 4
0.260705 0.0515948 -0.797622 4
2.01519 -2.76016 1.85451 4
0.347111 -0.232271 0.188826 3
0.862553 -0.511834 0.239853 3
0.044338 0.0194971 0.0202332 3
0.14221 0.499195 0.203368 3
-0.0876296 0.205291 0.000814322 4
-0.852475 0.621587 -0.250786 4
1.00005 -0.955624 0.936707 3
0.601792 -0.551886 0.433446 3
0.076193 0.020526 0.0453896 3
0.168838 -0.0486678 0.382994 3
0.026916 -0.0548276 0.00726589 3
-0.0597436 -0.0135621 0.137202 3
0.595234 -0.370112 0.406904 4
0.597929 -0.373643 0.824745 4
0.0285194 -0.111837 0.149783 3
0.846173 -0.621488 0.797028 4
1.34949 -1.18267 1.02658 4
1.59029 -1.14259 1.10365 3
0.633753 -0.435624 0.340477 3
-0.826802 1.02541 -0.548565 3
-0.0386909 0.0853947 -0.0109762 3
-1.20526 0.411685 -1.22865 4
-1.49212 0.715883 -1.11219 4
-19.0028 12.7587 -12.7969 4
0.222021 -0.152929 0.300474 4
0.645754 -0.462349 0.52632 4
6.4677 -4.07712 3.08245 4
0.313696 -0.0744199 0.228531 3
0.939427 -0.437904 0.592568 3
-0.829159 0.522378 -0.511763 4
-0.868994 0.299103 -0.550706 3
-2.39031 0.645582 -1.31721 3
-1.72188 1.25546 -1.11471 3
-0.873848 0.755297 -0.573559 3
0.6647 -0.402861 0.536869 3
0.322451 -0.0935045 0.246397 3
1.2706 -1.01799 1.00309 3
0.605727 -0.427608 0.366293 3
