# 1 = ball
# 2 = lepton
# 3 = photon
# 4 = PID > 100
# 5 = neutrino
# 6 = other
0.0766198 -0.0260016 0.631993 3
2.62417 2.5056 -1.09795 4
2.9906 5.31492 -0.200309 4
5.38228 10.746 -1.19305 4
-1.81006 -1.56096 -0.00102475 4
-4.5948 -2.29283 2.15203 4
-0.948493 -1.02976 0.727515 4
-5.29263 -2.22593 2.09429 4
-1.58541 -0.792408 0.278603 4
0.71885 1.89797 1.06269 4
-0.137487 -0.0701411 -0.110627 4
-0.701779 -3.5023 -0.773004 4
0.0520596 -0.87455 -0.00799842 4
-0.620971 -0.60518 -0.193468 4
-2.78944 -1.41948 0.930375 4
-0.496672 -0.142097 0.413365 4
-0.532399 -4.10544 -0.445304 4
4.6314 4.52772 -0.247922 4
0.327024 0.215968 -0.040597 3
4.70343 5.35005 -1.25099 4
0.393435 0.551852 -0.0866781 3
-0.693326 -3.03886 -0.76516 4
0.157033 -0.260312 0.159081 4
-0.331575 -0.255794 0.156324 4
0.308787 1.79412 0.0572729 4
0.146383 0.314834 0.14125 4
-0.215363 -1.62165 -0.633341 4
-0.027538 -0.266431 0.0781458 3
-0.118205 -0.142006 0.0874062 3
-0.0143622 0.0882412 -0.0401247 3
-0.0769177 0.212961 0.10909 3
-0.129367 -0.960617 -0.235899 3
-1.39527 -8.32746 -1.75596 3
