# 1 = ball
# 2 = lepton
# 3 = photon
# 4 = PID > 100
# 5 = neutrino
# 6 = other
0.00167144 -0.0951177 0.444666 4
0.129657 0.386578 -0.0861733 4
-0.206506 1.29923 -0.121206 4
-0.21006 -0.43152 0.184687 3
0.0300803 -0.443437 0.142013 4
-0.131993 -0.79247 0.326924 4
-0.254082 -0.410265 0.111315 4
-0.00269561 -0.707294 0.212552 4
-0.362217 0.393698 -0.0716193 3
-0.00873507 0.0195234 -0.0358387 3
0.0962384 -0.00298994 -0.128003 3
0.220368 -0.0511416 -0.0525797 3
2.31355 4.61752 -1.96792 4
-0.238195 -1.09091 0.327959 3
-0.0800558 -0.164841 0.0895885 3
0.00249669 -0.361679 0.398136 3
-0.0444377 -0.119177 0.0579938 3
-0.0196314 0.0271006 0.00248596 3
0.132829 -0.0335076 -0.0836526 3
0.180679 0.0742857 -0.0869826 3
0.229272 0.148943 -0.312351 3
0.00126753 -0.014924 -0.0913592 3
0.0905888 0.156131 -0.190406 3
0.212372 0.806954 -0.466473 3
-0.641089 -1.43955 0.85726 3
-4.96647 -9.65321 3.80402 2
-1.30312 -1.92552 0.818672 5
0.64911 1.52869 -0.612892 4
0.812761 1.81027 -1.05058 4
0.0519315 0.187648 -0.0484257 3
0.637574 1.58906 -0.799271 3
-1.94498 -7.97107 4.72676 4
-2.82056 -7.14599 3.42985 4
0.207502 0.969697 -0.266923 4
0.435627 1.98367 -0.884912 4
2.44062 6.60396 -3.60162 4
1.48395 3.97807 -2.06676 3
0.883747 2.15644 -1.06049 3
0.305411 0.653485 -0.347339 3
0.659791 1.67073 -0.666521 3
0.601589 1.31224 -0.466428 3
0.0860849 0.0950307 -0.0514587 3
-1.02847 -2.37253 1.52352 3
-1.47309 -2.11417 1.3029 3
2.83963 4.87237 -3.14311 4
