# 1 = ball
# 2 = lepton
# 3 = photon
# 4 = PID > 100
# 5 = neutrino
# 6 = other
0.0173646 -0.0121072 0.0746646 3
0.00720217 -0.392284 -0.478145 4
0.230625 -0.413908 -0.827889 4
0.888435 -1.61948 -4.62428 4
-1.41643 2.23357 5.4834 4
-0.110099 0.529711 1.77516 4
-0.127589 -0.609214 0.140873 4
0.207296 0.333575 -0.422836 4
-0.609135 0.965342 2.40629 3
0.140296 -0.329462 -0.357106 3
0.00213363 -0.0133713 -0.089489 3
0.394927 -0.683825 -1.96921 3
0.335861 -0.796615 -1.92228 3
-0.516559 0.69084 1.82192 5
3.53678 -5.15647 -15.9618 4
2.25845 -5.78671 -13.3763 4
0.300502 -0.628721 -1.68991 3
0.0127014 -0.0303667 -0.0273323 3
-1.43341 3.18934 7.07627 5
-3.36366 7.43256 20.6761 2
-0.755697 1.0976 2.29197 5
