# 1 = ball
# 2 = lepton
# 3 = photon
# 4 = PID > 100
# 5 = neutrino
# 6 = other
-0.00183963 0.00127026 3.35698 3
-0.352238 -0.4168 -1.20714 4
0.0414772 -1.24015 -5.49913 4
-0.335642 -0.302876 -1.47506 4
-0.00362843 -0.826558 -1.67814 4
-0.274563 0.370275 -1.48463 4
-0.141227 -0.302961 -0.464297 4
0.39365 0.176602 0.161248 4
-0.00905537 -0.0495665 -0.495853 3
0.00812431 0.152286 0.568461 4
0.250691 0.125562 0.350306 4
-0.0250641 0.107139 0.441565 3
-0.225814 0.169322 0.184556 3
-0.171341 0.00514302 0.135219 3
1.00699 -0.116921 -2.78705 5
0.29042 -1.72315 -7.93914 2
0.443093 -1.2906 -5.93731 4
-0.0730469 -0.0440954 0.117456 3
0.00863334 -0.153712 0.400903 3
0.292304 -0.700128 2.48271 5
0.13806 0.380077 1.20551 2
0.0726661 -0.0307063 -0.516316 3
-0.0551424 0.00465017 -0.609134 3
-0.672228 2.71019 17.0301 4
-0.0124967 0.297488 2.09371 3
-0.0325881 0.0927769 0.332396 3
-0.0829417 -0.466296 -4.95327 4
0.00748009 0.207125 -8.92939 4
-0.0484414 1.44175 7.45357 4
0.00487098 -0.0044323 0.00167547 3
-0.199299 -0.293771 -1.06845 3
0.0266362 0.674131 5.09954 4
-0.268499 1.04694 3.62842 4
