# 1 = ball
# 2 = lepton
# 3 = photon
# 4 = PID > 100
# 5 = neutrino
# 6 = other
0.00403707 -0.000433781 -0.0440478 3
-4.06946 -3.05023 0.825117 4
0.0569696 0.291543 -0.249882 4
2.14027 1.29656 -0.517955 4
0.957344 0.396657 0.467773 4
-9.21893 -7.32515 0.542535 5
-16.0293 -10.6358 1.62669 2
0.38599 0.240115 -0.0352538 3
4.40254 3.18552 -1.61685 5
5.02516 4.87083 0.486464 2
-0.814889 -0.214658 0.0440499 4
-0.21512 -0.173142 -0.0628797 3
-0.720224 -0.881004 -0.118015 3
-3.77848 -3.36683 -0.0785358 4
-0.465005 -0.414365 0.0467821 3
1.75448 1.22603 -0.0888318 4
-0.312701 -0.465301 -0.0734901 3
-0.281279 -0.385796 0.0606314 3
9.61862 6.73082 -0.346738 4
2.04942 1.58162 -0.0445806 4
2.15364 1.50437 0.127719 4
4.914 4.07186 -0.685882 4
2.09858 1.35611 -0.223179 3
0.344311 0.160639 -0.0416416 3
