# 1 = ball
# 2 = lepton
# 3 = photon
# 4 = PID > 100
# 5 = neutrino
# 6 = other
0 0 0.000150558 3
0 0 -0.000152269 3
1.36467 -0.376625 0.533543 4
2.37947 -0.762042 4.59023 4
-0.0682169 -0.152275 -0.0759938 4
0.734953 -0.40841 0.136547 4
-0.0937413 0.0426364 0.119286 4
1.87951 -0.0148784 0.490438 4
-0.15227 -0.324208 0.607103 4
0.0179742 0.182592 -0.210593 4
-0.389013 1.46013 0.154451 4
-0.368033 0.0991363 -0.0230539 4
-2.60399 2.39489 -0.24686 4
-0.805375 0.437634 -0.214542 4
-4.82071 5.97283 -0.66073 4
-3.99801 4.13486 -0.544141 4
-13.2659 13.773 -1.82436 4
0.823365 -1.13564 -0.49134 4
0.557346 -0.270544 0.668471 4
-0.273124 1.36569 0.85035 4
5.34381 -7.99862 -1.79932 4
1.10516 -1.66549 -0.299749 4
1.32937 -2.04042 -0.396331 4
1.47429 -0.923407 0.0563376 3
0.739272 -0.556178 -0.0287515 3
0.174197 -0.284938 0.195141 3
0.128608 -0.521382 0.371264 3
-0.455758 0.180977 -0.0914849 3
-0.484685 0.321214 -0.0234992 3
-0.234414 0.226544 0.0362433 3
-0.52914 0.615952 -0.109024 3
0.573554 -0.40038 0.417199 3
0.173211 -0.201404 0.102837 3
0.422106 -0.261614 0.0360823 3
0.944914 -0.43252 0.222312 3
0.705137 -1.11409 -0.315905 3
0.861676 -1.25592 -0.228765 3
3.00843 -4.55714 -0.775643 4
0.10069 -0.456161 -0.0851791 3
0.223399 -0.440057 -0.153486 3
0.261298 -0.716932 -0.204149 3
0.00571093 -0.189126 -0.0201338 3
0.510781 -0.829687 -0.122451 3
0.0298214 -0.0274324 -0.0326523 3
0.940226 -0.990922 -0.274066 3
1.72948 -1.89961 -0.335628 3
