# 1 = ball
# 2 = lepton
# 3 = photon
# 4 = PID > 100
# 5 = neutrino
# 6 = other
-0.000632114 -0.00152231 -0.000717001 3
0.380555 -0.325939 0.183786 4
-0.405968 0.357666 0.403665 4
-0.253682 0.183449 -0.150796 4
0.111963 0.465009 0.492522 4
0.0918849 0.537342 -0.0204145 4
0.152383 0.031881 -1.65049 4
0.0080353 0.00469608 0.00696196 3
-0.350724 -0.455531 1.80569 3
-1.02084 -1.03936 5.00321 3
-0.285299 0.020284 0.268614 3
-0.211935 0.0813631 0.374278 3
-0.155579 -0.106354 -0.549413 4
-0.166767 -0.147323 -0.0967673 4
0.439459 0.599358 -0.730204 3
0.0568124 0.0183848 -0.0747193 3
0.121814 0.116619 -0.617283 3
-0.676137 -0.846751 2.85413 4
-0.033172 -0.0330912 -0.0388099 3
-0.0230377 -0.35265 0.00108815 3
-0.121905 -0.433186 3.10303 2
-1.05143 -2.30364 9.39224 5
-1.93455 -1.46302 11.4877 4
0.327484 -0.735878 1.81793 4
0.174975 -0.254362 1.81928 4
-0.036769 0.099942 -1.16165 3
0.334086 1.09422 -3.22333 4
2.20061 1.76841 -9.82782 4
0.902122 0.931041 -3.64302 4
1.02916 0.842345 -3.00068 4
-0.587072 -0.703476 1.83083 3
-0.0551085 -0.0476569 0.246834 3
-0.142988 -0.0712987 0.296637 3
-0.42333 -0.0711807 1.25927 3
1.46773 1.01699 -10.8579 4
0.0969764 0.270136 -1.35388 4
-0.11255 0.0979205 -1.2146 4
-0.083895 -0.0213955 -0.840464 3
0.23732 0.876561 -3.5948 3
