# 1 = ball
# 2 = lepton
# 3 = photon
# 4 = PID > 100
# 5 = neutrino
# 6 = other
-0.000112509 -0.000908487 0.000587838 3
-2.8544 -0.131661 -2.77622 4
-5.46164 -1.76374 -5.25748 4
-2.63069 0.335223 -1.62918 4
2.3205 -0.263812 0.878121 4
1.35049 0.245456 1.63246 4
4.78122 0.371759 3.49911 4
1.62832 0.432718 2.05105 4
1.59168 0.142062 1.08188 4
0.332145 -0.534769 0.512021 4
0.413495 0.430423 0.528774 4
-0.0690882 0.0592441 0.382166 4
0.171151 -0.0850513 0.41394 4
-9.16384 -2.53167 -8.21183 4
1.7952 -0.184267 1.73657 4
1.24366 -0.00545783 0.970043 4
2.08951 0.693782 2.77718 4
-0.12279 0.0659306 0.0948099 4
-1.22121 -0.432767 -1.5111 4
-4.93607 -1.2039 -4.49347 4
-0.200398 0.0995242 -0.255075 4
-0.886154 -0.718165 -0.433583 4
-0.124113 0.318017 -0.455748 3
-0.130388 0.102616 -0.285778 3
0.0519807 0.177933 -0.241294 3
-0.0611773 0.0945495 -0.079629 3
-0.24745 0.372057 -0.101897 4
0.404499 -0.00151382 0.528043 4
0.0477861 0.00108835 0.0614723 4
2.44898 -0.00417601 1.56711 3
0.99363 -0.0559102 0.717619 3
0.113535 0.11977 0.0278987 4
0.31797 0.183809 0.255276 4
-0.0648258 0.00890145 0.0430876 3
-0.031032 -0.073305 -0.0608173 3
0.20411 -0.0199275 0.424471 3
0.500087 0.0692294 0.698345 3
-0.147192 0.0809227 0.199584 3
-0.120281 -0.038556 0.0700763 3
-0.237173 0.0475827 -0.0854713 3
-0.179941 0.0751137 0.0462124 3
-1.24755 1.58163 0.40651 4
-0.703204 0.983863 -0.565604 4
-1.88207 2.31361 -0.961104 4
4.59344 -1.02691 2.3556 4
0.102366 -0.333707 0.265902 3
-0.00772857 0.0106924 0.014568 3
-0.0362459 0.0335789 0.0135457 3
0.0687505 0.0670322 0.206456 3
0.24322 0.0373991 0.100943 3
0.789063 -0.0416075 0.527993 3
0.23191 0.0135438 0.0884861 3
0.0113803 0.0359102 0.0199155 2
0.00576512 0.0199577 0.00292588 2
0.289927 -0.0386356 0.143189 4
0.563433 0.0174202 0.413741 4
0.227638 -0.0391828 0.142427 3
1.62296 0.0694001 0.893982 3
0.596185 -0.140695 0.352655 3
0.620766 -0.0414488 0.258521 3
