# 1 = ball
# 2 = lepton
# 3 = photon
# 4 = PID > 100
# 5 = neutrino
# 6 = other
0.00279056 -0.000637414 1.38413 3
-0.921072 -3.18153 6.90296 4
-0.473368 -1.21267 3.11043 4
-0.458879 -1.91937 4.05506 4
-0.667524 -0.759823 0.926181 4
-3.96161 -5.24772 14.4999 4
-0.536321 -0.51987 1.70836 4
0.122808 -0.2549 0.108146 4
-0.815464 -1.33059 1.26417 4
-0.394834 -0.7707 0.314623 4
-0.243659 -0.290482 1.12071 4
3.91713 8.11833 -17.451 4
-0.582841 -0.508858 0.386815 4
-0.184636 -0.089633 0.172292 4
0.736279 1.36061 -1.17539 3
0.199114 0.534184 -0.459297 3
1.17779 1.78155 -4.13483 3
3.87014 5.53764 -12.7248 3
-0.203914 -0.223146 0.159209 3
-0.584605 -0.380917 0.252379 3
-0.186444 -0.26328 0.310178 3
-0.405748 -0.941611 0.839164 3
0.0432207 0.152227 -0.256923 3
0.661542 0.991701 -1.90028 3
-0.0111074 -0.0296669 0.0895229 3
-0.0987806 -0.550848 0.498293 3
