# 1 = ball
# 2 = lepton
# 3 = photon
# 4 = PID > 100
# 5 = neutrino
# 6 = other
1.04233 0.604612 1.19703 4
0.429958 -3.14101 3.07119 4
-0.104858 -0.173986 0.0273226 4
0.794268 -1.83748 2.50447 4
1.45059 -4.39951 5.8977 4
-4.75931 12.1363 -19.3154 4
-1.44275 1.79433 -2.50399 4
-0.340063 -0.599343 1.94701 4
1.52566 -4.16592 5.30148 4
0.0295463 -0.749464 1.64319 4
0.475497 0.0452116 1.30057 4
0.0237377 0.118863 -0.0299284 4
-0.166791 1.051 0.777902 4
0.376073 -1.57958 2.15414 4
1.20846 -0.00685883 0.715106 3
0.293851 -0.299441 0.233815 3
-0.452097 1.36117 -2.26237 3
-2.03033 7.05295 -11.7145 3
-0.144288 -0.0344013 0.272433 3
-0.266155 -0.0472099 0.207964 3
0.368009 -1.7579 2.20112 3
0.509358 -1.7732 2.22924 3
1.15029 -3.51397 4.07418 3
0.0290164 -0.085109 0.0702964 3
