# 1 = ball
# 2 = lepton
# 3 = photon
# 4 = PID > 100
# 5 = neutrino
# 6 = other
-2.84729 13.2694 9.64483 4
-2.78019 10.9202 8.97083 4
-0.0263754 -0.0673745 0.371022 4
-1.12011 3.41853 2.45639 4
-0.0479783 -0.473089 0.209337 4
-1.23347 -1.52872 -0.26877 4
-0.363257 -3.90563 -1.35803 4
0.740767 -1.43085 -1.02314 4
0.0718128 -1.61381 -0.247096 4
-0.7856 0.674057 1.48792 4
0.0199687 -0.0431077 0.35657 4
-0.321681 -0.129776 0.516102 4
-0.0526466 -2.51704 -0.456793 4
0.941918 -1.39864 -1.27479 4
1.77083 -2.13722 -2.11874 4
1.54723 -1.47453 -2.15989 4
1.93297 -3.3515 -5.38638 4
-0.535535 0.358921 0.208885 4
0.676291 -2.07295 -1.37624 4
-0.399761 0.773613 0.879284 4
-0.00740593 0.139012 0.112645 3
0.0538862 0.17643 -0.0714954 3
-0.329087 0.587625 0.670739 3
-0.0560469 -0.031191 0.088711 3
-0.638561 -0.0651803 0.412504 3
0.0138407 -0.0096614 -0.00155118 3
-0.19229 -0.556105 0.317036 3
-0.0422826 -0.912173 -0.214411 3
-0.042426 -0.0729865 -0.0111858 3
0.0509956 0.124806 0.0654033 3
0.256105 0.155121 0.0690262 3
-0.0753782 -0.251486 0.021154 3
-0.31893 -0.593292 -0.114082 3
2.33963 -3.44244 -6.086 3
1.80005 -2.51894 -4.68978 3
