# 1 = ball
# 2 = lepton
# 3 = photon
# 4 = PID > 100
# 5 = neutrino
# 6 = other
0.0141483 0.0323145 0.0797565 3
-0.315364 0.578663 1.62267 4
1.51559 -4.48195 -6.01269 4
1.18361 -4.11663 -5.46803 4
-0.332225 0.937944 3.42283 4
-0.0563257 0.953339 1.51603 4
-0.433929 0.0841926 0.455793 4
-0.566847 -0.388265 -0.208861 4
0.0160331 -1.30419 -0.873642 4
0.0891578 -1.10633 -1.97703 4
0.341404 -2.07903 -2.05916 4
-1.22542 8.29151 9.94365 4
-0.231658 2.03782 1.80335 4
0.0234554 0.0165642 0.0805843 3
0.673847 0.594906 0.981114 3
0.200432 -0.478861 -0.310535 3
0.158235 -0.222889 -0.0791795 3
-0.202612 -1.45191 -1.36559 3
-0.207748 -1.05035 -0.867292 3
1.20395 -4.45144 -6.53909 2
-0.00257975 -3.58356 -6.05597 5
-0.175503 0.365833 1.19333 3
-0.0513833 0.0625775 0.109285 3
-0.0211158 0.576831 0.614162 3
-0.077121 0.153343 0.194935 3
-0.0695539 -1.26518 -1.19632 3
-0.0146328 -0.0568812 -0.0987815 3
-1.07531 7.91238 8.11086 3
-0.586042 4.90159 5.63672 3
0.22551 -1.46235 -2.6529 4
