# 1 = ball
# 2 = lepton
# 3 = photon
# 4 = PID > 100
# 5 = neutrino
# 6 = other
-2.80004 -4.14242 0.200077 4
-0.732399 -2.39865 0.335942 4
-2.07104 -3.36916 -0.529603 4
-2.99543 -3.41381 -0.796204 4
0.332711 1.11102 0.318516 4
5.1133 9.34967 -0.844608 4
3.83247 6.61134 -0.433408 4
-1.55651 -3.27455 0.830498 4
-1.13638 -1.36738 0.478245 4
-0.676919 -1.67987 -0.0789644 4
-2.25746 -4.25551 -0.48763 4
-0.862676 -1.71247 -0.157294 4
0.828134 0.808892 0.219326 4
0.182538 1.71261 0.446024 4
1.20304 2.10772 -0.499601 4
2.89222 5.87345 0.171075 4
-1.10919 -2.52553 0.819494 4
5.34528 11.0247 -0.447803 4
-1.71922 -2.95459 0.882754 4
-0.192288 -0.573519 0.232162 4
0.0277804 -0.326915 -0.0731379 4
0.364517 -0.020785 -0.0161282 3
0.0603812 0.0552178 0.00301294 3
0.050362 0.126853 0.0379396 3
0.285453 0.176068 0.0777663 3
-1.22132 -2.68742 0.19908 4
-0.352983 -1.60517 0.138487 3
-0.00289357 -0.263154 0.0241702 3
0.00356814 -0.0764002 -0.114457 3
-0.0184707 -0.331722 -0.127606 3
-0.0513764 -0.128663 -0.190407 3
-0.147034 -0.666214 -0.532963 3
-0.0329909 -0.0455059 -0.0614987 3
0.0711239 -0.292413 -0.105812 3
-0.552696 -0.632309 0.0910796 3
-0.103574 -0.213451 -0.00851934 3
