# 1 = ball
# 2 = lepton
# 3 = photon
# 4 = PID > 100
# 5 = neutrino
# 6 = other
0.0239204 0.109537 0.509181 3
-5.15754 -0.364082 -2.78746 4
-0.778172 -0.484208 -0.599604 4
-2.70392 -0.725491 -0.743632 4
-3.28909 -0.924208 -1.40078 4
0.509646 0.119813 -0.331453 4
-0.0796905 -0.243844 0.441615 4
2.17836 1.14312 0.3767 4
-0.214483 -0.0107619 -0.433409 4
0.980078 1.06618 -0.337151 4
0.413263 0.525671 -0.382778 4
0.823262 -0.120284 0.0438816 4
5.39024 0.741556 4.04356 4
0.664099 -0.0945357 0.396802 4
7.34067 0.411995 4.04319 4
3.0043 -0.101294 1.61324 4
-0.614994 0.0660788 -0.312848 3
-1.49818 0.0279344 -0.945447 3
-2.27266 0.105895 -1.29076 3
-0.856269 0.109953 -0.54198 3
-0.36395 -0.40023 0.248305 3
-0.0559788 -0.0610787 -0.0152458 3
-0.54779 0.187332 -0.137373 3
-0.472039 0.221966 -0.24521 3
0.684321 0.107613 -0.350324 3
0.541735 0.209088 -0.281318 3
1.36111 -0.144477 0.346118 3
0.160312 -0.057164 0.0698735 3
-0.329909 -0.0368434 -0.156581 3
-1.81947 0.0933893 -0.984841 3
1.48429 0.111575 0.841218 3
1.64085 0.0762259 1.08521 3
-0.644654 0.00286221 -0.328801 4
-3.86356 -0.0504935 -1.84907 4
-2.64666 -0.302545 -1.65701 4
4.26991 0.64941 2.38299 4
1.54179 -0.283113 1.09998 4
4.93656 -0.301875 3.15076 3
1.24335 0.198316 0.82908 3
-10.9831 -1.57898 -5.40864 4
