# 1 = ball
# 2 = lepton
# 3 = photon
# 4 = PID > 100
# 5 = neutrino
# 6 = other
-0.00157569 -0.00076976 0.0308405 3
-0.773482 -1.65236 -3.61688 4
-0.809736 -1.08883 0.474398 4
0.649274 0.22528 0.938625 4
0.00266935 -0.0816687 0.945787 4
1.22463 3.43642 4.34151 4
0.722615 1.53636 2.25808 4
0.133716 0.178313 0.743634 4
0.434078 2.12118 2.62188 4
1.95668 7.91251 9.71508 4
-0.623468 -3.51008 -5.21131 4
-0.896283 -2.10892 -3.29069 4
-0.69391 -0.941539 -2.156 4
-0.770056 -3.61278 -5.37845 4
-1.09591 -0.181966 -0.850742 4
0.457046 3.06818 4.03911 4
-1.86142 -9.18159 -13.9101 3
-0.0262931 -0.140271 -0.183687 3
0.0044531 0.0257891 0.0857821 3
0.0904744 -0.126431 1.40466 3
0.693142 2.42423 3.31171 3
0.34819 1.61321 2.18386 3
0.00374289 -0.543576 -0.717333 3
0.063995 -0.641599 -1.09302 3
0.61444 1.39298 1.50027 3
0.0612767 0.0838312 0.144433 3
0.0323619 -0.131682 0.263359 3
0.0546933 0.0214222 0.135183 3
0.0377226 0.0241482 0.13442 3
-0.0413987 -0.0632323 0.0517637 3
-0.0152611 0.0334239 0.592588 3
0.0235855 -0.089981 0.491208 3
