# 1 = ball
# 2 = lepton
# 3 = photon
# 4 = PID > 100
# 5 = neutrino
# 6 = other
0.177024 0.00977252 -0.465419 3
0.0044433 -0.00480945 -0.0100265 3
-0.409615 -0.753763 0.301099 4
-4.74688 0.666576 1.52651 4
9.54723 -2.82837 -2.17911 4
6.75294 -1.94223 -0.698891 4
1.51115 -1.12252 -0.343187 4
3.86761 -1.05786 -1.00968 4
4.2159 -1.48799 -0.978297 4
0.345577 -0.240815 -0.141758 4
-3.07633 0.668156 0.292211 4
-8.19473 2.04973 2.20317 4
-6.38798 1.22793 1.61296 4
-3.07609 0.937968 0.18665 4
0.0669494 0.325937 -0.0312811 4
0.100952 -0.472778 -0.614671 4
0.180039 0.0617888 -0.384143 4
0.696956 2.41 0.976284 4
-0.617797 0.0987467 0.152089 4
-0.752445 -0.348253 0.0261198 4
4.94452 -1.59901 -0.721957 4
1.89982 -0.667097 -0.354907 4
0.235909 0.258376 0.347188 4
-4.49277 1.35108 0.562524 3
-7.01787 1.99198 0.74958 3
0.166601 0.400197 -0.107367 3
0.177666 0.28933 0.0233867 3
-0.0559604 0.0862434 -0.045855 3
0.0553115 0.00247456 -0.000103247 3
-0.402073 -0.105086 0.111866 4
-0.0478501 -0.0438785 -0.0587843 3
0.0928717 -0.113226 -0.166717 3
-0.117999 -0.0576902 0.0893118 3
0.0370028 -0.00780225 0.0129174 3
2.52665 -0.681661 -0.404792 3
1.97508 -0.629302 -0.397631 3
-0.104695 -0.0407786 -0.20216 4
0.0935841 0.455084 -0.269443 4
-0.170708 0.91355 0.412313 4
