# 1 = ball
# 2 = lepton
# 3 = photon
# 4 = PID > 100
# 5 = neutrino
# 6 = other
-1.50573 1.42534 -2.07002 3
-2.94787 0.652822 1.52666 4
-0.764266 0.744727 0.492312 4
-5.77601 2.62371 3.68189 4
0.0508678 0.567419 -0.22325 4
1.19357 -0.787416 -0.572339 4
-2.85876 1.20106 1.43797 4
-0.957208 0.335257 0.895879 4
0.364451 -0.0221338 0.0752408 4
-0.627079 -0.0972213 0.950593 4
-0.508875 -0.278853 0.369202 4
0.920546 -0.141961 -0.669749 4
-0.0532322 -0.0409582 -0.198899 4
0.696839 -0.302162 -0.0375493 4
-6.09186 1.60938 4.71131 4
-9.26259 3.88869 8.77282 4
-1.53828 0.366222 1.49368 4
0.837795 -0.207071 -1.0548 3
1.97046 -0.653423 -1.53227 3
-0.0328818 0.374746 0.281264 3
-0.421362 0.0303163 0.593852 3
0.269496 -0.0400597 -0.164746 3
0.0573793 0.00130667 0.0265919 3
0.0130671 -0.0256836 -0.0038849 3
-0.241924 -0.0445248 -0.0252832 3
-0.138641 0.0353843 0.190452 3
-0.214854 -0.107457 0.244064 3
0.225051 -0.308285 -0.0621009 3
0.283535 -0.237732 0.038093 3
0.0113626 -5.58314e-05 0.00778636 3
0.592025 -0.642384 -0.364175 3
2.46797 -0.911165 -1.96978 5
17.0134 -6.3808 -12.1052 5
6.85091 -2.5605 -4.58023 4
0.00097709 -0.0139473 0.0226932 3
0.121768 -0.0525715 -0.178133 3
