# 1 = ball
# 2 = lepton
# 3 = photon
# 4 = PID > 100
# 5 = neutrino
# 6 = other
-0.0369077 -0.0327446 -0.0182194 3
7.56957 0.994108 -0.782863 4
2.87059 -0.0668798 -1.2461 4
-3.874 -0.399385 1.13417 4
-0.486266 0.407347 -0.124294 4
-0.724482 0.108799 -0.0465078 4
4.51173 0.548793 -1.39347 4
-13.625 -2.28896 2.91617 4
-1.81519 -0.27765 0.160816 4
-4.43431 0.414298 0.743623 4
-1.22028 -0.154245 0.127339 4
-7.20336 -1.1958 1.86853 4
-0.396525 0.132489 0.126667 4
2.31617 0.463367 -0.180083 4
-0.190568 -0.347244 0.0159535 4
-0.335635 -0.546551 -0.107667 4
0.478039 -0.00967502 0.000871328 4
0.296673 0.0293676 -0.002102 4
0.124128 -0.219033 0.0440577 3
0.0825668 -0.0725111 -0.0635327 3
2.22786 0.312932 -0.329333 3
0.504058 -0.122155 -0.261885 3
13.4978 1.35926 -2.70703 3
-3.36648 0.0269392 0.824392 4
-3.01992 -0.258871 0.981913 4
0.0538583 -0.0098838 -0.0601509 3
0.787434 -0.0209391 -0.263141 3
0.519536 0.164444 -0.214035 3
0.150786 0.0738053 0.00578905 3
1.7374 0.252182 -0.370985 3
4.96507 0.950165 -1.0982 3
-0.609282 -0.0420319 0.156906 3
-1.35505 -0.173741 0.162448 3
