# 1 = ball
# 2 = lepton
# 3 = photon
# 4 = PID > 100
# 5 = neutrino
# 6 = other
-0.189823 -0.530005 -1.72961 3
-5.84165 8.88249 40.1393 4
0.360819 0.650255 0.547126 4
-0.166645 -0.119513 -0.329331 4
2.23195 -0.735414 -2.14658 4
0.0153451 -0.0526713 -0.464454 4
-0.222984 -0.532431 -1.60038 4
0.0395813 0.069547 0.234259 4
0.142457 0.421839 0.6078 4
0.949167 0.476178 -0.439725 4
0.318937 -0.200544 -0.220711 4
1.57213 0.0503456 -1.86212 4
-0.586605 -0.458488 -1.88181 4
0.388009 -0.438056 -1.09661 4
0.180249 -0.0836847 -0.799974 4
-0.573317 -0.288411 0.903754 4
0.227807 0.1276 0.156885 4
-0.0286862 -0.1665 -0.699921 3
0.0221428 -0.0627431 -0.080038 3
0.400889 -0.328981 -0.0733049 3
0.136605 -0.104311 -0.10697 3
0.0724944 -0.196718 -1.5682 3
0.01955 -0.0828851 -0.236328 3
0.0321325 -0.200347 -0.379213 4
0.174136 -0.213738 -0.690109 4
0.0193118 -2.80171 -11.9519 3
-0.0773384 -0.636879 -2.49974 3
-0.167473 -1.17274 -5.40323 3
0.00500525 -0.0755679 -0.0930542 3
0.0423216 0.049554 -0.144808 3
0.210674 -0.365051 -1.21107 3
0.0757687 -0.0747717 -0.162064 3
0.088834 -0.0019677 -0.10384 3
-0.00525717 -0.0819574 -0.20105 3
-0.0442333 -0.0640803 -0.658962 3
-0.0051047 -0.463598 -2.61594 3
-0.0126634 -0.0556828 -0.281128 3
0.195464 -0.138369 -0.856859 3
