# 1 = ball
# 2 = lepton
# 3 = photon
# 4 = PID > 100
# 5 = neutrino
# 6 = other
0.00563445 0.00538131 -0.00704066 3
-5.5019 -3.45242 3.15834 4
0.202924 -0.262098 -0.321066 4
5.22234 3.49522 -3.77873 4
1.08733 0.825417 -0.174709 4
-6.42321 -3.19157 3.47875 4
20.2773 13.1049 -13.9487 4
2.9202 1.58472 -1.83091 4
0.891757 0.569376 -0.140281 4
1.40975 0.30172 -0.529252 4
-20.3047 -12.835 13.9987 3
-1.21595 -0.811416 0.704415 3
0.0446842 -0.0655721 0.30206 3
0.0543436 0.00708927 0.0261038 3
-0.217848 -0.295647 0.235906 3
-0.353384 -0.239867 0.251641 3
0.217333 0.20962 -0.256209 3
0.503111 0.334268 -0.3226 3
0.291907 0.17941 -0.143736 3
0.888472 0.5365 -0.702768 3
