# 1 = ball
# 2 = lepton
# 3 = photon
# 4 = PID > 100
# 5 = neutrino
# 6 = other
0.0609188 0.0536683 2.20789 3
0.427281 -0.070935 0.294857 4
0.366598 -0.841164 0.318061 4
0.412799 -0.66565 0.79371 4
1.91749 -1.67493 1.3924 4
0.288913 -1.38355 1.46199 4
0.547741 -1.7651 3.30977 4
0.136809 -1.46833 2.82487 4
-0.147657 -0.845832 1.05395 4
-0.392064 0.880418 -0.542873 4
7.76092 -7.30287 6.43527 4
1.34524 -1.93632 1.30134 4
0.339252 -0.404735 0.668088 4
-0.0763368 -0.135722 0.884886 4
0.175746 0.786453 -0.568026 4
-1.25699 1.14346 -1.14004 4
-16.1885 19.7256 -23.6697 4
0.0940713 -0.344963 0.373052 4
0.622723 -1.07433 1.00342 4
-0.13842 0.0991602 0.278425 4
0.123211 -0.134256 -0.0142382 4
-0.138638 0.438223 -0.240383 4
-0.250027 0.843846 -0.683471 4
5.00029 -4.3271 4.05325 3
0.586505 -0.498958 0.526333 3
-0.21831 0.0418665 -0.0132868 3
-0.0979882 -0.0405183 0.0668782 3
-0.0250255 0.0090421 -0.0426935 3
-1.49058 1.64861 -2.54622 3
0.252367 -0.465686 0.444996 3
0.18303 -0.164355 0.258703 3
0.0435006 -0.0264491 0.0271504 3
-0.0213969 -0.233598 -0.0270188 3
-0.218038 0.0726294 -0.438268 3
-0.0254654 0.0624023 -0.0530593 3
