# 1 = ball
# 2 = lepton
# 3 = photon
# 4 = PID > 100
# 5 = neutrino
# 6 = other
-0.495789 -1.87738 2.23908 4
0.76731 -3.26905 2.32941 4
0.185067 0.564934 -2.49684 4
-0.191263 1.28654 -0.91636 4
1.7858 6.646 -5.58889 4
0.0667466 0.0341045 0.0564691 4
-0.13606 -0.210743 0.419184 4
-0.858944 1.49623 -1.99074 4
-0.261737 1.02954 -1.63665 4
0.610669 1.69103 -1.79863 4
-0.190222 0.574016 -0.608056 4
-0.0708303 2.40775 -1.9737 4
0.682602 2.70017 -2.11884 4
0.0180152 -0.946172 1.16112 3
0.101627 -1.65485 1.26241 3
0.102919 -0.0405056 0.206657 3
-0.260399 -0.499102 -0.185674 3
-0.108444 -0.282411 -0.20324 3
-0.00229619 0.127821 0.308615 3
-0.065227 0.00888968 0.321047 3
-0.188491 0.941948 -1.70141 3
-0.435946 1.37652 -2.4563 3
-0.05213 0.323198 -0.906067 3
-0.0145651 0.0346713 -0.0244127 3
0.0878119 0.626505 -0.526167 4
-0.0266486 -0.704442 0.506757 3
0.0934418 -0.969783 0.815002 3
-0.0402455 -0.293276 0.12084 3
-0.150061 -1.84715 1.11681 3
-1.6673 -8.81626 10.6203 4
-0.418379 -7.29645 8.9575 4
1.03105 2.83281 -2.8188 4
0.038559 1.68946 -2.03232 4
-0.173289 -0.787897 1.22677 3
-0.0161053 -0.582257 0.827014 3
0.02775 -0.0491969 0.0348544 3
-0.0595327 -0.410804 0.607877 3
0.226955 3.22651 -2.38455 3
0.0575754 0.919097 -0.770085 3
