# 1 = ball
# 2 = lepton
# 3 = photon
# 4 = PID > 100
# 5 = neutrino
# 6 = other
1.08339 -1.44942 0.218327 4
-0.00089479 -0.472487 0.180167 4
0.816862 0.36002 0.785414 4
0.574885 -0.03612 -0.343613 4
-0.144859 1.24365 -1.08835 4
-0.436014 0.185662 -0.874552 4
-0.139504 0.166846 -0.983968 4
0.0987683 0.739599 -3.09413 4
-1.453 0.335826 -2.99176 4
-0.870384 0.72729 -4.47505 4
-0.113453 -0.350947 -0.0445005 4
0.0204509 -0.223157 0.225318 4
0.0281567 0.0403307 1.88733 4
0.283852 -0.135302 -1.72114 4
0.339698 0.503001 -1.357 4
-0.126782 0.0263799 -1.87189 4
-0.205585 0.0549867 -0.0968713 4
0.119918 -0.122591 0.0771267 4
-0.743936 0.277289 -0.0588101 4
-0.287876 1.05299 -0.0213917 4
-0.104335 0.352332 -0.0197078 4
0.274751 -0.265707 0.11061 4
-0.920594 0.134637 0.62234 4
-0.403453 -0.0661202 2.20217 4
-0.724925 -1.06889 10.2121 4
0.397903 -0.578119 -0.234836 4
-0.295632 0.472477 0.225083 3
-0.109469 0.264679 0.028931 3
0.0525725 0.399176 -0.100381 4
-0.030097 0.615555 -0.687255 4
-0.0430541 0.237864 -0.372073 4
-0.0841058 0.0798802 0.0209136 4
0.0612502 0.294604 -0.0199515 4
0.106563 0.0999851 -0.0554059 4
-0.0920831 0.343481 -0.784658 3
0.257029 0.488193 -5.47024 3
0.0982102 0.0718325 -0.928195 3
0.0932054 0.0767588 -0.18565 3
0.544647 0.0897237 -0.908741 3
-0.251495 0.116676 -0.0812585 3
-0.443935 0.129136 0.0252752 3
-0.0187156 0.0247086 -0.036608 3
-0.014036 0.0563147 0.119711 3
0.218422 -0.37955 4.60712 4
-0.206465 -0.442986 2.36979 4
-0.314458 0.0066914 -1.90083 3
-0.0553693 0.0125131 -0.127056 3
-0.0469071 -0.0772901 -0.0494104 3
0.0095144 0.0510591 -0.0341713 3
-0.00381392 0.126656 -0.0782113 3
-0.225524 0.709206 -0.183237 3
-0.0919483 0.256861 0.0707363 3
0.0429661 0.138215 0.00192612 3
-0.0260263 0.0137187 -0.440972 3
0.172517 0.11273 -3.71514 3
-0.296355 -0.355848 2.16702 3
-1.10897 -1.10289 6.41897 3
0.272377 -0.306665 0.144053 3
0.84208 -0.656993 0.481565 3
1.83733 -1.71731 1.26968 3
0.0398206 -0.0639774 0.0526615 3
0.597747 -0.49894 0.351252 3
1.14916 -1.11822 0.561436 3
