# 1 = ball
# 2 = lepton
# 3 = photon
# 4 = PID > 100
# 5 = neutrino
# 6 = other
-3.63832 0.42374 2.67057 4
-1.79648 -0.0424074 1.96946 4
-12.8218 2.70016 10.8706 4
-2.76999 1.0079 2.95203 4
-0.679704 -0.060239 0.563754 4
0.94482 -0.418933 -0.28471 4
0.635685 0.0784686 -0.347592 4
1.31436 -0.124112 -1.51185 4
2.7698 0.0781765 -2.47596 4
1.38959 -0.830903 -1.89343 4
1.75276 -0.425094 -2.07744 4
-1.47663 0.527506 1.85642 4
-0.437079 0.00732707 -0.0266556 4
-3.08128 0.287234 3.18792 3
-0.32829 0.0565013 0.293415 3
-1.187 0.275691 1.15866 3
-0.865735 0.0890784 0.78306 3
-0.497002 0.113251 0.401959 4
-0.144641 0.12512 0.210925 4
0.452311 0.366075 0.689905 3
0.205539 -0.192266 -0.0586582 3
0.199682 -0.118394 -0.171483 3
1.89921 -0.23764 -2.09435 3
0.0872833 -0.101118 -0.36772 3
0.956218 -0.439787 -0.991975 3
0.630906 -0.263366 -0.505967 3
2.29523 -0.400785 -2.34474 3
16.1813 -3.09108 -14.6061 3
-0.762551 0.383105 0.36653 3
-0.179782 0.114451 0.165982 3
-0.0546636 -0.00937517 0.0838343 3
-0.154222 -0.330058 0.699191 3
-0.187439 0.0429927 0.227368 3
-0.396642 0.300401 0.500002 3
-0.169132 0.114656 0.123209 3
-0.0862398 -0.006277 -0.0161366 3
