# 1 = ball
# 2 = lepton
# 3 = photon
# 4 = PID > 100
# 5 = neutrino
# 6 = other
0.501315 0.948344 -0.750781 4
0.612199 -0.125131 0.18682 4
3.83629 -0.567029 -3.46469 4
0.454578 -0.116081 -0.68861 4
0.957704 2.35315 -2.82163 4
-4.40238 -3.4914 5.92514 4
-2.6539 -2.99707 4.06602 4
-0.765762 -1.02297 0.987843 4
-0.280851 -0.0721806 -0.0029718 4
-0.00447241 -0.218013 0.457533 4
0.81641 0.516235 0.416943 4
0.21716 0.669395 -0.780756 4
0.0307838 -0.00153412 -0.288659 4
2.11414 1.8059 -2.36211 4
0.593857 0.628279 -1.06037 4
0.103253 0.217827 -0.0907976 4
4.13981 3.86103 -3.63237 4
-1.37368 -1.05091 1.62176 4
-2.83121 -2.61998 3.42377 4
0.516444 -0.403169 -0.460898 4
0.828061 -0.157807 -0.331426 4
-0.0905126 0.857388 -0.546141 3
-0.0344051 0.0704331 -0.016888 3
0.897119 2.48916 -2.50663 4
-0.0511382 -0.0316777 0.051363 3
-0.898719 -0.535645 1.78861 3
-0.00241337 0.0405518 -0.00516446 3
-0.191962 0.0195758 0.135909 3
0.410304 0.0797285 -0.229754 3
0.327366 -3.60821e-05 -0.0712512 3
1.7262 0.690894 -2.74815 3
0.247508 0.133107 -0.345083 3
-3.92227 -4.57466 5.98572 4
-1.36018 -1.68215 2.13467 3
-0.523801 -0.524206 0.750564 3
-0.0390027 -0.0241121 0.0194082 3
-0.621092 -0.756059 1.07781 3
-0.038085 -0.025417 0.0215837 3
-1.04382 -1.10814 1.5846 3
0.517932 -0.048897 -0.546499 3
0.0759345 0.0137321 -0.0242848 3
0.70438 2.66584 -2.38627 4
-0.00419149 0.156595 -0.129707 4
0.505089 3.93711 -4.34418 4
