# 1 = ball
# 2 = lepton
# 3 = photon
# 4 = PID > 100
# 5 = neutrino
# 6 = other
0 0 -0.000266148 3
-0.0202504 1.4528 1.18626 4
0.244608 0.715808 0.100685 4
-0.08992 0.400646 0.184222 4
-0.283051 0.244129 -0.284899 4
-1.30697 -2.50963 -6.86795 4
-0.153893 -0.868096 -0.751691 4
0.357339 -1.01569 -0.313261 4
0.885338 4.5246 2.3908 4
1.36632 6.04572 3.71471 4
0.421453 2.46411 1.94996 4
-0.306791 0.928462 0.206609 4
0.0821737 -0.0429716 -0.00708438 4
-0.682038 -1.68886 -1.33234 4
-1.22888 -2.5971 -1.024 4
-0.371442 -10.6309 -3.13128 4
0.0388486 0.175249 0.111985 3
1.6952 12.8172 7.78333 3
0.165136 0.463572 0.0778057 3
0.406256 0.664135 0.178897 3
0.0764911 -0.333135 -0.658702 3
0.00857054 0.0131181 -0.0345482 3
-0.0547727 -0.157822 -0.182376 4
-0.455468 -0.515456 -1.39149 4
0.224645 0.964383 0.709439 3
0.417836 2.7969 2.01083 3
0.13434 0.598962 0.480032 3
0.0511502 0.8982 0.615465 3
-0.213011 -0.786238 -0.577325 3
-0.158201 -0.494715 -0.246033 3
-0.0834753 -0.50228 -0.399201 3
0.0375182 -0.197068 -0.101329 3
-0.962763 -10.7505 -3.29423 3
-0.316771 -3.09037 -0.885099 3
0.100904 -0.0150109 -0.200615 3
-0.0264329 0.0279604 -0.0173116 3
