# 1 = ball
# 2 = lepton
# 3 = photon
# 4 = PID > 100
# 5 = neutrino
# 6 = other
0.00577539 -0.00184579 -0.00793333 3
3.2923 0.547254 -0.791622 4
-0.210049 0.244237 -0.15033 4
0.211222 0.139982 -0.0379392 4
-0.165414 -0.0685471 -0.0737907 4
-1.0993 -0.253711 0.369656 4
-0.890473 -0.699733 0.0721258 4
-23.526 -9.47163 7.8751 4
3.92347 1.46941 -0.760795 4
12.4392 4.59655 -3.7249 4
0.680743 0.138623 -0.141157 4
7.04452 2.5452 -3.10962 4
3.25818 1.43089 -1.0515 4
-3.14864 -0.581389 1.11951 4
-4.6025 -1.46591 1.2875 4
-2.49302 -1.0893 0.438281 4
8.28378 3.47987 -2.54056 4
0.320744 0.0416781 -0.172555 3
0.503938 0.232111 -0.232238 3
0.680387 0.392556 -0.119157 3
0.559577 0.25548 0.0111035 3
-0.747198 -0.287486 0.151098 3
-3.32622 -1.15062 0.92677 3
-0.60833 -0.209117 0.348677 3
-0.386637 -0.234543 0.314277 3
