# 1 = ball
# 2 = lepton
# 3 = photon
# 4 = PID > 100
# 5 = neutrino
# 6 = other
0.00390831 0.000716415 -0.0128688 3
-0.604563 0.433354 -0.529648 4
-2.48349 6.66417 -6.91098 4
0.67785 -1.47034 1.59032 4
0.389132 -0.222267 0.539882 4
0.435948 -1.63192 0.541502 4
0.0433509 -0.601765 1.52049 4
0.240414 0.163095 -2.95117 4
-1.24569 2.42942 -2.73728 4
-2.3461 5.1513 -5.48584 4
-4.70332 11.7608 -12.5233 4
2.50041 -6.06529 6.94249 4
2.12825 -4.98223 6.58848 4
-0.142053 0.424227 -0.542687 4
-0.230171 0.294361 -0.323435 3
-0.237492 0.534851 -0.63073 3
0.0657821 0.446636 -0.235654 3
-0.0260719 0.136251 -0.0111334 3
4.24172 -10.0597 12.1343 3
0.085491 -0.224961 0.241176 3
0.604946 -2.04136 2.11964 4
0.0616812 -0.426269 0.311599 4
-0.00282298 0.00249913 0.00572052 3
0.336884 -0.205928 -0.537503 3
0.0398541 -0.0186797 0.108119 3
0.166144 -0.491047 0.788522 3
