# 1 = ball
# 2 = lepton
# 3 = photon
# 4 = PID > 100
# 5 = neutrino
# 6 = other
0.0426392 0.115792 13.7715 3
-0.0573572 0.0168285 0.114535 3
-0.370992 -0.454925 -2.90808 4
-0.616412 -0.182369 0.0862172 4
-0.0966274 -0.939121 -2.80511 4
-0.499565 -0.299839 -2.17882 4
0.0415251 -0.422186 0.0481157 4
-0.493521 -0.416333 0.863226 4
0.607606 -0.0972168 1.15243 4
5.47306 6.37193 13.5319 4
2.17305 2.22115 4.9362 4
0.978112 2.12489 3.39464 4
0.991276 1.10321 1.04315 4
-4.18353 -8.80015 -28.89 4
-2.64522 -0.652194 -2.00973 4
0.119149 0.63278 1.35805 4
-0.0364154 0.0134134 -0.072937 4
-1.41577 -0.0885882 -1.19642 4
-0.0120342 -0.0287807 -0.113358 3
0.00138828 -0.173664 -0.0998299 2
-0.000367897 -0.0446337 -0.0256905 2
