# 1 = ball
# 2 = lepton
# 3 = photon
# 4 = PID > 100
# 5 = neutrino
# 6 = other
0.0293218 0.0117954 -0.00904562 3
-1.57041 4.09885 -4.69878 4
-0.689817 2.22152 -2.42839 4
-0.508748 0.932656 -1.01533 4
-0.0891473 0.476354 -0.363372 4
0.29447 -0.215475 0.372184 4
-0.0159458 0.523973 0.162937 4
0.567959 -0.0602439 0.183011 4
0.874775 0.0851471 -0.0199599 4
0.724313 -1.10751 -0.547091 4
-0.205104 -0.131835 -0.269663 4
-0.68354 -0.810777 0.720673 4
-3.59334 -5.51936 3.38315 4
-1.9906 -4.16798 2.53177 4
-1.94382 7.35908 -8.69238 4
-0.125007 -0.0328508 -0.257014 4
1.6105 0.578771 0.0889389 4
1.96662 0.529756 0.977329 4
1.02389 0.789583 0.162123 4
0.653638 0.415528 0.364225 4
0.868714 0.682794 -0.2387 4
0.397706 0.779398 0.497211 4
0.51683 0.0871436 0.334287 4
-0.246313 -0.664314 0.323853 4
-7.01407 -13.1396 7.89364 4
0.430022 0.313008 0.21414 4
-0.312552 1.60974 -1.86969 3
-0.469586 1.7374 -2.13779 3
0.638626 0.312096 0.244592 4
0.573896 0.239351 0.141813 4
0.0307411 0.0590878 0.0234391 4
0.308353 -0.266764 -0.0536206 4
0.0621109 0.252301 0.423559 3
0.904429 0.684388 0.624176 3
0.0512183 0.00645808 0.208566 3
-0.0850743 -0.0245753 0.395963 3
-0.174158 -0.746648 0.206268 3
-0.0676691 -0.0929889 0.00522321 3
0.0942435 0.225086 0.310772 3
-0.00536673 0.0884001 0.0254446 3
0.897138 0.344135 0.105456 3
3.35988 1.27985 0.658339 3
-0.0726229 -0.242 -0.102473 3
-0.0432337 -0.0125603 -0.068174 3
1.20406 0.59223 0.369478 3
1.07452 0.647087 0.26773 3
0.515218 -0.434369 0.219745 3
0.245637 -0.12969 0.0262293 3
0.00164118 -0.106135 0.0420276 3
0.0543249 -0.00820044 -0.0456137 3
0.0556715 0.0378354 0.0435148 3
0.0033463 -0.073296 0.0712307 2
0.00289376 -0.0138141 0.0172091 2
-0.0647902 -0.066552 0.0732341 3
-0.0657922 0.0666934 0.1036 3
