# 1 = ball
# 2 = lepton
# 3 = photon
# 4 = PID > 100
# 5 = neutrino
# 6 = other
0.00270493 -0.00469255 -0.00387081 3
-0.00130966 0.0011953 0.027087 3
3.10984 1.25227 0.222797 4
2.77548 1.40143 0.638421 4
6.04333 2.81826 1.32407 4
3.94208 0.724737 -0.0378625 4
0.668167 -1.07051 -0.146258 4
-0.845935 0.179445 -0.355883 4
1.04359 0.579334 0.655251 4
-0.0215168 -0.837653 -0.000791491 4
0.586736 -0.387208 0.279004 4
-0.755396 -1.21397 -0.420145 4
-0.172188 -0.0676016 0.0970042 4
-0.467236 -0.244859 -0.0358936 4
-3.998 -1.34406 -0.468354 4
2.90925 1.92104 1.10112 4
0.221807 0.0754186 0.0549437 3
0.433805 0.11963 0.308683 3
0.0619492 0.059162 0.0775168 3
0.917582 0.329482 0.618252 3
-0.74343 -0.439898 -0.193184 3
-1.34726 -0.652607 -0.465976 3
-22.4917 -5.39484 -5.34914 4
-3.08807 -0.933399 -0.637326 4
-1.81244 -0.723891 -0.116898 4
0.0556181 -0.00521309 0.0842493 3
0.716699 -0.00228572 0.408263 3
0.0462535 -0.0186343 0.0253223 3
0.00170725 0.123101 -0.000374115 3
0.0924436 -0.166749 -0.00721745 3
0.110701 -0.487668 0.145457 2
0.00263424 -0.0119376 0.00380677 2
-1.26457 -0.535233 -0.404632 3
-2.18605 -0.915752 -0.885122 3
5.94093 2.15977 1.45451 3
1.70278 0.653195 0.353193 3
0.011405 -0.0010695 0.00890157 3
3.12183 1.15393 0.638529 3
3.79494 1.53935 0.759596 3
0.880887 0.368992 0.242958 3
