# 1 = ball
# 2 = lepton
# 3 = photon
# 4 = PID > 100
# 5 = neutrino
# 6 = other
-0.000519809 -0.000998153 -0.000600434 3
-0.374674 -0.151206 -0.0315815 4
0.489918 -0.16781 -0.556369 4
1.00484 -1.58454 -2.4518 4
-0.295472 -0.15136 0.335124 4
-0.166579 0.251491 0.203276 4
0.401495 -0.0836245 -1.07765 4
-0.204383 0.102964 0.430264 3
0.0511217 -0.00572957 0.73441 3
0.0550709 -0.00522201 0.169167 2
0.0709853 -0.00703513 0.216208 2
-0.28618 0.41035 0.455797 4
-0.497287 0.247074 0.528092 4
0.0370926 0.318227 -0.0942308 3
0.047864 0.0377578 -0.0599237 3
0.184165 -0.177119 -0.441829 3
0.320307 -0.101566 -0.533522 3
0.0882038 -0.0887285 -0.163271 3
0.111684 0.156465 -0.045774 3
0.00238574 0.23801 -0.0100751 3
-0.290127 -0.105797 -0.151794 3
-0.0883746 -0.104105 -0.136974 3
-4.4943 4.50463 12.7136 5
-0.132328 0.144439 0.23888 3
-0.00599254 -0.0287375 0.0368456 3
1.57842 -1.26504 -4.86214 4
1.89288 -0.91794 -3.15155 4
-3.60064 1.89714 7.19775 5
0.0300719 0.293414 0.882725 2
-1.81841 0.614844 3.65729 5
-0.291289 0.242878 0.724817 4
0.195965 0.0712751 -0.867717 4
-1.74922 1.35501 5.33305 4
0.242448 -0.179431 -0.865435 4
0.790857 -0.303738 -1.52083 4
2.05357 -0.464132 -4.04216 4
4.11829 -4.12909 -11.5745 4
0.506873 -0.405981 -1.14158 3
2.28407 -2.2116 -5.57941 3
-1.40696 0.76564 3.11037 4
-0.550031 0.597385 1.50675 3
-0.245575 0.214036 0.786496 3
-0.00521595 0.0593924 0.105521 3
-0.0550086 0.118108 -0.00573465 3
