# 1 = ball
# 2 = lepton
# 3 = photon
# 4 = PID > 100
# 5 = neutrino
# 6 = other
-0.00153243 0.000566297 0.00231387 3
1.15235 -1.46201 -0.363696 4
-4.80294 2.33096 0.585981 4
5.9627 -2.92382 -1.65633 4
-0.224143 0.0618611 -0.348235 4
1.42404 -0.825503 -0.193942 4
5.03086 -2.98372 -1.46906 4
0.1004 -0.317974 0.424901 4
0.31515 0.124025 0.144448 4
-0.0583521 0.0582985 -0.0629525 3
-0.403911 0.408884 -0.0536999 3
-0.446292 0.28734 0.166193 3
-6.53861 4.21389 2.98271 3
1.32519 -0.866342 -0.436782 3
2.92827 -1.80149 -1.13134 3
-0.109555 0.0386767 -0.0342252 3
-1.16311 0.577188 0.0439058 3
9.08741 -5.63592 -2.45885 4
0.635957 -0.474558 -0.139531 3
7.33058 -4.52662 -1.9871 3
1.80462 -1.06014 -0.532057 3
-0.057826 -0.0391209 0.00505432 3
0.046118 0.0266874 0.0617895 3
-5.91914 3.65023 1.752 4
-8.65464 5.94078 2.36383 4
-2.59711 1.64904 0.34028 4
-6.16649 3.54881 1.9944 4
