# 1 = ball
# 2 = lepton
# 3 = photon
# 4 = PID > 100
# 5 = neutrino
# 6 = other
-2.55031 -2.46545 1.27098 4
-1.01252 -1.4895 -0.0311828 4
-3.60003 -3.39555 1.5426 4
-0.041567 -0.589793 0.658124 4
-0.0948751 0.184059 0.107801 4
3.00942 7.56597 0.686429 4
2.51536 0.00595045 -1.16818 4
-2.37306 -2.16932 0.846625 4
-0.201505 0.400893 0.221399 4
-0.0551554 0.498067 0.145397 4
-0.126999 -0.0655054 -0.183742 4
2.27903 3.38234 0.728336 4
0.0468274 -0.0392141 -0.0512895 4
1.7186 0.551128 -0.194592 4
0.251616 0.379186 0.117046 4
0.318152 0.243009 -0.184492 4
1.48965 0.313191 -0.151338 4
0.326342 0.508075 0.140222 3
0.279334 0.24519 0.0635844 3
-0.184727 0.321199 0.0173907 3
-0.377552 0.601831 0.221149 3
0.225647 0.657119 0.106614 4
0.32743 1.14051 0.52714 4
0.0332609 0.086583 0.0323599 3
0.299087 -0.0542423 -0.188913 3
0.384213 -0.156303 -0.428727 3
1.37785 0.667812 -1.48661 4
-0.10914 -0.221478 0.0780751 3
-0.0636922 -0.284138 -0.0378139 3
-0.654341 -0.887346 0.690989 3
-0.0557937 -0.0635792 0.0136922 3
0.115879 -0.0944189 -0.0848646 3
0.987356 -0.354457 -0.654698 3
0.240923 0.164483 -0.22022 3
0.0374629 -0.0133961 0.00564935 3
-4.50953 -4.07087 1.05674 4
-6.62864 -5.31946 1.60434 4
-3.67902 -3.26659 0.732522 4
0.832932 2.55301 0.150331 4
0.664118 1.58 0.825746 4
-0.866389 -0.46054 -0.00292549 3
-0.986636 -0.647886 0.0966295 3
0.0289149 0.000606185 0.0199305 3
0.07559 0.298628 -0.0303303 3
0.303626 0.861311 0.284574 3
-0.00219978 0.134746 0.0209338 3
0.0741862 0.362202 0.0440719 3
0.124719 0.583326 0.2484 3
3.2984 0.577564 -2.80214 4
0.597013 0.0772251 -0.509731 3
5.91074 1.16383 -4.89404 3
