# 1 = ball
# 2 = lepton
# 3 = photon
# 4 = PID > 100
# 5 = neutrino
# 6 = other
-0.683418 0.309918 1.46147 3
-0.14791 -0.294882 2.26353 3
8.31501e-06 -0.000506921 -0.000211138 3
-0.371173 -0.14265 -0.378792 4
-0.754964 0.329326 -0.387855 4
0.0985012 -0.148795 -0.883645 4
3.37018 -2.35902 -4.25376 4
1.33521 0.440681 0.320579 4
6.24037 0.348206 2.11725 4
1.64191 0.167559 0.185767 4
1.77574 0.214906 1.28625 4
-0.456577 0.224718 0.393961 4
-4.45664 0.814204 0.701727 4
0.0802861 -0.483575 -0.0864979 4
0.454874 0.288861 -0.273383 4
0.222782 0.420147 -0.661095 4
0.965272 -0.197966 -0.428996 4
0.331113 -0.343695 0.478297 4
0.474141 0.0491102 0.0592579 4
1.8191 0.916753 0.942427 4
-0.240842 -0.448259 -0.790172 4
0.439903 -0.314822 -0.317942 3
2.07822 -1.8605 -1.59358 3
0.0820072 -0.0824893 0.0270299 3
0.0738188 -0.011979 0.152385 3
1.50554 -1.25607 -1.72063 4
0.454854 -0.427363 -0.893884 4
0.432358 -0.626424 -0.832217 4
0.293964 -0.212483 -0.0857816 4
0.49132 0.0117303 -0.0868673 4
0.890508 0.204377 0.0490829 4
0.767228 0.775758 1.03301 4
0.960824 0.679603 1.43993 4
1.48331 -0.533486 -0.836434 3
0.517791 -0.204082 -0.387257 3
0.105247 -0.0569673 -0.0836183 3
0.776411 -0.200942 -0.237049 3
0.0383297 0.0260708 -0.00127189 3
-0.0833116 0.0130663 0.101732 3
-5.15418 1.51216 0.563344 4
-1.94232 -0.0672766 0.21705 4
-9.14225 2.1206 1.2747 4
-1.37975 0.253864 0.181927 3
-0.0541556 0.0283954 -0.0134927 3
-2.20359 0.265577 0.474633 3
-0.469237 0.119821 0.099857 3
-0.544446 0.121665 0.071022 3
-0.486833 -0.0154551 0.0307297 3
-5.82763 0.434309 1.40564 3
-1.06878 0.309245 0.201743 3
1.89921 -1.58842 -2.55461 3
0.447082 -0.301667 -0.600189 3
0.162886 -0.161531 -0.154233 3
0.528761 -0.237582 -0.459964 3
0.739635 0.295494 0.263441 3
0.237049 0.0832499 0.166745 3
0.920709 0.840467 0.471916 4
0.156842 0.0370274 0.190897 3
0.0542583 -0.0248053 0.117432 2
0.120441 -0.0531916 0.258645 2
