# 1 = ball
# 2 = lepton
# 3 = photon
# 4 = PID > 100
# 5 = neutrino
# 6 = other
-0.092267 -0.0904734 -0.609041 3
-5.17513 -2.35949 -8.29859 4
-2.51882 -1.14502 -5.66321 4
-0.68321 0.386438 -0.743895 4
4.49945 1.68816 11.1702 4
3.93797 1.25887 7.81658 4
2.19884 1.15187 3.76672 4
0.524037 -0.274829 -0.324133 4
-0.594277 -0.699359 -1.92746 4
-1.34733 -0.414813 -6.98678 4
-0.692167 0.987757 -1.59964 4
-0.0322031 -0.0992126 -0.253847 4
-0.913067 1.24222 -2.27051 4
3.26903 1.61342 7.62929 4
0.996544 0.158544 2.43306 4
0.113553 0.214016 0.606391 4
0.262638 -0.508372 0.720129 4
0.101494 -0.172813 -0.211005 4
-1.34584 -0.903568 -1.33332 4
-0.110435 -0.065894 -0.699225 4
-1.22471 -1.09548 -2.34869 4
-1.02146 -0.513184 -1.63462 4
0.691013 0.0758855 1.08335 4
0.0172409 0.118263 0.575185 4
0.669735 0.130468 1.47255 3
0.238646 0.0381139 0.357419 3
0.0819397 -0.142228 0.122593 3
-0.0233237 0.0141233 0.0435945 3
-0.121761 0.0734501 0.0515429 3
-0.206441 0.357448 0.263901 3
-0.69806 -1.01776 -1.17772 3
-0.170482 -0.314444 -0.433036 3
-0.036284 -0.049272 -0.195656 3
-0.0421678 0.0244019 -0.00290178 3
-0.220055 0.466567 -0.293424 3
-0.023293 0.046866 -0.0932601 3
-0.400299 -0.31646 -0.949349 3
-0.267676 -0.0903433 -0.586589 3
0.0938862 0.131919 0.16052 3
0.264736 0.0942085 0.362879 3
