# 1 = ball
# 2 = lepton
# 3 = photon
# 4 = PID > 100
# 5 = neutrino
# 6 = other
2.36034 -0.548977 0.677469 3
5.39553 4.08766 -15.5669 4
0.819893 0.620457 -2.24813 4
1.13066 0.665943 -4.16216 4
0.116368 0.338173 -0.0225087 4
0.464925 -0.00437418 -1.28505 4
-0.195527 -0.33474 1.64312 4
-0.548512 -0.167079 0.505219 4
-6.37912 -3.35592 14.9562 4
0.894145 1.06338 -4.72553 4
1.28024 1.07246 -3.61068 4
-0.0531874 0.22448 -0.067684 4
0.24158 -0.113865 -0.322889 4
0.550119 -0.0281936 0.809492 4
-0.133913 -0.288815 0.257588 4
-1.43717 -0.269644 1.43473 4
-1.3776 -0.468706 2.52308 4
-0.194184 -0.0842771 0.175776 4
0.157255 0.443396 -0.691612 3
0.475444 0.0324971 -1.06319 3
0.18436 -0.0208185 -1.48408 3
0.24656 0.126109 -1.9091 3
0.181463 0.042139 -0.0785593 3
1.50164 0.171915 -0.278536 3
1.1871 0.676164 -1.8435 3
0.142816 0.102268 -0.320691 3
0.474753 -0.0539698 0.109706 3
0.10264 -0.00270204 -0.0385082 3
0.0223407 -0.140367 0.0193865 3
-0.0344403 -0.150396 0.167851 3
-2.47678 -1.16337 5.22394 3
-5.09975 -2.47085 11.2158 3
