# 1 = ball
# 2 = lepton
# 3 = photon
# 4 = PID > 100
# 5 = neutrino
# 6 = other
0 0 0.000303172 3
0.46483 0.604475 0.541897 4
2.55947 1.87707 1.66012 4
-12.9601 -7.49519 -5.86067 4
-5.67434 -2.66313 -3.11293 4
0.222281 -0.21137 0.0943145 4
3.6975 1.79754 1.09599 4
0.567047 0.536999 0.502417 4
0.954163 0.308408 0.68107 4
9.08435 4.5308 5.07642 4
2.64712 1.41713 1.12218 4
4.38344 3.05827 2.06673 4
-1.47182 -0.963283 -0.901698 4
-5.60845 -2.81201 -2.03653 4
-0.53482 -0.969161 -0.549004 4
-1.82249 -1.32455 -0.907709 4
-1.15981 -0.38257 -0.530512 4
-0.764236 0.740656 -0.550601 4
0.0690621 0.0582034 0.044442 4
2.5173 0.62278 0.490531 4
0.70897 0.674757 0.50584 3
0.81478 0.122524 0.335753 3
0.106192 0.0902223 -0.13888 3
-0.0361474 0.062198 -0.120767 3
1.07977 0.722487 0.768934 4
0.388832 0.28701 0.0407062 4
-0.0662551 0.0373513 0.0637695 3
-0.0238171 0.156557 0.37666 3
0.849632 0.426553 0.338866 3
2.19961 0.888323 0.750347 3
-0.308727 -0.200496 -0.265919 3
-0.894819 -0.351305 -0.822036 3
-1.98034 -1.32467 -1.07741 3
-1.82824 -1.18534 -0.849423 3
-0.174808 -0.294475 0.147271 3
-0.153396 -0.201878 -0.00566022 3
0.91622 0.505326 0.398205 3
1.23208 0.853799 0.627005 3
