# 1 = ball
# 2 = lepton
# 3 = photon
# 4 = PID > 100
# 5 = neutrino
# 6 = other
0 0 -0.00013834 3
-0.437439 -0.931013 1.63143 4
-5.17816 -2.34102 -1.48082 4
-3.45568 -1.55858 -1.80969 4
0.523619 9.65986 9.13467 4
0.514556 2.00966 2.2314 4
-1.24673 0.211835 0.608988 4
-0.287015 -1.61642 -2.54009 4
0.114142 -0.641739 -0.932513 4
0.428596 0.226593 -0.405494 4
2.68975 -0.346226 -0.0173811 4
2.43435 0.719558 0.299181 4
1.24403 -0.464787 0.171084 4
0.00346414 -1.14713 -0.434528 4
-0.634218 -0.223853 0.0453162 4
-0.568248 -0.0124467 -0.166673 4
-0.546335 1.02308 1.19965 4
0.0396178 0.171602 0.0641884 4
0.62521 1.0129 0.906307 4
-0.0624624 0.0164755 0.0328968 4
-0.37136 -0.566748 -2.54719 4
0.128525 -0.249539 -0.506518 4
0.400914 -1.04213 -3.07064 4
1.172 0.367234 -0.627986 4
1.3357 0.260434 1.07111 4
-7.96304 -1.82253 -2.91657 4
-0.226888 -0.220446 0.17362 3
0.220712 0.769724 1.15248 3
0.0558898 0.323449 0.346944 3
0.096017 -0.508537 -0.986209 4
-0.14251 -0.401834 -0.476653 4
0.130885 -0.0271127 -0.697741 4
-0.00472216 -0.0129239 -0.412485 4
2.53695 0.141856 0.012026 4
0.726514 -0.0397221 -0.183932 4
0.728335 0.488501 0.0203678 4
0.259688 0.0238832 0.134066 4
0.88004 0.245387 0.285652 4
0.0897136 -0.0373241 -0.00711361 4
0.548723 0.117405 -0.0189797 4
0.0470396 -0.311238 0.104945 3
-0.00589886 -0.0140262 0.0551625 3
-0.0294176 -0.00228848 -0.0371984 3
-0.175649 -0.261691 -0.00239468 3
-1.20554 -1.36424 0.934991 4
-0.331359 -1.27928 0.313659 4
-0.0462405 -0.00413356 -0.235277 3
0.0113805 -0.201255 -0.912422 3
0.578922 0.00793154 0.0413329 3
1.12023 0.196486 0.134103 3
0.226883 0.236492 -0.155389 3
0.183876 0.264431 -0.0243723 3
0.210631 0.0445229 0.209912 3
0.697443 0.0896396 0.38856 3
0.548272 -0.0829105 0.326647 4
0.499614 -0.244842 -0.141824 4
0.812717 -0.140558 -0.0698711 4
-0.0775466 0.0862552 -0.00952143 4
0.131092 -0.41174 -0.0909204 3
0.000415274 -0.184916 -0.112161 3
