# 1 = ball
# 2 = lepton
# 3 = photon
# 4 = PID > 100
# 5 = neutrino
# 6 = other
-0.028846 0.0411223 0.246498 3
-0.670038 0.23322 -0.215623 4
-0.211016 0.0328399 -0.315041 4
0.104888 -0.0537117 -1.47935 4
1.97959 0.0615565 -5.9319 4
0.291475 -1.65118 -1.65271 4
0.74374 -0.79722 6.85303 4
1.42646 0.757107 2.11322 4
0.233219 -0.229516 0.270708 4
-0.43319 -0.0999 0.375475 4
-0.621902 0.00353206 -0.823968 4
-0.896709 -0.0580606 -0.916417 4
-3.08397 0.65899 -1.77584 4
-3.62904 0.0378668 -2.1626 4
0.350451 -0.221642 -0.251348 4
2.64359 0.596763 -3.14304 4
0.810368 -0.0765006 -1.10953 4
2.08712 0.97178 -3.16307 4
0.63262 -0.10166 -0.418082 4
0.769585 -2.12239 -2.22507 4
0.90383 -1.56239 5.41484 4
0.419209 -0.0619157 1.17452 4
0.347332 0.104667 3.569 4
0.388497 0.33822 1.0898 4
0.10286 0.044663 1.84736 4
0.352803 0.17236 2.03133 4
1.14614 2.04372 9.031 4
-1.05671 0.195936 -0.565219 3
-3.78562 0.58133 -2.27271 3
0.392325 0.0498519 -1.34142 3
0.491879 -0.087681 -1.75747 3
0.19646 0.0651435 -0.0987652 3
-0.0133957 -0.0190336 -0.00106487 3
0.169906 -0.545396 -0.777596 3
0.0294197 -0.412694 -0.678641 3
-1.51811 0.0997966 -0.706939 4
-1.01567 -0.0318358 -0.633806 4
-0.0670492 0.0817688 -0.196614 3
-0.0597464 0.527817 -0.92092 3
0.109257 0.152857 -0.192937 3
0.155594 0.170875 -0.506868 3
0.0655641 -0.024048 -0.0219771 3
0.181534 -0.0181855 -0.355687 3
0.00595347 0.00190204 0.371282 3
-0.244845 0.18455 2.20232 3
-0.12933 0.0361764 -0.0189725 3
-0.0664806 -0.0714576 0.0408162 3
