# 1 = ball
# 2 = lepton
# 3 = photon
# 4 = PID > 100
# 5 = neutrino
# 6 = other
-0.000291759 0.000507646 -0.00016637 3
0.406763 -0.115966 2.18056 4
2.17344 1.16966 2.36905 4
0.724209 0.422274 0.916059 4
0.442874 -0.980713 -0.0108894 4
0.127737 -0.274389 0.180605 4
-0.147858 0.240625 -0.212706 4
0.196278 -0.153853 0.23422 4
0.559837 -1.4071 9.69723 4
1.09482 -0.110316 5.12943 4
0.582677 0.388809 1.68264 4
1.75676 0.690991 2.5169 4
-0.466239 -0.539459 0.33765 4
-0.532129 -0.108897 -0.131517 4
0.214142 0.0597491 -0.383201 4
-1.59684 -0.947446 -4.47863 4
0.488594 0.253745 0.870345 4
-1.9852 -0.650232 -5.28398 4
0.37547 0.685414 0.721534 3
0.268355 -0.0293199 0.435279 3
1.09608 0.736444 1.0855 3
0.0992928 0.119457 0.145901 3
0.456525 0.192814 0.763824 3
0.248866 0.558707 0.484707 3
0.583774 0.90549 0.767433 3
0.0200053 0.072651 -0.0104854 3
0.229713 0.244922 0.193186 3
0.0027678 0.0324823 0.142309 3
-0.0834739 0.0672333 0.0394256 3
0.360076 -0.138773 0.384133 3
-0.277817 -0.250855 -0.386529 3
-0.130926 -0.134903 -0.0782169 3
-0.0551038 -0.0193872 0.007039 3
-0.547292 0.22745 0.00191894 3
-0.769652 0.0954198 -0.428812 3
-1.03791 0.287675 -0.614363 3
-2.75244 -0.956498 -7.57584 4
-1.74147 -0.526159 -4.78039 4
-0.824612 -0.150815 -2.19858 4
-2.55697 -0.930503 -7.49627 4
0.0140585 -0.0187632 0.333248 3
0.310305 -0.180247 1.34231 3
-0.0111861 -0.0775817 0.140628 3
-0.0432178 0.0538181 0.131548 3
0.260607 0.400374 0.810668 3
0.160411 0.142737 0.524012 3
0.0770353 0.110286 0.00466145 3
0.18315 0.0447263 0.0981165 3
0.0773196 -0.256347 -0.137174 3
0.0836169 -0.279549 -0.329787 3
0.00759178 0.195161 -0.134587 3
-0.0895114 0.264945 -0.368648 3
1.98042 1.4634 2.42738 3
0.0738508 -0.0979845 0.184587 3
0.159077 0.00780646 0.177563 3
-0.0268332 -0.0165485 0.0288235 3
0.0902221 -0.151007 0.581301 3
0.082135 -0.145823 0.102226 3
0.100106 -0.0378969 0.182826 3
0.0261491 -0.0182032 -0.0306983 3
-0.130793 0.0499716 -0.219391 3
-0.791392 -0.421317 -2.90304 3
-0.138637 -0.0630655 -0.713875 3
0.330248 0.0435392 0.259605 3
0.212426 -0.0393815 0.291394 3
