# 1 = ball
# 2 = lepton
# 3 = photon
# 4 = PID > 100
# 5 = neutrino
# 6 = other
0.0103651 -0.000859412 -1.39189 3
0.671376 -0.313315 1.85235 4
0.251418 -0.204526 0.0781057 4
0.284906 0.0567559 -0.0778258 4
-0.405978 0.235849 -0.350298 4
-0.650325 -0.54292 -0.238823 4
-0.0594952 0.140781 -0.561309 4
0.443627 -0.516065 0.940256 4
0.124176 -0.081772 0.521568 3
0.131345 -0.00165743 0.19859 3
-0.250746 -1.21274 -0.0890032 3
0.126827 0.179389 0.108861 3
0.0359694 0.239491 0.029151 3
-0.587147 -0.534606 -0.597924 4
-0.365476 -0.383099 -1.02631 4
-0.129142 0.0693964 -0.628288 4
-0.458199 -0.0758347 -0.462928 4
-0.953309 4.77608 -4.98401 4
-0.210876 0.0118911 -0.436016 3
-0.35979 -0.134587 -0.606186 3
0.00534154 0.0225157 0.0115933 3
-0.41687 0.202028 0.0555356 3
2.36528 -9.1566 14.8586 4
0.229179 -0.636039 0.953805 4
0.0967422 -0.902371 1.37919 4
-0.435746 -0.224249 -0.110807 3
-0.0479374 -0.00722133 -0.0582346 3
-0.0574476 -0.0369293 -0.0336423 3
-0.208627 -0.00579127 -0.41226 3
-0.0583947 -0.00732685 -0.0615307 3
-0.194215 0.207638 -0.118681 3
-0.767403 2.47931 -3.11006 4
-0.370718 3.7305 -4.67659 4
-0.456713 2.66801 -3.98318 4
-0.781868 3.85106 -4.27326 4
-0.0261084 0.483375 -0.61037 4
0.0643378 -0.0683081 0.0958385 4
0.474673 1.17896 -1.28744 4
-0.11376 0.889421 -0.779152 4
0.522201 -1.49762 2.30231 3
0.279688 -0.977668 1.32094 3
1.57661 -3.6995 5.80758 4
0.310177 -0.541585 1.68771 4
-0.0461614 -0.00621741 -0.094937 3
-0.104748 0.239139 -0.413156 3
-0.209528 2.27382 -3.7168 3
-0.0973995 0.662634 -0.973601 3
0.006732 -0.341915 0.249953 3
0.0512642 -0.047851 0.0897877 3
0.685225 -2.19939 3.19372 3
0.0620719 -0.20181 0.363672 2
0.0145968 -0.0376678 0.0653295 2
