# 1 = ball
# 2 = lepton
# 3 = photon
# 4 = PID > 100
# 5 = neutrino
# 6 = other
-1.54442 8.11379 -2.9941 4
-0.820905 1.62545 -0.0473896 4
-0.146259 0.139755 0.131491 4
0.563867 0.308299 0.37202 4
1.8332 -11.752 3.61418 4
-1.85403 9.21834 -3.35992 4
-0.781569 3.10215 -1.17732 4
-0.288253 1.30894 -0.250423 4
0.282852 0.511663 -0.515949 4
0.686701 2.51263 -0.408891 4
0.610802 1.84018 0.1933 4
-0.104379 -0.179923 0.15725 4
0.177182 -2.21877 0.801585 4
1.89748 -16.9418 4.17207 4
0.548415 0.57086 -0.046742 4
-0.0804622 -2.68787 0.532276 4
-1.16808 4.53783 -1.18249 3
-0.0412404 0.18476 -0.0209121 3
-0.0414377 0.291158 -0.0209491 4
-0.00509453 0.723288 -0.132616 4
-0.129978 1.67176 -0.48862 3
0.682987 -1.20908 0.141051 3
0.105816 -0.226576 -0.028524 3
0.0341004 -1.17706 0.195708 4
0.292993 -3.96436 1.1025 4
-0.228991 0.975777 -0.261348 3
-1.13936 3.92533 -0.890227 3
0.0204192 -0.0345403 -0.0139706 3
0.431593 -0.428924 0.291478 3
0.178723 -0.264824 0.112179 3
-0.000205338 0.0132283 0.0181545 3
0.03532 -0.0536335 -0.047056 3
-0.00869113 -0.166437 0.0705639 3
0.0247937 -0.108916 -0.0697444 3
-0.0238938 -0.160529 0.0513803 3
