# 1 = ball
# 2 = lepton
# 3 = photon
# 4 = PID > 100
# 5 = neutrino
# 6 = other
0.11452 0.0651081 -2.93183 3
0.00163359 -0.00116999 0.829686 3
3.43541 1.20916 2.84614 4
-0.162998 0.269029 -0.0514411 4
-4.39744 1.5908 -4.25874 4
-2.52814 1.36465 -2.15301 4
-2.4378 -0.877934 -2.05492 4
3.13736 -0.103104 2.25407 4
1.31826 -0.347225 1.44569 4
0.355289 -0.181909 0.546834 4
0.262214 0.272633 0.762702 4
-1.44286 0.521594 -0.446369 4
-0.536982 0.247835 -0.36325 4
1.07761 -0.047727 0.903983 4
-0.166832 -0.189764 0.0220495 4
-0.892952 0.498778 -1.08223 3
-3.0301 0.619736 -3.13376 3
-0.821576 -0.138063 -0.425792 4
-0.918814 -0.303022 -0.696877 4
-0.0669595 -0.0428175 0.104481 4
0.138843 -0.184171 -0.308415 4
-0.281842 0.108219 -0.354825 3
-0.0607424 -0.0230817 -0.160644 3
1.32358 0.237896 0.952007 3
0.298234 0.0081723 0.158238 3
0.00945464 -0.00254985 -0.00114624 3
2.66889 -0.760739 2.03801 3
0.912983 0.238712 0.77897 3
0.676197 0.260498 0.490545 3
0.0345278 0.0987649 -0.0417267 3
0.0879729 0.238979 0.109001 3
0.0195627 0.0302268 -0.00563142 3
-0.16909 0.603668 0.128826 3
-1.14364 -0.381751 -0.760273 3
-3.73632 -1.41628 -2.30225 3
-2.78231 -1.02645 -1.68734 4
-0.165686 -0.122977 -0.107076 3
-0.876583 -0.687209 -0.245516 3
-4.12956 -1.69182 -2.80157 3
-2.31307 -0.901713 -1.4518 3
1.31339 -0.0256265 0.999117 4
3.96685 0.183242 3.41073 4
0.370563 0.0110241 0.213417 3
0.875148 0.0934019 0.747763 3
-0.145184 0.113746 -0.0413167 3
-0.052899 -0.0363836 -0.0401147 3
4.5971 0.444043 3.5118 4
0.151583 0.0200783 0.0985166 3
3.63576 -0.0136487 2.88038 3
0.544201 0.105562 0.406298 3
1.45359 0.0605093 1.0454 3
0.17085 -0.00577974 0.15288 3
0.308801 -0.00314589 0.0703098 3
