# 1 = ball
# 2 = lepton
# 3 = photon
# 4 = PID > 100
# 5 = neutrino
# 6 = other
-0.101875 -1.461 1.29745 3
-0.0021201 0.00451486 0.00851116 3
0 0 0.000298067 3
0.023012 0.0506365 -0.0973695 4
-0.456761 -2.76986 1.70176 4
0.97768 2.10394 -1.13638 4
-0.0175641 -0.724502 0.376217 4
0.461095 -1.42069 0.928677 4
-0.173916 -0.213775 0.0674047 4
-0.0527556 -0.195281 -0.0798598 4
-0.680476 -1.34037 0.966508 4
-0.0402716 -0.131147 0.113247 3
-0.920524 -1.9515 1.24708 3
-0.0606227 -0.244628 0.23941 3
-0.714992 -1.67338 2.0371 3
0.0960989 -0.460344 0.313802 4
0.023022 -0.185872 0.0549561 4
0.0846959 0.0152318 -0.0742035 3
-0.0322582 -0.0359455 0.00431602 3
-0.362748 -0.577705 1.08614 4
-0.202449 -0.157782 0.14765 4
0.0601299 0.0259846 0.0422948 3
0.324028 0.553056 0.589067 3
-0.499232 -0.57925 -0.0833615 3
-0.0791668 0.110233 -0.111312 3
0.761999 1.96171 -0.556166 4
0.0443602 0.108814 -0.11315 3
3.92907 10.0253 -8.58284 2
1.85451 3.83886 -2.94465 5
-0.0650554 -0.281996 0.88729 3
-0.0792511 -0.0873419 0.204214 3
-0.00893093 0.000144667 -0.0217719 3
0.342642 0.20855 -0.210269 3
-5.46992 -10.5638 7.41307 4
-0.0131241 -0.0980808 0.0188098 3
-0.298019 -0.376125 0.25397 3
-0.0816493 -0.214457 0.0217094 3
0.0405948 -0.0641271 0.0469132 3
-0.0482146 -0.47189 -0.0337229 3
0.062053 -0.16078 -0.0255343 3
0.0165666 0.0160983 -0.0032952 3
0.0452392 -0.217574 0.124684 3
2.41927 7.34972 -5.6397 4
2.46654 6.11353 -5.02366 3
0.673788 1.50959 -1.22095 3
-2.11843 -3.83133 3.08452 4
-0.306293 -0.749093 0.423188 3
-0.130609 -0.526362 0.374451 3
-0.971245 -1.28308 1.00275 3
-0.717914 -0.946786 0.88074 3
