# 1 = ball
# 2 = lepton
# 3 = photon
# 4 = PID > 100
# 5 = neutrino
# 6 = other
-0.00119078 0.00544657 -0.00381992 3
-0.724722 2.41353 -1.74037 4
1.01206 1.53146 -2.88274 4
5.00312 -13.4488 2.35334 4
5.90938 -17.8567 2.13781 4
0.099921 -0.546332 0.274936 4
0.250196 -0.681544 0.169238 4
-0.770054 1.30146 0.870703 4
-0.613424 0.802484 0.214198 4
-2.37122 4.09429 3.01567 4
-1.0967 2.18864 1.06278 4
-0.106932 0.120972 0.0743829 4
0.251314 0.212645 0.108777 4
-0.757174 1.50086 -1.18518 4
-0.644773 1.26867 -1.08086 4
-0.457361 2.56229 -3.13276 4
0.40009 0.567906 -0.443963 4
0.419715 0.208655 -0.0154017 4
0.289233 0.244886 0.197759 4
0.456534 0.0360466 0.241201 4
0.040192 -0.326889 0.0796776 4
-0.0488047 0.375408 0.177462 4
-0.507104 0.368167 -0.483994 4
-0.818915 1.94613 -2.37184 4
-0.100595 0.640739 -0.792095 4
0.522865 0.373228 0.840199 4
0.438619 -1.57344 0.72506 3
0.231683 -0.551023 0.231294 3
-0.426909 0.906395 0.753571 3
-0.478074 1.39342 1.07473 3
-0.773554 1.24633 0.95601 3
-2.17615 3.35079 2.3601 3
0.114025 0.0639116 -0.0537776 3
-0.0030188 0.10393 -0.108543 3
-0.239091 0.0652944 -0.032284 4
-0.151363 0.236026 0.135353 4
-1.11961 1.23431 -0.549224 4
-0.279625 0.207983 -0.0963813 4
0.285143 1.03206 -0.853684 3
0.0744157 0.182217 -0.231012 3
0.518119 0.256914 -1.49203 3
0.120524 0.021707 -0.197911 3
0.00408511 -0.0151542 0.0226121 3
-0.122652 -0.0379396 -0.158165 3
0.132449 0.00848589 -0.137007 3
0.186428 0.072214 -0.0303484 3
-0.217711 0.253617 0.0724713 3
-1.10588 0.874864 0.243916 3
-0.562586 0.581823 -0.246141 3
-0.0849068 0.181565 -0.0737191 3
