# 1 = ball
# 2 = lepton
# 3 = photon
# 4 = PID > 100
# 5 = neutrino
# 6 = other
0.763297 1.23609 -3.20217 4
0.133916 0.636267 -0.175802 4
-0.140414 0.287994 -0.622229 4
-0.232798 -0.314585 1.83615 4
0.219532 0.105778 0.0329922 4
0.147008 -0.440191 -0.0676209 4
-0.455741 0.842451 0.489311 4
0.207456 0.839476 0.820563 4
-0.283077 0.392934 -0.138597 4
-0.271798 1.42003 1.48867 4
0.0443946 0.174221 0.138243 4
-1.7846 -1.56144 -2.03511 4
0.0175538 -0.821978 -1.10942 4
-1.04982 -0.940418 -1.04203 4
-0.163215 -1.25589 -0.955123 4
2.27463 -4.6853 -0.839021 4
4.43386 -2.69631 -2.25737 4
0.709245 0.117858 -0.63945 4
0.00282967 -0.37822 0.551414 4
-0.364925 0.241789 1.51818 4
0.110925 0.23592 0.205753 4
-0.175332 1.14599 0.975693 4
-0.900394 1.36646 1.4511 4
0.0669286 1.17799 0.551897 4
-1.79194 -0.446059 -1.05394 4
1.42833 -2.73189 0.0492278 4
0.504017 -0.353129 -0.0687674 4
0.0815116 0.249602 0.150319 4
1.16841 0.292029 -0.155098 4
0.764088 -0.171948 0.288515 4
-0.00235276 0.0195567 -0.0122851 3
0.736272 0.548953 -0.518912 3
-0.0649474 -0.0142742 -0.181656 4
0.055688 -0.267137 -0.380685 4
-0.0240872 -0.00723748 -0.0163825 3
0.0817219 -0.327255 -0.04238 3
1.30572 1.11692 1.77626 3
0.208244 0.313608 0.111483 3
-0.53147 2.63633 3.19974 2
-0.376806 1.38068 1.74476 5
-1.10247 -0.365507 -0.61617 3
0.0491551 0.00274498 -0.184106 4
-0.414222 0.112869 -0.183533 4
-0.0987836 -0.595469 -1.35414 4
0.0851202 -0.189781 -0.427345 4
0.0760193 -0.0869465 0.275078 3
0.0997339 -0.116256 0.102414 3
0.339578 -0.134302 0.173458 3
0.314667 -0.240776 0.0942652 3
-0.0737744 0.0370653 0.18258 3
0.0262829 0.133095 0.459072 3
-0.0237462 -0.0510812 -0.0276483 3
-0.542026 -0.376039 -0.710205 3
0.152615 0.0263516 -0.109593 3
0.0688885 -0.0374357 0.0266796 3
-0.00175355 0.000985078 0.0521105 3
0.329888 -0.0304471 0.255606 3
1.08916 -0.1838 -0.450614 3
1.33641 -0.145256 -0.414474 3
-0.0209359 -0.0142554 -0.00195232 3
0.162561 -0.132084 -0.238001 3
-0.0381232 2.74573 2.31157 4
-0.123751 2.89815 2.76599 4
-3.14931 -1.26749 -1.30409 4
-0.853677 -0.103353 -0.175732 4
-0.00360713 0.0321925 0.045526 3
-0.00682733 -0.120413 0.040747 3
0.0641345 -0.0259864 -0.0176816 3
-0.0481348 0.048112 -0.0291475 3
-1.22461 -0.388805 -0.687323 4
-3.03448 -0.601033 -1.41009 4
-0.253505 -0.120004 -0.279029 3
-0.0323526 -0.0764396 -0.0304366 3
