# 1 = ball
# 2 = lepton
# 3 = photon
# 4 = PID > 100
# 5 = neutrino
# 6 = other
-3.67446 -0.695253 3.5107 4
-0.167319 -0.0886173 -0.464456 4
-0.67528 -0.0367211 0.204271 4
-0.761457 0.439301 -0.149214 4
1.31689 0.735973 -1.41292 4
-2.81447 0.400651 1.28636 4
-0.750376 0.0531204 0.304641 4
-0.541145 -0.22638 0.415782 4
1.67829 0.0090301 -0.356536 3
0.116618 0.0221258 -0.0554854 3
0.181998 -0.00623278 -0.170678 3
0.00318345 -0.0823604 0.324245 3
-0.0750785 -0.178661 0.271118 3
-0.0593391 -0.0481556 0.0885039 3
-0.27909 -0.278091 0.0936896 3
0.434655 -0.203285 -0.487989 3
0.112827 -0.0674962 -0.049982 3
-5.37506 0.244619 4.88709 4
-1.66465 -0.244562 1.74826 4
-0.0352101 -0.000929785 -0.00136657 3
-0.230871 0.104747 0.396843 3
7.61107 1.83462 -6.69371 5
0.296872 0.312838 -0.644781 2
24.1977 0.576561 -14.772 4
-2.96356 -0.527731 1.84279 4
-3.43308 -0.537129 2.24537 4
-5.83939 -0.290358 3.81568 4
-1.8448 -0.477888 1.05234 3
-0.417391 -0.0707549 0.29543 3
-1.19774 -0.253288 0.776727 3
-0.523205 -0.105559 0.237597 3
-1.64294 -0.181903 0.839866 3
-0.984151 -0.132227 0.621792 3
