# 1 = ball
# 2 = lepton
# 3 = photon
# 4 = PID > 100
# 5 = neutrino
# 6 = other
-0.0222887 -0.0428787 0.104889 3
0.0210943 0.00377866 -0.058241 3
-0.321885 -0.607421 -0.318478 4
-1.28049 -0.828868 -1.76995 4
-0.133761 -0.677432 0.125581 4
-1.28901 1.1407 0.927881 4
0.347489 0.122229 0.285093 4
1.45134 3.34772 2.26388 4
13.8777 16.8919 18.3261 4
-3.37533 -7.18692 -8.42692 4
-1.77904 -4.44711 -4.52517 4
-0.0364357 -1.3022 -0.987289 4
0.00767719 -0.0769933 0.127453 3
-0.469295 1.28055 0.617161 4
0.415937 0.932994 1.98335 4
-0.0772289 -0.158379 0.147712 4
-1.89099 0.424687 0.611788 4
-0.704826 -1.62082 -1.54247 3
-2.87957 -5.97849 -5.85835 3
-0.0714856 -0.205479 -0.22594 3
-1.37754 -2.48321 -2.98812 3
-0.139704 -0.289052 -0.300399 4
-0.218691 -0.39012 -0.541583 4
-0.145313 0.0287328 -0.136767 3
-0.191699 0.22059 -0.280338 3
0.663848 1.40303 1.76839 3
0.259442 0.435537 0.504174 2
0.0725919 0.120335 0.145586 2
-0.0736596 -0.0861702 -0.0509216 3
-0.864071 -1.52299 -1.26297 3
0.0387976 0.529925 0.430865 3
0.0327821 0.0767884 0.0166275 3
-0.106557 -0.17361 -0.117878 3
-0.156942 -0.707762 -0.52166 3
0.265285 0.99561 0.806318 3
-0.00793664 0.00946986 -0.000324039 3
0.0422091 0.273122 0.37669 3
0.0540608 0.301144 0.215714 3
0.0128152 0.182597 0.0297321 3
0.0271818 0.0226542 0.0557643 2
0.0234953 0.0418446 0.0430468 2
