# 1 = ball
# 2 = lepton
# 3 = photon
# 4 = PID > 100
# 5 = neutrino
# 6 = other
-0.000241678 -0.00106815 0.000897938 3
0.513106 0.257521 0.796588 4
0.350262 0.202862 -0.167816 4
0.168065 -0.695773 -0.563173 4
1.80111 -2.59309 -3.21647 4
0.84433 -1.26067 -2.35392 4
-0.179373 -0.133561 -0.877709 4
0.20533 -3.34862 -1.58585 4
-0.0480626 -0.614098 -1.64969 4
0.789336 -2.92227 -5.90937 4
-0.266193 0.278943 0.654349 4
-0.0423053 0.597759 1.43715 4
-0.146257 -0.479187 0.842385 3
0.00674226 0.00310414 0.000809379 3
0.129104 -1.01804 -0.894529 3
0.162481 -2.67609 -2.16791 3
0.177822 -2.14382 -4.33393 4
0.268349 -1.56995 -2.313 4
0.152919 -3.88494 -7.78625 4
0.0644912 -0.0625781 -0.208543 4
-0.49328 3.83186 5.09595 4
-2.91334 12.0697 17.043 4
-0.101897 0.421022 0.413191 3
-0.0331986 0.064208 0.163993 3
-0.233962 0.573657 0.642802 3
0.0193753 0.0425674 0.0460205 3
0.0359287 0.1712 0.144318 3
0.0353859 0.0916157 0.268208 3
-0.0351063 -0.0437874 0.0344788 3
-0.0479202 0.101437 0.0522005 3
-0.0511411 -0.600978 -0.953294 3
0.0297783 -0.533184 -1.05205 3
-0.858886 3.57716 5.44267 4
-0.262473 2.02979 2.67586 3
-0.0402826 0.267326 0.278659 3
