# 1 = ball
# 2 = lepton
# 3 = photon
# 4 = PID > 100
# 5 = neutrino
# 6 = other
-1.50551 0.163069 -0.115275 3
0.00131885 -0.0083077 0.266114 3
-0.207282 -0.14191 -0.647724 4
-0.480232 0.477137 0.467403 4
0.151653 -0.265503 0.0842524 4
0.0810727 -0.386157 -0.869068 4
0.133125 0.37912 0.301604 4
-0.871219 1.33153 1.42849 4
0.306073 -0.552172 -0.815395 4
-0.527642 1.74894 2.30343 2
0.178752 1.19731 1.64706 5
-0.29199 1.55042 2.24221 4
-0.979507 3.45706 4.50023 4
0.200368 0.460115 1.15398 4
0.0350983 1.03737 1.46749 4
-0.160895 1.25631 1.51092 4
0.00848593 0.236415 0.570623 4
0.0319814 0.0463029 0.00791651 3
0.113983 -0.093218 -0.0075794 3
0.798356 -1.88788 -2.96588 3
0.17918 -1.17231 -2.29298 3
0.0908747 -0.397311 -0.235005 3
0.0186603 -0.471753 -0.415439 3
0.411064 -1.34303 -1.79465 4
-3.05875 10.7529 16.0339 4
-0.186195 0.280796 0.29052 3
-0.0327596 0.17378 0.255462 3
-0.0568718 0.334575 0.581415 3
-0.0851845 0.370421 0.980871 3
-0.0725456 0.0553512 0.0684888 3
-0.0851022 0.403071 0.302882 3
1.88813 -4.83453 -6.35451 4
1.90756 -6.5768 -9.2752 4
0.292652 -1.5026 -1.69856 4
0.65203 -2.37921 -3.58801 3
1.12126 -3.69934 -5.38995 3
