# 1 = ball
# 2 = lepton
# 3 = photon
# 4 = PID > 100
# 5 = neutrino
# 6 = other
-4.95192 -3.64542 -5.42845 4
0.250333 -0.556023 -2.23728 4
0.272681 0.129202 0.855557 4
0.0101886 -0.110292 -0.145155 4
2.39175 6.35548 12.204 4
-1.09393 -1.05139 -0.923721 4
-1.96616 -1.50031 -2.26011 4
-0.700661 -0.927303 -0.746967 4
0.933462 -0.413817 -1.13231 4
-0.020593 -0.699818 -0.229624 4
0.197181 -0.0212839 -0.859558 4
-0.00736066 0.106802 0.0206752 4
1.07221 2.19485 4.92633 4
2.85549 7.03937 13.481 4
-3.23454 -1.92901 -2.84036 4
0.249958 0.586909 1.86146 4
0.298075 -0.160804 -1.0501 3
0.0417324 0.0273084 -0.128091 3
0.0600944 -0.225797 -0.375557 4
0.221195 -0.592588 -1.30588 4
0.100456 -0.242141 -0.822474 4
0.729777 -2.25646 -4.84851 4
-0.0190465 -0.0639114 -0.183546 4
0.310772 -0.368949 -0.730164 4
0.260375 -0.410748 -1.13284 4
0.0254796 -0.865062 -1.33124 4
0.370826 0.405438 0.553362 3
-0.103268 -0.0210169 -0.192452 3
-0.256901 -0.251503 -0.40349 3
0.311014 0.674028 0.951184 3
0.0275639 0.125845 0.257744 3
0.548499 -0.92503 -3.20843 3
0.1325 -0.118928 -0.49946 3
0.377012 -0.759887 -1.40263 3
0.243199 -0.446769 -1.05777 3
-0.0777852 -0.0262777 -0.41214 3
-0.12314 -0.154511 -0.396608 3
0.0483379 -0.259207 -0.578149 3
0.0851545 -0.360231 -1.27824 3
0.0242243 0.382393 0.565476 3
0.105765 1.33687 2.46457 3
