# 1 = ball
# 2 = lepton
# 3 = photon
# 4 = PID > 100
# 5 = neutrino
# 6 = other
-0.663558 0.925702 -0.580862 4
0.665823 -0.83359 0.157775 4
0.0648464 0.452273 0.173565 4
-0.435011 0.0968531 -0.178534 3
0.11592 0.0971007 0.0456585 3
0.119271 0.0202864 -0.0670103 3
-0.15885 0.290247 -0.0954938 4
0.0384783 0.21219 0.214001 4
0.0987799 -0.000767606 0.016293 3
1.11408 0.392156 -0.0343801 3
7.98899 -1.72897 2.30103 4
-0.461683 0.0725387 0.53489 3
0.00905434 0.00605963 0.0186889 3
-10.4194 3.27906 -3.87904 5
-1.63885 0.872381 -1.07942 2
-0.122252 -0.00987106 0.280406 3
-0.0460283 -0.0207867 0.00187507 3
0.298331 -0.1926 0.101535 3
8.67175 -2.13973 2.56509 4
3.01149 -0.991256 0.484892 4
3.45785 -1.12325 0.708589 3
0.378186 -0.137005 0.0351414 3
1.65111 0.00501733 0.762697 3
0.165447 -0.0257967 0.0413619 3
0.334146 -2.17851e-05 0.131102 3
0.35436 -0.106425 0.250182 3
-5.37877 0.887036 -1.31865 2
-16.1794 2.72026 -4.42857 5
3.15682 -1.03445 0.852317 4
1.66736 -0.289385 0.668535 4
-5.26813 0.18088 -1.23506 4
2.25981 -0.766628 0.995395 4
1.97475 -0.553728 0.626849 3
0.866781 -0.15395 0.291162 3
0.612855 -0.151289 0.151035 3
0.979973 -0.0706462 0.211942 3
0.377354 -0.0970051 0.0732485 3
0.338246 -0.082892 0.201808 3
