# 1 = ball
# 2 = lepton
# 3 = photon
# 4 = PID > 100
# 5 = neutrino
# 6 = other
-0.000672137 0.000569796 -0.00161052 3
0.999899 19.5717 -4.11083 4
0.236213 -4.82368 1.10421 4
-0.804101 -10.8596 3.15501 4
0.351546 6.25667 -1.26922 4
-0.472297 2.77537 -1.03711 4
-0.26252 0.310427 -0.434818 4
-0.154263 0.798492 -0.297333 4
0.020123 1.50864 -0.053205 4
-0.184084 -0.499418 -0.212541 4
-0.130187 -1.89999 1.22599 4
-0.220882 -3.84915 1.41246 4
0.244451 0.31819 -0.257126 4
0.206491 0.795853 -0.403321 4
0.0595114 0.0338599 -0.120504 3
-0.0632663 -0.0130994 -0.0635989 3
0.0230129 -0.348221 0.0680442 3
0.124919 -11.4971 2.69769 3
0.297131 5.11032 -1.68745 3
0.0176424 1.53588 -0.486768 3
0.045442 0.204586 -0.115026 3
0.163511 2.64788 -1.18767 3
-0.0205197 -2.21587 0.59821 3
0.107492 -7.41354 2.18129 3
0.0984147 0.927523 -0.410929 3
-0.0382175 0.711514 -0.278821 3
-0.100329 0.051253 0.00883586 3
0.0450644 0.0310228 0.00809471 3
-0.126525 -0.0294399 -0.168579 3
-0.0244839 0.0328296 0.0125905 3
-0.111545 -0.0423021 0.202462 3
-0.0401813 -0.00498882 -0.0171412 3
-0.173277 0.00698642 -0.0241597 3
-0.054738 -0.0668212 -0.0740021 3
0.0201772 -0.0623033 0.0538169 3
-0.0789522 -0.00397117 -0.016934 3
