# 1 = ball
# 2 = lepton
# 3 = photon
# 4 = PID > 100
# 5 = neutrino
# 6 = other
0.0266357 0.0494138 -1.11402 3
1.11167 -0.345051 0.50191 4
1.92437 -2.35814 0.187183 4
-3.79774 3.46672 2.35135 4
-0.636079 0.940476 0.383044 4
-0.421796 1.18262 0.0400056 4
0.320612 -0.183956 -0.38021 3
0.166519 -0.0185129 -0.27085 3
1.92357 -2.30512 -1.12107 4
0.014848 -0.0627508 0.144632 3
-0.0543602 0.0114975 0.00925627 3
-0.97959 1.00061 0.563497 3
-0.34363 0.438296 0.16147 3
0.0465618 0.00837605 -0.00940675 3
0.0386075 -0.0347116 -0.211149 2
0.0123482 -0.0139668 -0.0622224 2
-0.0822179 0.0186386 -0.134538 3
0.0470758 0.0384109 -0.0448682 3
-0.0292322 0.0147022 0.0522544 3
-0.0167457 0.0847539 -0.0736238 3
8.23172 -9.83889 -4.59867 4
4.74384 -5.35084 -2.50963 4
-11.6975 12.4627 5.92391 4
-2.50738 3.04989 1.49352 4
-5.97279 7.21504 4.14833 3
-0.904259 1.04413 0.390424 3
2.50162 -2.55776 -1.51563 4
4.44262 -5.45382 -2.95994 4
0.843784 -1.17695 -0.559121 3
1.04689 -1.32581 -0.785824 3
