# 1 = ball
# 2 = lepton
# 3 = photon
# 4 = PID > 100
# 5 = neutrino
# 6 = other
-0.0332802 4.44267e-05 -0.116084 3
0 0 0.000243801 3
-2.456 2.85574 0.955892 4
2.6572 -3.48178 3.11009 4
0.137937 -0.19416 0.0740637 4
-1.58519 5.51865 -5.87205 4
0.141905 0.162438 0.126712 4
-0.44602 1.32901 -1.18265 4
-0.0595089 0.185907 0.207999 4
-1.8825 2.11573 0.704511 4
-1.13233 1.42763 0.193073 4
-1.49409 1.45492 0.651475 4
1.0579 -1.21487 0.758069 4
0.0980992 -0.617608 0.115007 4
1.68484 -6.79694 3.61252 4
2.65399 -9.85928 4.21843 4
1.88318 -5.23378 2.36121 4
-1.2815 6.76349 -7.01502 4
-1.44269 8.32376 -8.29731 4
0.225934 0.375537 -0.2869 3
0.393663 0.655878 -0.299785 3
-0.249253 0.358594 0.169837 3
-0.34809 0.745113 0.453862 3
0.0266419 0.124389 0.257595 3
0.0940279 0.0441632 0.0794331 3
0.410314 -0.365242 -0.01204 3
0.200068 -0.244245 0.0832451 3
0.0589698 -0.651581 0.523542 3
0.18055 -0.576677 0.505898 3
1.1971 -2.93216 2.497 4
0.423167 -0.591386 0.742127 4
-0.288657 0.390994 -0.271175 3
-0.236396 0.228891 -0.303612 3
0.0313264 0.00472702 0.00574172 3
-0.139582 0.0793807 0.0455233 3
-0.355066 0.351162 0.315612 3
-0.428714 0.259103 0.241254 3
0.111501 -0.294 0.265549 3
0.190556 -0.701549 0.381103 3
