# 1 = ball
# 2 = lepton
# 3 = photon
# 4 = PID > 100
# 5 = neutrino
# 6 = other
0.485292 -0.9097 -0.120397 4
0.0806187 0.274296 -0.581813 4
-0.565931 -0.0122218 -0.232204 4
0.350918 -0.211013 -0.386646 4
-0.318759 0.149699 -0.0762052 4
0.112133 0.104116 -0.0303579 4
0.524473 0.624375 -0.163551 4
-0.492626 -0.379267 0.521329 4
0.119247 0.418863 -0.0300548 4
0.313653 0.0654997 -0.0808848 4
1.43828 0.586751 -0.090847 4
-1.51076 0.725633 -0.739929 4
-0.353507 0.13899 -0.427884 4
-0.81494 0.413108 -0.487117 4
-1.15273 2.59715 -0.182973 4
-0.236041 -0.363998 -0.394986 4
-0.204464 0.290694 -0.105036 4
-0.187603 0.469822 -0.531696 4
-0.574566 0.131876 -0.122518 4
0.738591 0.0654843 0.601889 4
0.25187 -0.127491 -0.183324 4
-3.64084 0.118812 -1.71977 4
-0.932514 0.23253 -1.83449 4
-2.08388 0.422695 -0.606751 4
-0.623713 0.329308 -0.145372 4
-1.22263 0.15361 -0.769694 4
0.0508242 -0.0805605 0.0657271 4
-0.0200725 0.774791 -0.0820072 4
-0.406959 0.184088 -0.277973 4
-0.382735 0.422074 -0.173904 4
0.806994 0.37827 0.228125 4
-0.357204 -0.223319 -0.240977 4
-0.678531 -0.129677 -0.442877 4
0.106247 -0.233389 0.111977 3
-0.310912 -0.211615 -0.665616 3
-0.0291115 -0.0284387 -0.214949 3
-0.0206025 0.0739088 -0.0993853 3
-0.0907688 0.0966441 0.0139267 3
0.0749657 -0.179717 -0.20337 3
-0.0322698 -0.102317 -0.0314814 3
0.213272 0.140906 0.188692 4
0.362256 -0.0602121 0.228398 4
0.384768 0.0194 -0.00496543 4
0.540653 0.332708 0.0384801 4
1.25084 -0.0567884 0.776188 3
0.416651 0.0185623 0.181382 3
0.618618 0.175825 -0.0334506 4
0.57634 0.496446 0.0571923 4
-0.31632 0.18043 0.318218 3
-0.238 0.155715 -0.235394 3
-0.120473 0.159238 0.0205657 3
0.0373925 -0.0499747 0.0615338 3
-0.0211985 0.0294679 0.253422 3
-0.236843 -0.026005 -0.157886 3
-0.528751 -0.0198263 -0.134007 3
-0.166737 -0.0271879 -0.231202 3
-0.310774 -0.0260609 -0.17838 3
-1.00574 -0.223569 -0.78213 3
-0.149288 -0.0562887 -0.18764 3
1.40012 -1.45148 0.853146 4
2.63194 -3.1197 1.67016 4
4.19816 -5.94761 3.42523 4
0.417094 -0.994523 0.228734 4
-0.160451 -0.0458567 -0.0590268 3
-0.310847 -0.152662 0.062578 3
0.00145877 0.0204931 -0.0445025 3
-0.0281781 -0.0890678 0.0473892 3
-0.110853 -0.201792 0.0062642 3
-0.147801 -0.0527811 0.00816314 3
0.504793 0.133242 0.212965 3
1.04715 0.425007 0.316376 3
0.263878 0.081616 -0.0386604 3
0.438126 0.113274 0.108325 3
0.642177 0.378124 -0.137941 3
1.60755 0.760474 -0.194641 3
-0.17293 0.199551 0.270189 4
-0.035712 0.0562332 0.00409605 4
-1.25189 1.6091 -0.176016 4
-1.1837 2.00445 0.250913 4
0.221588 -0.359132 0.178314 4
0.292857 -0.605352 0.525308 3
-0.00616159 -0.00935674 -0.00485496 3
-0.485491 0.273606 -0.0849193 4
-0.422665 0.603961 0.0328483 4
-1.26753 1.40325 -0.159364 4
1.6338 -2.20811 0.749325 4
0.977638 -1.67863 1.12366 4
-1.49799 2.42676 0.0392233 4
0.0485753 0.303884 0.0419852 4
-0.0855882 0.451728 0.0793699 3
0.0417598 0.132959 0.0556469 3
1.25609 -1.87814 1.00217 3
0.0126103 -0.639986 0.346574 3
0.0143171 -0.156682 0.016024 3
