# 1 = ball
# 2 = lepton
# 3 = photon
# 4 = PID > 100
# 5 = neutrino
# 6 = other
-0.302841 -0.89984 1.78532 4
-0.194012 -1.0861 2.40654 4
2.01996 2.39269 -2.14656 4
0.451507 0.487283 -0.672512 4
0.325198 -0.0736106 -0.223988 4
0.685758 0.163076 -0.412536 4
-1.15496 -0.599404 -1.20571 4
-0.0678736 -0.0945481 -1.37047 4
-0.235626 0.96493 -1.90012 4
-0.523246 -0.656329 -1.03808 4
0.0306125 0.395176 -0.908628 4
0.380224 -0.284338 0.481 5
-0.354624 -8.3675 16.7657 2
0.342893 0.0511364 -0.134723 4
-0.0450117 0.0711958 -0.155192 4
-0.290717 0.702161 -0.0480901 3
0.0298672 0.0861216 -0.266791 3
-0.0250284 0.107824 -0.332699 3
0.0694555 -0.348995 1.22251 4
-0.0201154 -0.417061 1.235 4
-0.0796559 -0.109558 -0.13471 3
-0.00175294 -0.0102262 -0.183106 3
-0.214852 0.951548 -4.432 4
-0.145144 -0.965409 2.83824 4
0.0844023 0.39568 -0.882821 4
-0.442782 2.99052 -6.23567 4
0.232221 0.66886 -0.672968 4
-0.176068 -1.02641 2.90614 4
-0.73499 -2.13636 7.07312 4
0.33346 -0.785923 2.03789 4
-0.0406722 0.428202 -1.27233 4
-0.127771 1.66066 -3.44306 3
0.0313684 0.376113 -0.730693 3
-0.0931651 0.5282 -1.28653 3
-0.0617101 0.0992916 -0.182483 3
-0.0871425 0.379588 -0.953579 3
0.0380567 0.405042 -0.876046 3
0.392397 3.54588 -6.57773 4
-0.0276199 0.0104332 -0.0716024 3
