# 1 = ball
# 2 = lepton
# 3 = photon
# 4 = PID > 100
# 5 = neutrino
# 6 = other
0.428314 -0.371174 0.901132 3
-0.000959086 -0.000351912 -0.00101859 3
6.00963 -8.86364 -13.7795 4
0.0566156 0.647063 0.39464 4
-1.30146 0.143397 0.581344 4
-1.67864 3.35563 4.28742 4
-1.78479 2.76594 3.81778 4
-0.838109 1.32353 2.11384 4
-4.07823 6.23169 10.5557 4
-5.87225 8.68626 13.4611 4
2.87268 -5.73174 -7.6226 4
0.908747 -1.31222 -2.96421 4
1.50655 -1.02026 -2.63365 4
0.363053 -0.631114 -0.706227 4
0.184241 0.0853049 0.136195 4
-0.0360047 -0.0715419 -0.606079 4
-0.123752 -0.239463 -0.280677 4
0.713424 -0.399637 -0.434843 4
2.43356 -4.20845 -6.53784 3
0.237371 -0.389213 -0.682444 3
