# 1 = ball
# 2 = lepton
# 3 = photon
# 4 = PID > 100
# 5 = neutrino
# 6 = other
-0.00505914 0.00137192 -0.0115089 3
0.404011 2.5504 -2.01022 4
-0.551331 0.108251 -0.687738 4
0.0345612 0.426084 -0.226314 4
-0.505576 -0.0167969 -0.7523 4
-0.0530778 -0.0372672 0.267739 4
-0.189943 -0.362627 0.496753 4
-0.517521 -0.419322 0.123206 4
0.225724 -0.43305 0.379818 4
-0.0547048 -0.0808268 -0.0207975 4
0.15287 -4.76682 5.05145 4
0.0256892 -4.23746 5.36181 4
-0.000286275 -3.68484 4.26898 4
0.122537 4.35501 -4.85318 4
-0.320963 3.78708 -4.01178 4
0.257134 0.059375 -0.421194 4
-0.241448 -0.358055 0.0576262 4
-0.00569237 -1.97265 1.46445 4
0.556801 8.52647 -9.03999 4
0.178431 0.754185 -0.797812 3
0.167476 0.966273 -1.22076 3
0.019754 0.0799861 -0.0652199 3
-0.00250211 -0.0514019 -0.00803905 3
0.192843 1.01293 -1.18421 3
0.256766 1.16393 -1.16342 3
-0.00635419 0.0112791 -0.0379335 3
-0.555238 0.823823 -0.715555 3
-0.0811967 -3.32591 4.02446 4
-0.044007 -6.95235 7.34227 4
-0.00748945 5.54527 -6.14219 3
-0.0131516 0.0811636 -0.0768666 3
0.405388 -0.431476 0.897599 3
0.00374929 -0.0462187 0.119558 3
0.136551 -1.92834 2.41201 3
0.0249919 -0.17063 0.15899 3
0.0289018 -0.843017 0.914226 3
-0.0386398 -0.13381 0.106077 3
