# 1 = ball
# 2 = lepton
# 3 = photon
# 4 = PID > 100
# 5 = neutrino
# 6 = other
-0.040862 0.00994221 -0.350444 3
-1.65125 -0.0681897 1.39233 4
-2.69018 0.0745802 -0.315267 4
-4.21903 0.691176 2.2962 4
-1.91475 -0.109964 0.435696 4
-1.0403 -0.118094 0.561937 4
-5.02572 0.644519 1.84327 4
-1.69631 0.0741158 0.261425 4
-1.18901 -0.19118 0.0228524 4
0.514582 -1.46106 -0.552935 4
1.64618 -0.526793 -0.790994 4
3.80218 -0.131776 -0.796772 4
1.29785 0.260265 -0.0645803 4
0.705812 0.422937 -0.079604 4
-0.268223 -0.564757 -1.53189 4
-0.26742 0.389417 -0.196053 4
-2.41195 1.11037 0.94443 4
-0.37744 -0.0434701 0.299728 4
-4.91757 0.04446 2.15412 4
-0.755866 0.101981 0.0639053 4
0.0187262 -0.477968 -0.426953 4
0.33967 -0.14401 0.135632 4
0.189204 -0.257436 0.23742 4
0.453587 -0.812399 0.340723 4
0.173917 -0.299041 -0.236256 4
1.13398 -0.248187 -0.578545 4
3.66442 0.261904 -1.02503 4
4.89611 0.428245 -1.53485 4
0.322108 0.0209618 -0.266955 4
3.05733 1.27229 -0.407964 4
0.0379913 0.0311093 -0.012787 3
0.0210708 0.0434257 -0.291401 3
-0.00190333 -0.0420906 -0.0394187 3
-0.589515 -0.596486 -0.769217 3
-1.00683 0.242708 0.368138 3
-0.980392 0.101326 0.344037 3
-0.961383 -0.0679142 0.488719 3
-0.0649087 0.030343 0.0279288 3
1.51555 -1.70032 -0.960244 4
0.180076 -0.157656 -0.164771 3
0.975358 -1.12238 -0.0237648 4
0.0182121 -0.121335 0.0430662 3
1.26701 0.0640876 -0.229378 3
0.797856 0.103675 -0.0578931 3
1.01264 0.262626 -0.544297 3
0.303343 0.0125167 -0.120815 3
4.70667 1.37153 -0.465633 3
0.518424 0.185468 -0.0213297 3
-0.286191 -0.0568308 -0.279601 3
-0.105025 0.0575082 -0.157071 3
-0.580534 -0.360692 -0.0479481 3
-0.126222 -0.121829 -0.0713372 3
-0.369047 0.0583047 0.109852 3
-3.67159 0.191601 0.89674 3
0.0694657 0.132086 0.0987511 3
-0.0243877 0.29121 0.317909 3
0.182825 0.0683625 -0.0318241 3
0.879212 0.0820188 0.0239397 3
0.40219 0.12915 -0.0872758 3
2.13026 0.535634 -0.177633 3
