# 1 = ball
# 2 = lepton
# 3 = photon
# 4 = PID > 100
# 5 = neutrino
# 6 = other
0.923135 -0.172631 -1.65185 3
0.0429694 0.0841493 -0.00407667 3
0.0550814 -0.0146002 1.67866 3
-3.35966 0.539273 1.88149 4
-2.639 -0.377085 1.48346 4
-8.62228 -1.15467 5.13429 4
-8.37788 -1.14756 5.11094 4
0.306775 -0.0660813 -0.293838 4
0.083895 -0.456769 0.234256 4
-0.319648 -0.900817 0.020763 4
-0.0565049 0.194156 -0.401393 4
-0.362311 0.597531 0.651656 4
-2.96758 2.04672 2.29678 4
-3.77783 1.79683 2.27419 4
-2.54793 0.785491 1.60573 4
1.08831 -0.0594559 -0.856909 4
6.52845 -0.120928 -4.90425 4
1.98199 0.221219 -1.62357 4
0.297028 -1.21674 -0.294055 4
-0.509473 -0.0234991 -0.117607 4
10.988 -0.300214 -6.37452 4
5.17315 0.156417 -2.95601 4
4.4347 0.253051 -2.93354 3
0.260629 0.0125467 -0.134489 3
0.120351 -0.123153 -0.0983196 4
-0.327863 -0.397246 0.213561 4
0.754617 0.205972 -0.493942 3
1.0931 0.1328 -0.69355 3
-0.0146229 -0.0192741 0.0220943 3
0.240468 -0.124394 0.0454095 3
-0.291578 0.00300476 0.828565 3
-0.051447 0.0396196 0.392293 3
-0.109488 -0.161007 -0.0681791 3
-0.037546 -0.232657 0.0259402 3
