# 1 = ball
# 2 = lepton
# 3 = photon
# 4 = PID > 100
# 5 = neutrino
# 6 = other
-0.0149338 0.0088389 0.0521877 3
0 0 -0.000194462 3
-0.110747 -0.254172 -0.831697 4
-4.76262 1.679 -3.91867 4
-0.808494 0.767702 -1.56282 4
2.32445 -0.567324 2.24527 4
-4.30632 2.3934 -3.94236 4
-2.82454 1.73027 -3.05742 4
-2.81815 1.98681 -2.53435 4
-2.21133 2.12595 -2.75496 4
-0.788206 0.699742 -0.357733 4
-0.0392517 0.584715 -0.0520233 4
-0.944563 0.388808 -0.515923 4
0.219301 -0.11882 0.176098 3
0.64789 -0.206213 0.722741 3
3.52782 -1.50318 4.36331 3
5.01331 -2.24092 6.44639 3
0.320549 -0.100639 -0.605807 5
-1.23258 -1.57728 1.26827 2
2.08323 -0.798574 1.36285 3
0.331034 -0.078497 0.240091 3
-1.25735 0.591764 -0.972628 3
-0.551308 0.164223 -0.413093 3
-0.380203 0.0714687 -0.152542 3
-0.046122 -0.0154751 -0.0740018 3
3.54553 -1.70412 3.00898 4
0.164769 -0.0500244 0.077654 4
-1.21138 0.415044 -1.02741 4
-0.785714 0.175419 -0.523858 3
-0.62079 0.0600975 -0.518606 3
-1.5558 0.409121 -1.27993 3
-0.963473 0.241869 -0.659823 3
-0.933478 0.359541 -0.77977 3
-0.17445 0.0241933 -0.191436 3
0.143208 -0.183868 0.100768 4
2.42186 -1.07432 1.82936 4
0.0397308 -0.052997 -0.00076839 3
0.384375 -0.208403 0.301848 3
0.958701 -0.487723 0.209754 2
0.145965 -0.301621 0.527052 5
-0.000216942 -0.0288225 0.0401721 3
0.329115 -0.097836 0.184607 3
-0.794633 -0.115732 -0.34616 4
2.15202 -1.36748 0.792379 4
4.39325 -1.26724 2.36864 4
-0.0723455 0.278687 0.0836638 4
-0.0770512 -0.183282 -0.165367 4
1.13994 -0.572091 0.837258 4
