# 1 = ball
# 2 = lepton
# 3 = photon
# 4 = PID > 100
# 5 = neutrino
# 6 = other
0.000512291 -0.00129888 -0.168573 3
-1.86192 2.65852 1.37294 4
-0.581209 0.201528 0.382083 4
0.337195 0.220016 0.592552 4
-0.337737 0.233357 0.486818 4
6.58793 -8.15285 -3.43426 4
12.2369 -14.8134 -8.10139 4
-11.6265 14.6026 6.21124 4
-1.03479 1.02432 0.65744 4
-0.0382325 0.128616 -0.31739 4
0.00701926 0.311175 0.114404 4
-0.510949 -0.208901 0.5532 4
-0.0819169 -0.627861 -0.284713 4
-2.05682 2.79534 1.49983 3
-1.70327 1.81721 0.696566 3
-0.0669923 -0.588629 -0.305628 3
0.479523 -1.0247 -0.122645 3
1.45187 -2.21765 -1.19822 4
0.597255 -0.521362 -0.30791 4
-1.02787 1.52128 0.650634 3
-4.38715 6.00789 2.63982 3
-0.167717 0.299058 0.527439 3
-0.143877 0.169469 0.188627 3
2.242 -2.059 -0.923766 3
0.280524 -0.230219 -0.154834 3
0.200273 -0.205617 -0.121045 3
1.20593 -1.33889 -1.13322 3
