# 1 = ball
# 2 = lepton
# 3 = photon
# 4 = PID > 100
# 5 = neutrino
# 6 = other
-0.061934 -0.0929508 -0.137374 3
-0.0134303 -0.03788 0.420403 3
1.27226 0.0493723 0.632448 4
0.215924 -0.185705 -0.0446862 4
0.117783 -0.502016 0.372852 4
0.240818 -0.076134 -0.244929 4
-2.66566 0.98741 -3.02658 4
-0.164897 -0.0388699 -0.600041 4
-9.42137 3.82798 -8.87542 4
-1.63674 0.229206 -1.02829 4
-3.88211 1.42697 -3.68871 4
5.28302 -1.98091 4.79808 4
7.6494 -2.59623 6.93277 4
1.49415 -0.568421 1.78104 4
0.636411 -0.684096 1.13541 4
0.243543 -0.162338 0.0373839 4
0.503443 0.141493 0.283524 4
0.270004 -0.229578 0.108981 4
0.683089 -0.185145 1.10497 4
0.991484 -0.494924 1.80987 4
-1.5779 -0.420015 -0.40345 3
-0.0483055 -0.0345171 -7.28455e-05 3
-0.483013 0.193161 -0.935498 4
-0.559115 0.11057 -0.369157 4
-4.14419 1.79337 -4.05635 4
-3.09971 1.22652 -3.17569 4
3.25234 -0.750872 2.88063 3
8.17523 -2.10769 7.28151 3
-1.21249 0.276165 -1.30068 3
-0.104878 0.0654151 -0.146011 3
-1.80953 0.753301 -1.47199 3
-0.143617 0.0673738 -0.0749572 3
