# 1 = ball
# 2 = lepton
# 3 = photon
# 4 = PID > 100
# 5 = neutrino
# 6 = other
0 0 -0.000166016 3
-0.230574 0.35527 1.26194 4
0.043176 0.955951 2.48582 4
-0.628224 0.0681537 0.00406292 4
2.04774 -3.38357 -15.58 4
-0.0751209 0.929237 3.19369 4
-0.155139 -0.10215 1.35148 4
0.0153362 0.974574 2.75047 4
0.841277 -0.804943 -0.0394939 4
0.159674 -0.285774 -0.395791 4
0.134055 0.108763 -0.275433 4
-0.278436 -0.570666 -0.629862 4
0.221714 -0.831503 -3.92975 4
-1.70925 1.22141 8.31092 4
-0.383003 0.45227 2.62707 4
-0.398518 0.14345 2.21329 3
-0.584863 0.359693 3.10124 3
0.319101 -0.223019 -1.56698 3
1.9966 -1.19946 -10.6452 3
-0.440175 0.441927 2.38962 3
-2.27827 2.19106 13.3368 3
0.0303062 -0.0166668 -0.630957 3
0.155841 -0.0852547 -0.670429 3
0.0543874 -0.127901 -0.876954 3
0.361711 -0.2582 -2.70372 3
0.674848 -0.235169 -4.04881 3
0.105809 -0.0774825 -1.03279 3
