# 1 = ball
# 2 = lepton
# 3 = photon
# 4 = PID > 100
# 5 = neutrino
# 6 = other
-0.313718 0.88204 -4.82699 4
0.707493 0.495286 -2.61791 4
-0.155212 0.464151 -2.9687 4
-0.482329 -0.422472 -0.0812391 4
0.601518 -0.212245 -1.05342 4
0.13677 0.368796 -0.282433 4
0.433806 -0.0859654 1.35077 4
-0.796162 -1.45763 6.88686 4
-0.360598 -0.217064 3.03789 4
2.58543 3.23487 -19.9986 2
0.32458 0.505818 -3.3187 5
-0.622059 -1.18625 4.7442 2
-0.611018 -1.56023 7.26965 5
0.437288 2.1174 -8.75079 4
-1.66996 -2.79239 19.4761 4
-0.215822 -0.134113 1.13337 4
