# 1 = ball
# 2 = lepton
# 3 = photon
# 4 = PID > 100
# 5 = neutrino
# 6 = other
-2.16184 -4.73266 2.20507 4
-0.608362 0.180862 0.397703 4
0.0755753 -0.0837849 0.0364943 4
2.41181 2.99289 -3.34601 4
1.06237 1.67465 -1.19002 4
-0.0207216 -0.18497 0.0911366 4
0.0369565 -0.494362 0.0732048 4
-0.0125337 -0.0703285 0.113887 3
0.0178835 -0.593539 0.401801 3
-0.0240455 -0.208936 -0.139395 4
0.131444 -0.307961 0.051242 4
-2.54321 -3.51988 2.51022 4
-0.267135 -0.46672 0.356879 3
-0.68156 -0.904062 0.595364 3
0.0337761 -0.0573945 -0.0912679 3
0.387346 -0.163621 -0.277825 3
0.751532 1.326 -0.585243 3
0.21621 0.476006 -0.27073 3
0.284338 0.416409 -0.222853 3
0.255758 0.570658 -0.168852 3
0.249234 0.87486 -0.338444 3
0.107918 0.178132 -0.0430687 3
1.71724 3.37366 -2.05714 4
-9.55758 -14.4091 9.5423 4
-0.273335 -0.259358 0.252393 3
-0.46237 -0.626062 0.362857 3
7.84016 12.6698 -7.36895 4
4.35326 7.02046 -4.48148 4
0.547192 1.2457 -0.725963 3
0.105625 0.31307 -0.247177 3
-0.123374 -0.161388 0.141893 3
-3.84956 -6.06908 4.42196 3
