# 1 = ball
# 2 = lepton
# 3 = photon
# 4 = PID > 100
# 5 = neutrino
# 6 = other
0.525283 1.06608 1.39841 4
-0.253626 -0.73736 -1.48757 4
0.36961 1.63218 2.24318 4
0.0311495 -0.113412 0.212605 4
-0.0375218 0.0259357 1.04104 4
0.633537 1.03872 3.29458 4
0.135377 0.708242 3.16941 4
0.161736 0.0913111 -0.0386264 4
-0.0438122 -0.205112 -0.0226042 4
-0.073304 0.00401936 0.108001 4
-0.398476 -0.122816 -0.0516111 4
-0.0517778 0.198816 0.163086 3
-0.279181 0.402907 0.553496 3
0.0675781 0.200751 0.430631 3
0.268523 -0.267194 -0.238184 3
0.0457517 -0.0101132 0.0108252 3
-0.461799 -0.373731 -1.1344 4
-1.27421 -2.79672 -9.48244 4
-0.536067 -1.99163 -4.79673 4
-0.215221 -1.07252 -2.29772 4
0.118692 -0.944275 -2.59136 4
-2.30733 -5.57623 -13.8323 4
-0.399417 -0.682267 -1.71484 4
-0.217992 -0.0770633 -0.189059 3
-0.0237163 0.0164391 -0.108438 3
0.00896805 -0.0542621 0.0133127 3
0.0379862 -0.15857 -0.213687 3
0.0306681 0.691974 1.6711 4
-0.0101693 -0.0113621 -0.0509649 3
-0.0591651 -1.27464 -2.0132 3
0.106577 -0.0507881 0.45095 2
1.36526 1.84074 4.66702 5
0.572325 1.18935 2.54845 4
0.251309 0.654716 1.13094 3
0.440096 1.07676 1.56906 3
0.579232 1.3756 4.55959 3
0.126722 0.237183 1.00347 3
0.096108 1.71988 3.03993 4
0.150131 0.109905 0.432451 3
0.0843766 -0.0107207 0.0780001 3
0.435792 2.24929 6.47427 4
