# 1 = ball
# 2 = lepton
# 3 = photon
# 4 = PID > 100
# 5 = neutrino
# 6 = other
0.502345 0.617025 2.28659 4
2.32052 2.56662 6.55735 4
0.341815 0.614618 0.865104 4
3.72626 0.494614 -1.00505 4
-1.5614 3.1075 1.54425 4
-0.0283323 -0.478442 0.325251 4
0.317715 0.142655 -0.128082 4
-2.47913 -2.427 -2.85687 4
-0.47431 -0.371693 -0.0947613 4
-0.0768089 0.0630035 0.0912217 4
0.453883 0.785936 3.30965 4
0.422346 -0.28933 -0.257278 4
0.168468 0.00246605 -0.325183 4
-0.554081 0.267377 0.0387072 4
0.0864083 0.312614 -0.323667 4
-0.328479 0.116565 0.220904 4
-0.164231 -0.104328 -0.603623 4
-1.34811 -0.976207 -2.55321 4
0.721148 0.14883 -0.0581083 4
0.475833 0.0100856 -0.136947 4
0.109296 -0.0702302 0.0413207 3
0.336282 0.0171041 0.0365649 3
2.91439 0.539209 -0.952687 3
2.2936 0.458886 -0.631928 3
-0.403434 0.571314 0.244601 3
-0.697058 1.53297 1.51219 3
-0.0360599 0.0855309 -0.0896386 4
-0.00320463 0.237671 0.188302 4
0.0204923 -0.0638935 -0.0994814 3
-0.214327 -0.486326 -0.709513 3
1.7225 0.0127165 -0.456556 3
0.606207 -0.0336306 -0.235048 3
-0.626809 -0.551387 -0.826778 3
-0.587916 -0.442387 -0.577035 3
-0.525389 -0.514497 -0.739922 3
-1.14512 -1.35081 -1.9715 3
0.409066 0.150799 0.591008 2
0.22058 0.445251 2.47639 5
2.77218 3.76528 9.82434 4
0.117823 0.160481 0.306721 3
0.143902 0.105698 0.556619 3
0.319756 -0.0108357 0.169791 3
0.816082 0.115458 0.261319 3
-0.311024 0.0825416 0.0796183 3
-0.244944 0.163574 0.165207 3
-2.24376 -1.99581 -3.00259 4
-4.81472 -3.97062 -6.49577 4
-1.76908 -1.71728 -3.24161 3
-1.70118 -1.8397 -3.32019 3
