# 1 = ball
# 2 = lepton
# 3 = photon
# 4 = PID > 100
# 5 = neutrino
# 6 = other
0.0261195 -0.0662986 0.267663 3
0.00142624 0.000228118 -0.108908 3
2.41783 -3.51139 3.49743 4
-0.291931 -0.860539 -0.712296 4
-0.207085 -0.701178 -0.741721 4
0.460646 -1.01158 -1.11308 4
-2.339 3.28807 -2.0447 4
-2.15664 4.33361 -2.63292 4
-4.43876 7.54021 -4.95778 4
2.92176 -5.13647 4.13178 4
5.70133 -9.20161 7.64221 4
0.132431 -0.707582 0.36745 4
3.09701 -5.30083 3.63561 4
-0.065531 -0.54526 0.511193 4
-0.0386712 0.46532 -0.272182 4
0.0602075 -0.358522 -0.301261 4
-0.100229 0.0572825 -0.625195 4
-0.123038 0.0611653 0.0169228 4
-1.02433 1.87486 -0.882466 4
-1.43603 3.09277 -2.54844 4
-0.730418 0.969467 -0.44555 4
-2.39332 4.64401 -3.00055 4
-0.449705 0.115505 -1.03959 4
-0.106481 0.0005611 -0.100014 3
-0.12709 -0.116624 0.651179 3
0.502144 -0.545387 0.618617 3
1.44942 -1.93267 1.99417 3
0.0752798 -0.0536231 0.0451655 3
0.215199 -0.273436 0.497198 3
0.907124 -0.689355 0.34607 3
0.466556 -0.405484 0.284899 3
-0.346255 0.611246 -0.489416 3
-1.65085 3.27337 -2.25227 3
-0.115098 0.282501 -0.0538328 3
-0.0183028 -0.0127011 0.0071221 3
-0.106179 0.299325 -0.215532 3
0.0248178 0.00881845 -0.00570357 3
-0.161734 0.248203 0.0386354 3
-0.032617 0.264021 -0.00991519 3
