# 1 = ball
# 2 = lepton
# 3 = photon
# 4 = PID > 100
# 5 = neutrino
# 6 = other
-0.00624675 -0.00681252 1.52713 3
-1.59792 0.570829 -2.47887 4
-0.0237847 -0.160817 -1.18013 4
0.136239 0.651226 0.389833 4
-0.766037 -0.374447 0.901624 4
3.26431 -2.90991 14.0162 4
-0.0730464 0.101468 1.08498 4
0.744545 -0.499489 2.80174 4
4.90315 -4.57317 19.5612 4
1.71239 2.31477 -4.64912 4
-6.62192 1.05058 -13.2736 4
-4.90576 1.01597 -8.99445 4
-0.0129769 0.159878 0.346914 4
0.216483 0.313475 -1.5535 4
0.145374 0.242129 -0.94307 4
0.293487 0.115426 -0.289521 3
0.033186 0.00146098 0.0129617 3
0.0560321 -0.385058 0.318394 3
0.0276081 -0.0438763 0.120257 3
0.489204 -0.11713 0.440167 3
0.558376 -0.0551985 0.34151 3
-0.0285749 0.0724646 -0.0971909 3
1.45589 2.51624 -8.40347 3
