# 1 = ball
# 2 = lepton
# 3 = photon
# 4 = PID > 100
# 5 = neutrino
# 6 = other
0.764191 0.921373 0.255091 4
-0.155073 -0.406892 -0.19329 4
-0.427734 -0.0696921 0.414749 4
-1.15142 0.246223 0.947821 4
-0.572974 -0.49064 0.725312 4
0.144148 -0.810512 -0.516788 4
0.672088 0.328406 -0.0177859 4
0.430939 0.349369 -0.0523789 4
-0.401381 -0.746519 -5.00818 4
4.43391 5.04771 2.07686 4
1.67779 2.40697 0.618042 4
0.536759 1.56663 0.504661 4
-0.165365 1.00389 0.0109996 4
-0.472727 -0.0124765 0.232233 4
-1.30615 -0.691638 0.287364 4
-3.81764 -2.68671 2.58407 4
-5.52645 -5.18377 4.21662 4
-1.34485 -1.61997 1.3319 4
-0.0475812 -0.447772 0.295948 4
-0.571625 0.0138909 -0.271224 4
0.0692782 -0.473995 0.402778 4
0.650389 0.569405 -0.2269 4
0.204404 -0.15892 -0.0109836 4
0.350658 -0.115045 -0.317501 4
-0.301612 0.391258 -0.484238 4
-0.276449 0.0261043 -0.207272 4
-0.0063114 -0.800969 -0.886832 4
-0.141975 0.0185203 -0.592661 4
-0.361033 -1.47893 -4.49103 4
2.56831 3.26414 1.44814 4
3.01638 3.50822 1.59378 4
-1.16826 -1.66736 0.793062 4
0.724287 1.09749 0.868559 3
0.235772 0.428332 0.239507 3
0.461497 0.219053 0.215971 4
1.36728 1.36562 0.446471 4
-0.0527535 -0.730006 -0.721823 3
0.0343975 -0.100495 -0.0674505 3
-1.31734 -1.28021 0.47616 3
-0.446053 -0.536919 0.142462 3
-0.675678 -0.0990737 0.1528 3
-0.0328984 0.0261987 0.0111418 3
-0.239624 -0.552568 0.495634 4
-0.156298 -0.293011 -0.00656808 4
0.871022 0.307873 -0.285589 4
0.633631 0.40714 -0.657962 4
0.0766487 0.0670665 -0.0351586 3
0.789758 0.434761 -0.713881 3
-0.265186 0.418469 -1.19047 3
0.394199 0.248939 0.0416745 3
0.0978881 0.0264197 0.0678332 3
-0.0226347 0.028046 0.0128685 3
0.130419 -0.0416328 0.0274469 3
-0.529401 -0.657106 0.587728 3
-0.661625 -0.678892 0.528485 3
0.46024 -0.218224 -0.122073 3
0.0878252 -0.0499113 -0.0923804 3
-0.228025 0.280498 -1.26021 3
-0.138101 0.0696912 -0.802368 3
0.0193152 -0.101773 -0.141115 3
0.0675234 -1.63722 -3.14868 3
0.475313 0.264565 -0.0655922 3
0.103456 0.115846 0.0316833 3
0.0424599 -0.31025 0.0789879 3
0.0922127 -0.140771 0.114588 3
0.0101912 -0.00156892 0.052753 3
0.126061 0.0556107 -0.047041 3
0.179835 -0.191331 -0.531809 3
-0.0182635 -0.0409576 -0.164964 3
