# 1 = ball
# 2 = lepton
# 3 = photon
# 4 = PID > 100
# 5 = neutrino
# 6 = other
-0.16354 -0.203501 0.0562022 3
-0.00394979 -0.00690314 0.350485 3
0.000349517 0.00141082 -0.0508145 3
-0.0497563 0.0830698 -0.192502 4
0.509898 0.873147 0.079409 4
-1.04341 -1.08079 -0.442422 4
-0.114525 0.156698 0.291136 4
-2.02082 -1.40892 1.66423 4
1.5273 0.729967 -1.49782 4
3.77112 2.4865 -2.97731 4
2.83271 2.13451 -1.94956 4
1.53442 1.29433 -1.6877 4
6.56607 4.07164 -4.97003 4
0.449018 0.104822 -0.139108 4
0.664911 -0.0174473 0.513799 4
-0.660804 -0.1764 0.317442 4
-0.61432 -0.147308 -0.080795 4
-2.06648 -1.70096 2.00586 4
2.89656 2.40744 -3.26095 4
6.50172 4.94009 -7.4244 3
0.679803 0.492855 -0.711593 3
0.0206033 -0.0145445 -0.051072 3
0.122367 0.257224 -0.34139 3
-0.0911219 -0.775972 0.255549 3
0.00647988 -0.0116763 0.0264131 3
-0.474856 -0.346005 0.521067 3
-1.15883 -0.758879 1.5025 3
-0.974146 -0.83348 1.03332 3
-2.49097 -1.85504 2.49628 3
-1.22959 -0.62514 1.10818 3
-0.0149198 -0.00227357 0.0183048 2
-0.078022 -0.0135428 0.0861045 2
-3.69652 -2.80101 4.90886 4
-1.20036 -0.983834 1.44438 4
0.485033 0.729895 -0.172121 3
0.477636 0.689768 -0.300799 3
-1.82016 -0.579416 -0.362375 3
-0.247884 -0.0757908 0.000674477 3
-0.306779 -0.41441 0.331948 3
-0.0433791 -0.16961 0.164483 3
-0.043889 -0.0365105 0.0552172 3
-0.406902 -0.382719 0.06796 3
-0.25766 -0.167558 0.0839007 3
-0.349597 -0.156062 -0.0342618 3
-0.274533 -0.0406981 0.00515374 3
-0.58352 -0.243972 -0.118628 3
-0.612378 -0.42641 0.0510889 3
-0.310918 -0.112143 0.0474399 3
-2.41797 -2.00833 3.04133 3
-3.2235 -2.87612 4.23694 3
