# 1 = ball
# 2 = lepton
# 3 = photon
# 4 = PID > 100
# 5 = neutrino
# 6 = other
8.41195e-06 -0.00112456 0.0613794 3
-4.125 -3.06253 -2.59407 4
-0.00301544 -0.302346 1.21739 4
2.93954 0.0933267 4.11457 4
1.09377 0.641109 0.448497 4
3.18835 0.611648 3.77703 4
0.605536 0.9272 -0.5985 4
0.372568 1.20435 -0.111157 4
2.12026 4.4849 -1.07187 4
-4.75288 -4.39547 -2.63347 4
-1.9469 -2.28002 -1.75118 4
-0.923694 -1.10544 -0.785418 4
-1.85484 -1.91778 0.167968 4
-0.0350994 -0.264763 -0.0482877 4
0.69047 -0.38892 1.68252 4
-0.40115 -0.618979 0.784377 4
0.0520302 0.305115 0.378779 4
0.45436 0.576472 0.226881 4
0.499254 0.178672 0.5552 4
-0.0590899 0.056569 0.278193 4
0.900921 0.370174 0.200607 4
0.300158 0.50913 0.260883 4
1.73409 3.51393 -0.424415 4
0.411606 2.02261 0.0514987 4
1.52629 2.97141 -0.319707 4
-0.956611 -1.25954 -0.822922 4
-0.266645 -1.26655 -0.556517 4
0.134981 -0.0117568 0.36482 4
0.513613 0.935191 0.447063 4
2.71048 6.82813 -0.201495 4
-0.367853 -0.441426 -0.336851 4
-0.425956 -0.175403 -0.251168 4
-0.942432 -0.618821 -0.0982531 3
-0.138365 -0.450727 -0.198336 3
-0.136822 -0.328487 -0.00397335 3
-0.613402 -1.8105 0.2638 3
-0.577767 -1.398 -0.202177 3
-0.0147231 -0.0585964 0.0175003 3
0.0128339 0.0055826 0.0109261 3
0.435032 -0.653815 0.713019 3
-0.012514 -0.00227887 -0.0245548 3
-0.120597 0.00418253 0.184134 3
0.750613 1.13158 -0.240288 3
0.152085 0.269224 -0.1175 3
0.159404 0.581829 -0.0839185 3
0.211573 0.561399 -0.209527 3
0.0206027 -0.0176067 0.00797607 3
-0.202107 -0.364971 0.0766658 3
-0.11448 -0.040698 -0.000431831 3
-0.126734 -0.194793 -0.116713 3
-0.0841115 -0.129558 -0.0198493 3
-0.251803 -0.200083 -0.21843 3
-0.902019 -0.882123 -0.48187 3
-0.490997 -0.598009 -0.364742 3
-0.0917214 -0.270239 -0.194623 3
-0.245309 -0.902803 -0.368863 3
-0.212486 -0.344643 -0.213494 3
-0.412816 -1.10501 -0.600634 3
-0.0803919 -0.290483 -0.0453771 3
-0.274182 -0.937061 -0.398663 3
0.104851 0.117245 0.194116 3
0.123635 0.105924 0.0372771 3
0.00209742 -0.00393106 -0.0324939 3
-0.0790596 0.0481697 0.118021 3
0.058577 0.0297575 -0.00152991 3
-0.0360212 0.0104371 0.102192 3
