# 1 = ball
# 2 = lepton
# 3 = photon
# 4 = PID > 100
# 5 = neutrino
# 6 = other
-0.976397 -0.315369 1.33639 4
-0.423853 0.00539649 0.25027 4
0.244308 0.0208545 0.24123 4
-2.06225 -0.562256 -0.850579 4
-0.428746 -0.0312489 0.13006 4
-2.26268 -3.06207 6.53499 4
12.6256 11.9272 -25.0225 4
1.22178 1.18282 -1.95803 4
0.419008 0.131613 -0.0226419 4
-4.2257 -4.99893 10.1982 4
-1.36588 -1.37176 3.36892 4
-1.22027 -1.42661 2.89383 4
0.140976 -0.0378631 0.00922319 3
0.31301 -0.0779281 0.234773 3
0.243096 0.218367 -0.552135 3
3.39291 3.10091 -6.8209 3
0.0366503 0.392481 -0.855274 3
0.0880567 0.602709 -1.76719 3
-0.280768 -0.422934 0.718729 3
-0.308359 -0.259772 0.50866 3
-0.448597 -0.329713 0.96288 3
-0.504027 -0.499612 1.01989 3
-0.137143 -0.0753675 0.189149 3
-0.0330215 -0.157113 0.239367 3
-0.564546 -0.524223 1.26146 4
-1.65228 -1.51186 3.39091 4
-1.79696 -1.885 4.31197 3
-0.0339621 -0.0327705 0.0482909 3
