# 1 = ball
# 2 = lepton
# 3 = photon
# 4 = PID > 100
# 5 = neutrino
# 6 = other
-0.00341597 -0.00211974 -0.00792641 3
0 0 0.000230147 3
-1.07903 -0.707324 1.92334 4
2.49915 2.0643 -0.528844 4
1.71251 3.93616 -1.70924 4
-2.85981 -2.12137 7.38157 4
-0.416898 -0.538282 0.975448 4
-0.401865 -0.247136 1.92394 4
0.0514955 -0.163657 1.06825 4
-0.237435 0.232944 1.83592 4
-0.227346 0.0662461 -0.0264076 4
0.407853 1.22145 -0.842349 4
-0.532378 0.512405 -0.367471 4
-0.112008 0.0488728 -0.240479 4
-0.109219 -0.278162 -2.81614 4
2.57718 -2.31879 -14.8372 4
-4.5135 -3.54198 13.73 4
-0.342997 -0.371401 1.21362 4
1.18811 1.57874 -1.49631 4
-0.0170334 0.0548734 0.569168 3
0.051662 0.09107 0.239192 3
0.663751 -0.835638 -5.10718 3
0.785904 -1.03468 -5.54134 3
-0.694483 -0.527641 2.62072 3
-1.19198 -0.741722 3.88066 3
0.0369575 -0.0340841 -0.00997994 3
0.0836876 -0.125778 0.231697 3
-0.0752981 0.0400007 0.107328 3
-0.127062 0.193528 0.0589667 3
0.200846 0.412545 -0.0704321 3
0.901359 1.84208 -0.607219 3
0.116194 0.279158 -0.30143 3
0.126818 0.1809 -0.0927316 3
0.722785 0.696458 -1.91198 3
0.159993 0.121826 -0.51882 3
0.105484 0.0331179 -0.187315 3
0.550021 -0.0169083 -0.539352 3
