# 1 = ball
# 2 = lepton
# 3 = photon
# 4 = PID > 100
# 5 = neutrino
# 6 = other
-0.514653 -0.158967 0.174885 4
0.688855 0.261613 1.92582 4
0.962747 -1.59243 2.46306 4
0.0650592 -0.136 0.231747 4
3.91934 -3.9296 11.6772 4
-2.7327 4.44844 -12.8425 4
-3.99866 5.82891 -18.1887 4
-0.542193 0.728607 -2.49442 4
-0.473014 0.45561 -0.0311488 4
-0.122939 -0.460713 0.24333 4
0.185296 0.171181 0.334751 4
2.23569 -3.58167 9.93487 4
-0.158878 -0.388685 0.627399 4
0.061581 -0.804232 1.80023 4
1.36045 -0.840247 4.91528 4
-0.111028 0.256192 -0.349574 4
-0.0636338 0.110832 -0.530007 4
-0.161267 0.045771 -0.193092 3
-0.0247235 1.23465 -1.09634 3
-0.183447 0.0942055 -0.0538872 3
-0.318005 -0.0027977 -0.158204 3
-0.110671 0.132178 -0.134311 3
0.0307432 0.0178649 0.00211821 3
-0.01727 -0.145987 0.0247968 4
-0.147368 -1.30246 2.30243 4
-0.706784 0.128368 -1.50083 3
0.0047415 -0.00154112 -0.0298895 3
0.383506 0.428977 -0.0793056 3
0.073975 0.204627 -0.0233508 3
0.673512 -1.11701 2.24949 3
0.442769 -0.54891 1.26755 3
0.000264863 0.0222305 -0.0533006 3
-0.701287 0.440993 -2.41608 3
