# 1 = ball
# 2 = lepton
# 3 = photon
# 4 = PID > 100
# 5 = neutrino
# 6 = other
-0.0112999 -0.0105818 0.824138 3
-0.162045 -0.0869535 1.31231 4
0.379729 -0.435141 0.0107192 4
-0.91889 1.09342 -2.22326 4
-0.335252 0.572169 -2.96691 4
1.39204 -0.440651 4.39467 4
1.30407 -0.90257 4.14071 4
0.756972 -0.693962 3.60239 4
-0.0858741 -0.751269 1.19185 4
1.25173 -0.0722636 2.33405 4
-0.00935051 -0.0628347 0.329038 3
-1.0818 0.880263 -1.67758 4
-0.128873 0.117772 -0.315963 4
0.0119477 0.0710264 -0.302968 3
0.218448 0.752776 -0.269898 3
0.0355693 0.369827 -0.195532 3
0.00658534 0.244209 0.0107478 4
0.524943 -0.030791 -0.129854 4
-0.0258455 0.10278 -0.462838 3
-0.192918 0.0802549 -1.04701 3
0.0324576 -0.385149 1.6418 3
0.0666386 -0.0635268 0.355266 3
0.0164548 -0.0462831 0.309221 3
0.0730847 0.0928465 0.975793 3
-1.34699 -1.07016 11.7508 5
-0.717676 0.193399 0.610185 2
-0.323118 0.0946127 -0.324083 3
-0.0754134 0.0532394 -0.203882 3
0.00169757 0.0211042 -0.024223 3
0.194166 -0.140064 -0.0602246 3
-0.0183061 0.0333415 0.00720446 3
0.138554 -0.0194861 -0.0401083 3
-0.0566314 -0.0345487 -0.113052 3
0.0378869 0.0592724 -0.080217 3
0.246096 0.110852 -0.0498714 3
0.128028 -0.02503 -0.0781501 3
-0.0221601 -0.248252 1.03374 3
-0.122247 -0.0191317 -0.575121 3
0.17047 0.277523 -1.56111 4
0.515452 0.240984 -3.93961 4
-0.0115761 0.274611 -1.35227 4
-0.0511904 0.0793092 -0.207765 3
-0.00157723 -0.0324344 -0.304538 3
-0.359143 0.950197 -8.42796 4
-0.10387 -0.153283 0.792992 4
0.125075 -0.302609 0.702315 4
0.191006 -0.397031 1.21164 4
-0.00344594 0.047332 -0.398147 4
-0.041045 0.0455133 -2.15588 4
0.0161165 0.293797 -2.59634 4
-0.956472 0.177664 -3.67591 3
-0.151053 0.0784298 -0.548396 3
-0.0205536 -0.286831 1.05772 4
-0.0261646 -0.210334 0.914204 4
-0.34636 -0.191675 0.676284 3
-0.362309 -0.207031 1.02999 3
0.0762989 0.0025824 -0.148729 3
0.296431 0.3039 -0.903546 3
-0.0347428 -0.259989 0.460806 3
0.0831062 -0.145873 0.271527 3
-0.16516 0.0412093 -2.2912 3
-0.00713018 -0.000985382 -0.00359629 3
-0.096209 -0.0255241 -0.702597 3
0.0091415 0.0117552 -0.00439403 3
-0.0182779 0.0299623 -0.15841 3
0.0907749 -0.0456866 -1.43095 3
