# 1 = ball
# 2 = lepton
# 3 = photon
# 4 = PID > 100
# 5 = neutrino
# 6 = other
-0.0087384 0.0189487 -0.0467646 3
1.10916 -0.123459 0.717472 4
3.52306 -0.926595 1.00751 4
-1.24234 2.20258 -0.143367 4
-0.0708953 -0.640766 -0.307903 4
0.66138 -0.721995 0.319013 4
0.255162 -0.215996 0.453297 4
0.516463 -0.005727 0.727169 4
-0.128664 0.0171189 -0.11344 4
0.502224 -0.313321 0.576415 4
0.554985 -0.219471 0.0144471 4
0.0108345 0.0364055 -0.0320498 4
1.17145 -0.456526 0.233251 4
0.395931 -0.215707 0.453056 4
0.0856935 0.0959892 -0.209122 4
0.379207 0.582661 -0.5962 4
0.491908 -0.352218 0.0738339 4
0.285772 1.03133 -0.494212 4
0.105566 -0.0668957 -0.316809 4
1.72643 -0.300435 0.677447 4
-0.912668 -0.820992 -0.022932 4
0.72924 -0.255936 0.550098 4
1.18634 -0.281596 0.495992 4
0.276525 -0.0791618 -0.366961 3
0.0130314 -0.05886 -0.0710489 3
-0.425648 1.08389 -0.0348277 3
0.00941164 0.0420083 -0.0074353 3
-0.0134726 0.342731 0.28322 4
0.121467 0.640071 0.000367493 4
-0.0934615 0.187886 0.0339596 3
-0.0672339 0.264434 0.183743 3
-0.0365932 0.191289 0.0109562 3
0.196423 -0.179567 0.152094 3
1.03212 -0.6193 0.87458 3
0.55152 -0.117376 0.140648 3
0.982643 -0.166328 0.43293 3
1.56512 -0.616925 0.498674 3
4.72669 -2.04808 1.35896 3
-0.526677 -0.69271 -0.392033 4
-7.74551 -6.6873 -5.77634 3
-2.22803 -2.0189 -1.71143 3
0.521918 -0.354712 0.1395 3
0.423206 -0.299991 0.243602 3
0.10392 -0.0446456 0.0834141 3
0.0937681 0.0868602 0.140614 3
0.231009 0.222785 0.413091 3
0.244714 0.206069 0.225916 3
0.0171115 0.0300763 0.180774 3
0.00857331 0.0124564 0.0154006 2
0.0792388 0.142629 0.143342 2
-0.0519696 -0.0202132 0.102291 3
-0.0874512 0.108073 0.0605906 3
-0.237719 1.05271 0.129511 4
-0.761637 1.17733 -0.0274063 4
0.180529 2.2764 0.42827 4
0.0418262 0.00698868 0.0650859 4
-2.82986 -3.10215 -2.49446 3
-0.25692 -0.333256 -0.221582 3
-2.63236 -4.55794 -1.45209 3
-0.325084 -0.492457 -0.133613 3
-0.370868 1.25411 0.113737 4
-0.970318 3.50914 0.548921 4
-0.521687 1.56852 0.390496 4
-1.4426 4.68896 0.426402 4
-0.489632 2.46928 0.132721 3
-0.0695079 0.568124 -0.0182926 3
-0.452801 1.97726 0.668149 3
-0.111224 0.312394 0.0694297 3
