# 1 = ball
# 2 = lepton
# 3 = photon
# 4 = PID > 100
# 5 = neutrino
# 6 = other
-0.0202676 0.0161785 -0.340253 3
0.00178418 0.0083219 1.97929 3
0 0 0.000500188 3
0.222005 0.575001 -0.684217 4
-0.222637 0.791593 -0.397712 4
0.0366028 0.777715 0.543527 4
-0.224284 -0.0747871 0.734943 4
12.9425 4.81854 -15.1962 4
8.38039 2.96986 -10.1874 4
2.47037 0.511792 -2.81579 4
0.10285 0.121117 0.100782 4
-1.92716 -0.54224 2.42641 4
-5.6686 -2.35691 6.1761 4
0.816158 0.398113 -1.31687 4
-3.54879 -1.44423 3.51554 3
-0.444804 -0.232246 0.475994 3
0.798011 0.286232 -0.725423 3
0.719984 0.223602 -0.816149 3
-0.0610129 -0.164847 -0.0430276 3
-0.311824 -0.31104 -0.00706557 3
-2.22596 -1.12611 2.34126 3
-1.32136 -0.559204 1.38947 3
-3.7565 -1.73653 4.57149 3
-6.75745 -2.94993 8.27487 3
