# 1 = ball
# 2 = lepton
# 3 = photon
# 4 = PID > 100
# 5 = neutrino
# 6 = other
0.00194218 -0.000691804 0.00617011 3
-0.557843 -0.521916 0.0032773 4
-0.237389 0.603839 0.545823 4
1.19598 -0.483766 -0.429551 4
1.07055 -1.33221 -0.495151 4
0.161586 -0.499121 0.311732 4
-0.150312 -0.0355654 -0.265774 4
-0.419432 0.320085 -0.18228 4
-0.38705 0.220249 0.363444 4
-0.595104 1.0127 -0.018923 4
8.47262 -9.4493 -2.24763 2
3.58541 -5.26653 -1.42809 5
13.3749 -16.5797 -3.96981 4
-0.479793 0.968517 -0.038537 3
-0.407601 0.580497 -0.00735862 3
-0.207847 0.200303 0.0562106 3
-3.89209 3.79615 1.6616 3
-2.28208 2.82037 0.721547 3
0.125695 -0.234265 0.0148428 3
0.0888385 -0.0549305 0.075135 3
0.0601474 0.23704 -0.141294 3
-0.044182 0.025453 -0.0325047 3
-0.76369 0.460938 -0.0196408 3
-0.0170875 -0.0096909 -0.00317656 3
-0.392151 0.540232 0.394711 3
-0.0420974 0.143266 0.0460069 3
-0.284988 0.623577 0.26599 3
-0.182551 0.581295 0.129646 3
-3.98928 5.25913 0.89116 4
-1.46032 2.26327 0.238851 4
-8.23881 10.1904 2.86754 4
-3.10602 3.62043 0.686035 4
