# 1 = ball
# 2 = lepton
# 3 = photon
# 4 = PID > 100
# 5 = neutrino
# 6 = other
0.000972193 0.00281962 -0.0307303 3
-0.139562 -1.72147 -0.924635 4
0.08146 -4.44853 -2.48459 4
0.142828 -0.0436224 0.44571 4
-0.0755668 1.08752 0.179045 4
0.281625 0.512727 0.23527 4
-0.103114 1.29263 -0.121973 4
0.61221 -4.91178 -0.888114 4
-0.128854 -1.12558 -0.317019 4
0.68457 -1.14413 -0.283421 4
0.165985 0.0110134 0.00544778 4
-0.150537 1.24366 0.467021 4
0.082482 0.109671 -0.103553 4
-0.818004 11.1659 4.81279 4
1.20374 -15.5587 -6.51079 4
-0.078596 -0.0590756 -0.804084 4
0.0732937 -2.18815 -0.646881 3
-0.359345 -1.50852 -0.675667 3
-0.0797444 0.390445 -0.0234009 4
-0.1426 0.636377 0.273463 4
0.156994 -4.46895 -1.72113 3
0.229763 -3.95525 -1.43003 3
-0.0138321 0.0847661 0.0372004 3
-1.64327 24.0972 10.3563 3
-0.0270022 0.307751 0.14966 3
0.0441129 0.191273 0.00410619 3
