# 1 = ball
# 2 = lepton
# 3 = photon
# 4 = PID > 100
# 5 = neutrino
# 6 = other
-0.443712 -0.135424 -0.208672 4
0.665988 2.99383 -2.36844 4
0.794467 1.72432 -0.948683 4
0.249099 5.74268 -1.58014 4
1.13912 5.28029 -1.72372 4
-0.0554443 0.472993 -0.363787 4
-1.4474 -6.03718 2.43626 4
0.00851816 -0.45334 0.151687 4
-0.459535 -2.46716 0.473948 4
-0.140032 -1.31049 0.310729 4
-0.119841 -0.224255 0.449797 4
1.49041 1.17341 -0.89376 4
1.49361 3.52923 -1.75623 4
1.1687 3.4835 -1.70305 4
-2.15273 -6.6263 3.5313 3
-0.724183 -2.38247 1.33576 3
-0.185696 -1.02161 0.71421 3
-0.956032 -3.05745 1.21095 3
0.0865484 0.189215 -0.0728981 3
1.47292 2.08796 -0.888385 3
1.07369 2.43 -1.19419 4
0.903304 2.08241 -1.33776 4
-0.0781842 1.38662 -0.412542 3
-0.0681753 2.43081 -0.551951 3
-0.245869 -0.70792 0.400597 3
-1.05035 -3.98851 2.19778 3
-0.735279 -2.35974 1.27156 3
-1.29493 -4.67056 2.61872 3
-0.598065 -1.15073 0.450602 3
-0.792898 -1.76612 0.803212 3
0.0260803 0.224474 -0.175337 3
0.069393 1.07017 -0.493263 3
0.300342 1.12571 -0.957774 3
0.118401 0.272741 -0.180694 3
0.162703 0.247351 -0.123718 3
0.325043 0.411541 -0.422113 3
