# 1 = ball
# 2 = lepton
# 3 = photon
# 4 = PID > 100
# 5 = neutrino
# 6 = other
-0.626009 -0.326059 1.20712 3
0.467 -3.36086 0.123464 4
1.01817 -7.74973 0.776262 4
0.0654697 -0.845892 0.582953 4
0.488567 0.211117 0.0944221 4
0.336224 2.38536 1.40561 4
-0.00616145 0.195914 0.146482 4
0.52407 -5.55812 -0.0727762 4
0.373592 -1.6653 0.238829 4
0.804293 -3.30151 -0.433862 4
-0.126962 -0.59571 -0.119626 4
-0.40184 -0.825058 0.289739 4
-0.554313 2.91386 -0.201818 4
-0.506343 3.451 -0.262707 4
-0.563702 1.26352 -0.375373 4
-1.12951 4.94793 -0.300482 4
-0.0278816 2.69956 -0.654781 4
-1.4847 8.03835 -2.36629 4
1.76914 -10.9081 0.336925 4
-0.116944 -0.308813 0.212567 4
0.145405 -0.0393529 0.14779 4
0.0100136 -0.014391 0.0488099 3
0.0217174 -0.432005 0.178903 3
-0.0291332 0.288255 0.740544 3
-0.00754597 0.0813366 0.0743495 3
-0.0213621 0.132828 0.0110894 3
0.166794 2.55076 0.343719 3
0.0269038 -0.0154951 0.0392817 3
-0.350352 2.23453 0.194696 3
0.33846 1.45194 -0.116697 4
-0.13997 0.348166 -0.113516 4
-0.239676 1.67924 -0.347228 3
-0.951858 7.07428 -2.62842 3
0.759882 -4.56704 -0.29453 3
0.30329 -2.27531 -0.2055 3
-0.0446336 0.0993852 0.123325 3
0.0464437 -0.0162373 0.0677585 3
-0.0811352 0.960294 0.275772 3
0.0145586 0.0259445 -0.00753877 3
-0.0328002 -0.178986 0.335043 3
-0.1844 -0.360994 0.457441 3
-0.00431407 -0.00140292 0.0294093 3
-0.0484442 0.312735 0.0188267 3
