# 1 = ball
# 2 = lepton
# 3 = photon
# 4 = PID > 100
# 5 = neutrino
# 6 = other
-0.037448 0.00299384 -0.133086 3
-0.0147975 0.0611979 -0.174272 3
-0.0102854 -0.000619195 0.00155025 3
-0.33657 0.654867 -0.169602 4
-0.0852155 0.294604 0.0940602 4
-0.413578 -0.15319 -0.3425 4
0.329048 -0.297991 0.0369525 4
-0.0544399 -0.717911 0.0596385 4
0.601809 -0.504507 -0.0540956 4
3.23083 -1.85266 -1.22505 4
3.17031 -1.90941 -0.375246 4
1.54538 -1.08274 -0.399332 4
0.826796 -0.651586 -0.188323 4
1.3545 -1.42133 -0.0190393 4
5.08603 -1.70473 0.623578 4
-4.57593 1.89743 0.662786 4
-11.1152 4.68526 1.42339 4
-10.171 4.41965 -0.20259 4
-1.0061 0.485147 0.256175 4
-0.496254 0.379893 -0.305092 4
-1.62516 0.0962887 0.172282 4
0.0399668 -0.030973 -0.140054 4
0.831144 -0.331174 -0.688261 4
3.35175 -1.48536 0.407924 4
6.41858 -2.47228 0.217062 4
2.49416 -0.446103 0.491821 4
0.768838 0.0983171 0.0933564 4
-2.83008 1.08117 0.0766723 4
-0.19428 0.267961 0.199083 4
-2.72977 1.25118 -0.299008 3
-1.73823 0.681711 -0.205794 3
-0.307984 0.0446187 -0.0693246 3
-0.586565 0.0221298 0.0443057 3
-0.618216 0.469624 0.0179768 3
-0.472353 0.223064 0.0332099 3
-0.638571 0.514505 -0.149648 3
-0.0909804 0.104686 0.0244859 3
2.49043 -0.404384 -0.0565666 4
2.50432 -0.877638 0.218766 4
0.230379 -0.10739 0.0110546 3
0.226347 0.026995 -0.0174048 3
0.467809 -0.0982113 0.0943336 3
0.620815 -0.0105207 0.0229054 3
1.89462 -0.726831 -0.13524 3
0.533923 -0.130271 -0.0449721 3
0.347855 -0.0772439 0.0893035 3
0.783446 -0.26824 0.0218302 3
