# 1 = ball
# 2 = lepton
# 3 = photon
# 4 = PID > 100
# 5 = neutrino
# 6 = other
0.0125112 0.01016 0.0141735 3
-0.000894321 -0.00136858 -0.0669568 3
-0.656121 0.471431 -1.03722 4
0.285829 -1.09673 -1.82754 4
0.257605 -1.42158 -1.81538 4
0.0412069 -0.0587299 -0.409939 4
0.00998626 -0.216326 -0.264049 4
-0.252234 -0.278879 0.159734 4
-1.00177 -0.431687 0.959612 4
0.0162542 -0.843667 0.647028 4
0.42954 0.296576 -0.672686 4
0.949624 0.863999 -1.21207 4
0.11043 0.143948 -0.331579 4
0.454762 -0.264454 -1.8613 4
-0.230041 -0.0214658 -0.844806 4
-0.336816 -0.32562 -0.19931 4
0.320726 -0.44349 -0.397242 4
-0.108804 -1.57485 -0.716247 4
-0.25701 -0.392147 -2.1572 4
0.0824388 0.184712 -0.131726 3
0.0778664 -0.041276 -0.432405 3
-0.0332981 0.0343956 -0.446301 3
-0.0411384 -0.639816 -0.654151 3
-0.0860912 -0.7823 -1.02501 3
-0.691063 -0.4915 -0.00606417 3
-0.0712222 -0.00996246 0.0191345 3
-0.24373 -0.238749 0.897896 4
-0.11724 -0.240811 1.14592 4
-0.512475 0.0337817 0.528938 3
-0.0770404 0.0453117 0.156764 3
-0.0297641 -0.0614696 0.313152 3
0.116716 -0.134518 -0.358496 3
0.123554 -0.0626922 -0.104848 3
-0.727191 -0.29177 -2.89056 3
-0.198819 -0.0692247 -0.550343 3
0.0162982 -0.350457 -0.162734 3
0.0185385 -0.282296 -0.279748 3
-0.242002 -0.508052 -0.827102 3
-0.502596 -0.717678 -1.44437 3
5.17744 8.95293 -8.70918 4
-0.0856013 -0.0779752 0.148749 3
-0.10901 -0.111818 0.0163949 3
-3.72086 -1.94009 14.8375 5
-0.872318 0.0362995 0.493985 2
0.685308 0.705072 -0.214584 2
0.859599 0.93478 -1.73277 5
1.49838 1.78382 -1.58056 3
0.000862591 0.0189486 -0.0122906 3
0.921067 0.722447 -0.50943 3
0.129605 0.113339 -0.13437 3
0.516241 0.408577 -0.0406614 4
-0.328926 -0.186815 1.97739 3
-0.282482 -0.137955 2.42456 3
-0.24394 -0.244872 1.76469 3
-0.0379293 -0.068921 0.857907 3
-0.349454 -0.319083 3.40658 3
-0.66452 -0.379434 5.29116 3
