# 1 = ball
# 2 = lepton
# 3 = photon
# 4 = PID > 100
# 5 = neutrino
# 6 = other
0.245937 -0.503997 0.386948 4
2.53596 -5.2738 3.55251 4
0.400314 -2.13257 1.56704 4
-0.278952 -0.0934752 0.298842 4
0.338558 -0.00665161 0.582426 4
0.539408 0.543754 -0.184455 4
-0.92042 0.610849 -0.584104 4
-0.189107 0.572853 -0.669976 4
-0.651954 -0.392723 0.08816 4
0.264096 0.0995517 0.273795 4
-0.341438 0.237326 -0.145205 4
-0.149832 0.00702801 -0.441771 4
-1.50638 2.5425 -1.81362 4
-1.53343 3.12437 -1.63172 4
1.81664 -3.24711 2.4792 3
0.800959 -2.272 1.18569 3
0.334019 -0.592925 0.432497 3
0.278323 -0.307889 0.204593 3
0.569829 -1.77849 1.30964 3
0.176659 -0.708121 0.141823 3
-0.074159 -0.105833 0.0727257 3
-0.398504 -1.27354 0.920248 3
-1.02897 1.86015 -1.14399 3
-2.19285 4.33277 -2.72616 3
-0.0103168 0.125997 -0.103144 3
-0.056637 0.148971 -0.134678 2
-0.592407 1.57392 -1.44395 2
-1.27016 1.97532 -1.49224 4
-2.66823 6.79374 -4.67791 4
-1.74851 3.60647 -2.51266 4
-1.01523 2.56033 -2.32459 4
-1.36827 2.62921 -1.94948 4
-0.0369368 -0.0675901 0.110267 3
0.0178001 0.0422715 0.202362 3
-0.177528 0.285362 -0.151619 3
-0.132689 0.294441 -0.0167902 3
1.16333 -2.42464 1.5148 4
0.57079 -0.775455 0.560102 3
0.059868 -0.151817 0.0550967 3
-0.00490603 -0.0121657 -0.0171984 3
0.216807 -0.0891698 0.16811 3
0.113078 -0.0418831 0.115745 3
0.0559988 -0.00539873 -0.0376285 3
2.15582 -3.40478 2.56172 4
0.510153 -0.608738 0.339152 3
1.21789 -1.37288 1.0045 3
0.802716 -1.44929 0.930181 3
0.521854 -0.738726 0.524021 3
0.0269052 -0.0363827 0.0394143 3
2.61408 -4.09914 2.58122 3
