# 1 = ball
# 2 = lepton
# 3 = photon
# 4 = PID > 100
# 5 = neutrino
# 6 = other
-3.25156 1.04387 -1.26926 4
-2.90503 1.54765 -0.444213 4
-3.22059 0.829917 -0.453653 4
-4.82241 1.65435 -0.93813 4
2.25491 -1.76686 -0.171369 4
3.5177 -0.91574 0.995504 4
-1.3524 0.744994 -0.414926 4
-1.03748 0.251935 -0.484019 4
-0.409578 0.263252 0.260871 4
-0.595697 0.364509 -0.210333 4
-2.44865 0.773816 0.421276 4
-2.82331 1.00067 -0.875458 4
-3.19038 1.50385 -0.210974 4
0.162795 -0.168962 -0.173426 4
0.070669 0.500961 -0.125123 4
-0.148438 -0.293535 0.619533 4
-0.211418 0.275223 0.184599 4
0.316436 -0.292346 -0.103425 4
2.17525 -0.0980139 0.524213 4
7.57899 -2.76595 1.51914 4
-3.65048 1.95342 -1.06941 4
-2.0449 0.777443 -1.05141 4
0.143951 -0.0303597 0.110306 3
-0.430804 -0.241777 -0.0387834 3
1.86579 -0.777636 0.387343 3
5.3792 -2.24427 0.993788 3
3.8711 -1.67111 0.786201 2
3.15141 -1.3647 0.639751 2
-0.950052 0.52521 -0.160119 3
-2.59165 1.22485 -0.29945 3
-0.280028 0.0986196 -0.00929878 3
-2.37852 0.456827 -0.213532 3
0.0347289 0.0339858 0.0672059 3
0.122457 0.10524 -0.0451558 3
0.254409 -0.0954619 0.0687963 3
0.957785 -0.553254 0.494463 3
-0.510546 0.500525 -0.267626 3
-0.049038 0.124446 -0.0690036 3
-0.332334 0.256434 -0.199245 3
-0.0271527 0.0177444 -0.000710015 2
-0.0574352 0.102156 -0.0104245 2
-0.0689777 0.058436 0.0299059 3
-0.0692008 0.273208 -0.0719341 3
0.573125 -0.137032 0.033422 4
7.42737 -3.84653 1.24402 4
