# 1 = ball
# 2 = lepton
# 3 = photon
# 4 = PID > 100
# 5 = neutrino
# 6 = other
2.2379 -2.67084 -0.236732 4
-0.043842 -0.123672 -0.258605 4
-1.023 -0.136775 0.715731 4
-0.284566 -0.0589966 -0.0653534 4
0.0136165 0.332803 -0.31237 4
-1.00277 3.07075 1.10462 4
-0.438566 0.0290779 0.0956059 4
-0.410301 0.185547 0.430947 4
0.289007 0.0671726 0.170301 4
0.105893 0.0605086 0.312955 4
0.0292089 0.164488 -0.200694 4
-2.20816 1.14469 1.11262 4
0.25753 -0.310575 -0.263305 3
0.187926 -0.372119 -0.400792 3
-2.49289 0.428899 1.45784 3
-0.485932 0.14247 0.310991 3
-0.90497 1.22851 0.482017 4
-0.489961 0.656268 0.601203 4
-0.104057 0.211996 0.122889 3
-0.251301 0.735726 0.38765 3
-0.392107 1.09971 0.772394 3
-0.153913 0.48645 0.30217 3
-0.181378 -0.25364 0.315845 3
-0.00246384 -0.162001 0.180804 3
-0.175531 0.134521 0.0279816 3
-0.281918 0.257576 -0.126832 3
3.95717 -7.24754 -3.89032 4
7.71201 -14.2316 -7.84129 4
1.02909 -2.16478 -0.887966 4
-0.996296 3.32003 1.44579 5
3.76789 -7.61875 -4.31973 4
-3.61598 12.0742 4.19602 5
-1.29765 2.52056 0.986836 4
-0.603269 1.69909 0.745424 3
-1.74641 5.30028 2.52538 3
