# 1 = ball
# 2 = lepton
# 3 = photon
# 4 = PID > 100
# 5 = neutrino
# 6 = other
-1.43463 -1.35593 0.232533 4
-0.0121822 -0.0274492 0.00603868 4
0.045363 -0.00994265 -0.53107 4
0.012559 0.386185 0.484233 4
0.757087 -0.438966 -1.17466 4
-0.958132 -0.289537 0.525949 4
0.46297 0.491885 0.340051 4
-0.31177 -0.24778 0.139361 3
-0.413154 -0.428157 0.522392 4
-1.02296 -0.737091 0.903732 4
-0.433117 -0.280806 0.0415178 3
0.00210613 0.0194238 -0.00281195 3
-5.11869 -3.83319 1.35909 4
-0.193983 -0.166846 0.0625597 3
-1.3453 -1.19636 0.81794 3
0.0422227 -0.0249234 0.0185196 3
0.119237 -0.166108 0.474232 3
0.176346 0.350671 -0.147181 3
0.0886239 0.0676154 -0.102892 3
0.24185 0.282664 -0.141466 3
0.185383 0.115194 -0.00259164 3
0.79387 1.0597 -0.483463 3
0.0631957 0.15011 -0.0327056 3
-0.96958 -0.777165 0.632606 4
-0.615309 -0.417181 0.223599 3
-1.15859 -0.854212 0.623599 3
-0.296319 -0.290919 0.471546 3
-0.636356 -0.421106 0.708229 3
5.68927 4.66988 -3.69346 4
1.55686 1.50561 -0.811113 4
0.620703 0.635922 -0.417609 4
1.89343 1.84825 -1.12443 4
2.0338 2.01423 -1.28487 4
4.04446 3.43066 -2.29645 4
1.97057 1.28517 -1.12996 3
1.79184 1.10363 -1.14045 3
0.013984 -0.0197608 -0.0250768 3
0.479173 0.171891 -0.442384 3
-6.08523 -4.82449 4.37455 2
-0.467726 -0.600428 0.354842 5
-2.30839 -2.41722 1.88366 4
1.58469 1.36854 -0.544287 4
3.51875 2.75524 -2.25188 3
0.474779 0.312154 -0.298107 3
-6.7827 -5.20167 3.99331 4
1.12112 0.586436 -0.730746 3
0.779895 0.416168 -0.384412 3
