# 1 = ball
# 2 = lepton
# 3 = photon
# 4 = PID > 100
# 5 = neutrino
# 6 = other
-0.00546893 -0.000610728 0.0957809 3
-1.93948 1.15471 0.459898 4
1.02428 -0.749123 0.668742 4
0.429996 -0.543161 -0.325136 4
-2.37125 1.4248 -1.14057 4
-11.3411 7.95241 -2.66654 4
-3.0471 1.3038 -0.0379182 4
-2.63669 1.58194 0.493611 4
-11.2366 5.63745 1.54225 4
-2.32776 1.45357 0.158588 4
17.9895 -10.5328 0.336255 4
5.25061 -2.66495 0.317711 4
4.23711 -2.75971 0.0964723 4
5.05869 -3.3317 -0.317392 4
1.15488 -0.835303 0.506881 4
0.622116 -0.686751 -0.249578 4
-0.257156 0.347326 -0.483888 4
-1.68062 1.11667 -0.0293931 4
0.822605 -0.832677 -0.0685978 4
0.399607 -0.269136 0.255577 4
0.350855 -0.330296 0.133413 3
0.108621 -0.0217638 0.00860099 3
-0.688809 1.5846 0.321024 3
-0.0197546 0.0637739 -0.0131 3
0.0314429 0.0362717 0.0103241 3
0.0714674 -0.0993791 -0.0730187 3
