# 1 = ball
# 2 = lepton
# 3 = photon
# 4 = PID > 100
# 5 = neutrino
# 6 = other
-0.000286568 0.00075206 -0.0136323 3
0 0 0.000153121 3
-1.54276 2.72714 0.323785 4
-0.203021 0.227179 -0.109864 4
1.55086 2.11987 1.58268 4
-0.199196 1.00838 0.897645 4
0.0619857 -0.58293 0.142957 4
0.0704655 -0.102684 -0.133682 4
1.70066 -9.24514 -0.631669 4
-4.89606 8.47696 -1.37384 4
-3.59698 6.65432 -1.06958 4
-0.424109 0.863666 -0.350692 4
-2.50486 5.13649 -1.08542 4
-0.742177 1.82635 -0.651483 4
-1.9469 4.29822 0.513801 4
2.42758 0.616576 1.70329 4
0.172908 0.212711 0.26906 4
0.36394 0.682837 0.241867 4
2.07989 -0.0857554 -0.160415 4
3.90451 -18.2679 -1.2916 4
1.30111 -7.99557 -0.482871 4
-0.0688821 0.291735 -0.0384143 3
-0.368544 0.793141 -0.262746 3
0.041174 0.0437764 -0.0147627 3
0.0818724 0.0760097 0.180607 3
0.488568 1.17107 1.01754 3
0.0776598 0.0135993 -0.0286629 4
0.19117 0.270179 0.259466 4
0.485838 -0.276237 0.189639 3
0.324057 -0.106696 0.0330739 3
0.0262635 0.00401057 0.13649 3
-0.011482 -0.0725516 0.0137266 3
0.013251 -0.201481 -0.166712 3
0.242091 -0.665786 -0.3969 3
0.0875884 0.0579889 -0.164678 3
-0.0191579 0.0208341 0.0146589 3
0.131927 -0.0461777 -0.0345146 3
0.229005 -0.0804219 -0.271152 3
0.115247 -0.00676708 0.0148646 3
0.378714 0.136 0.258658 3
-0.0490324 0.173758 0.282803 3
-0.0759885 0.074597 0.400883 3
0.0663563 -0.231684 0.259214 3
0.0347543 -0.0104188 -0.00357229 3
