# 1 = ball
# 2 = lepton
# 3 = photon
# 4 = PID > 100
# 5 = neutrino
# 6 = other
-0.00083866 0.000423699 -0.000942462 3
-1.28916 1.78598 4.24094 4
-0.63561 0.616769 1.79058 4
-0.740379 0.400606 9.4983 4
-0.469479 -1.37328 -0.30351 4
-0.576236 -0.830061 0.160881 4
0.145206 0.0922172 -0.167707 4
-0.125549 0.772069 0.170548 4
5.55635 -0.26612 -15.1609 4
0.846732 -0.573197 -3.3684 4
0.687038 0.113614 -2.41682 4
-0.17175 -0.35071 -1.50513 4
0.0502217 -0.295982 -0.391905 4
-0.611961 0.539373 -0.459977 4
-0.490298 -0.208428 0.605618 4
-0.208503 1.37601 2.49133 4
-0.216255 -0.397851 5.70613 4
-0.352261 0.0907212 1.25286 4
-0.55537 0.561361 2.76646 4
-1.21129 -0.50839 4.674 4
-0.748313 -1.63774 0.268573 4
-0.733652 0.442777 0.679109 4
0.171384 0.0412166 0.0237497 4
-0.194045 -0.0832625 0.399969 4
-0.0205978 0.325748 -0.129008 4
4.37605 -0.599371 -14.0388 4
-0.0322619 -0.0997797 -0.22638 4
0.161849 -0.838177 -0.159858 4
-0.155712 -0.802483 -0.245464 4
-0.125191 0.299552 0.232328 3
-0.470827 0.649606 0.451211 3
-0.411179 -0.247036 0.034051 3
-0.690176 0.19969 0.413302 3
-0.498698 0.378291 1.04145 3
-0.079964 0.0435773 0.273916 3
-0.0812757 -0.131352 0.486922 3
-0.230106 -0.0925814 0.571659 3
-0.166182 0.390721 0.0920896 3
-0.222705 0.232691 0.0910619 3
0.592256 0.0529642 0.257822 3
0.0665441 0.0437538 0.00317232 3
-0.149033 -0.0850599 -0.0398895 3
0.0112202 -0.0288672 -0.0633256 3
