# 1 = ball
# 2 = lepton
# 3 = photon
# 4 = PID > 100
# 5 = neutrino
# 6 = other
-0.147476 0.0616857 2.63162 3
0.115126 -0.0386673 0.0674746 3
-0.00103418 -0.0283395 -0.1508 3
0.00139014 -0.00316399 -0.0780046 3
0.000242687 0.000514057 -5.97503e-05 3
2.72228 2.28161 -4.35879 4
1.15755 0.734316 -0.990769 4
0.609042 -0.479084 -0.359833 4
-0.464543 -0.72943 0.918397 4
-1.09943 -0.919985 1.48251 4
-0.129842 0.194359 -0.587919 4
0.150573 -0.246234 0.0982139 4
-0.017517 -0.12688 0.541266 4
0.211945 0.426069 -0.10319 4
1.303 1.57224 -2.03147 4
-0.248618 0.0244364 0.294732 4
0.158715 -0.0585314 0.0275313 4
-0.0487987 -0.191797 0.427529 4
-0.12285 -0.169895 0.0796305 4
-0.601397 -0.650516 0.668705 3
-1.13238 -1.36306 1.55199 3
-2.99301 -3.4978 4.67081 4
0.0294822 0.0331145 0.0308543 3
0.400771 -0.0787754 0.363099 3
0.943288 1.32636 -1.99359 2
8.94659 11.1691 -14.6782 5
4.57564 4.61007 -6.08175 4
-0.108172 0.013004 0.309873 3
-0.0442339 0.0923819 0.112758 3
-0.519238 -0.534797 0.387714 3
-0.161844 -0.295835 0.176166 3
-0.828056 -0.876807 1.12717 3
-0.291913 -0.226039 0.282117 3
-0.398268 -0.258793 0.403625 3
-0.285394 -0.322949 0.297272 3
-0.18917 -0.140206 0.231851 3
-1.89957 -1.96916 2.5781 3
-3.77513 -3.68567 4.45358 4
-5.49573 -5.44854 6.80588 4
-0.11853 -0.0469318 0.05413 3
-0.203477 -0.15136 0.339821 3
