# 1 = ball
# 2 = lepton
# 3 = photon
# 4 = PID > 100
# 5 = neutrino
# 6 = other
0.120684 -0.105464 0.72303 3
3.5052 14.5784 16.1076 4
2.7677 8.28982 10.6412 4
0.627029 3.53653 3.80105 4
0.351925 0.92906 1.0447 4
0.0419063 0.735736 0.805334 4
0.364068 -0.821739 -1.33813 4
-0.697217 -2.55104 -3.7127 4
-0.627645 -5.09461 -6.23539 4
-0.585926 -0.620942 -0.590623 4
0.209081 -0.236814 -0.338992 4
-2.45631 -4.55669 -5.65047 4
-0.875502 -1.45114 -1.59252 4
-0.859545 -3.09881 -3.65508 4
-1.08101 -5.49449 -6.35952 4
-0.0898646 -0.379836 -0.239063 3
-0.400779 -0.872863 -0.700812 3
0.132055 -0.439804 -0.635369 3
-0.0229632 -0.217473 -0.36686 3
-0.0463622 -0.530914 -0.41998 3
-0.376525 -1.59689 -1.28741 3
