# 1 = ball
# 2 = lepton
# 3 = photon
# 4 = PID > 100
# 5 = neutrino
# 6 = other
-1.74515 -3.64308 4.086 4
-0.0203742 -0.462039 0.535427 4
-0.406739 -0.0455307 -0.00266884 4
-0.101409 0.0266311 -0.00701532 4
-0.303475 0.0250869 0.338543 4
-0.35023 0.592698 0.228219 4
1.60261 5.12575 -4.50659 4
-0.17093 -0.484902 0.256184 4
-0.430725 -0.181169 0.706787 4
-0.804484 0.328277 -1.18222 4
-0.108588 0.675018 -0.717888 4
-0.238309 0.266054 -0.921347 4
-0.0528856 0.713661 -1.0743 4
-2.13954 -3.57394 3.57765 4
-0.564444 -1.64636 1.66964 4
-0.0857338 -0.174741 0.253679 4
-0.655464 -1.77802 1.5735 4
-0.0856959 -0.884664 0.568628 3
-0.199153 -1.03202 0.547009 3
0.0602224 0.107546 0.0905275 3
0.0616529 0.0984747 0.325961 3
-0.122014 0.0302066 -0.421656 3
0.19805 -0.111209 0.0483129 3
10.4589 17.8005 -17.3045 4
1.70488 4.03955 -3.18314 4
-1.05749 -2.34098 2.69555 3
-0.120234 -0.305628 0.413973 3
-0.472033 -1.30013 1.14002 3
-0.229181 -0.819151 0.813732 3
0.138614 -0.0158504 -0.0345571 3
0.167763 -0.00543237 -0.223483 3
-2.60207 -7.78847 6.42347 3
-0.186193 -0.559083 0.507742 3
-0.115263 -0.21358 0.274617 3
-1.02493 -2.46345 2.50416 3
