# 1 = ball
# 2 = lepton
# 3 = photon
# 4 = PID > 100
# 5 = neutrino
# 6 = other
-0.0474036 0.0638206 -0.600952 3
0.00169725 0.00050289 0.00289021 3
5.70401 0.234903 12.9827 4
0.701917 -0.251292 0.461042 4
3.49581 0.140917 7.9429 4
0.827738 -0.35537 0.745621 4
1.12835 0.556623 2.54535 4
-0.18402 -0.623624 -0.890446 4
-1.1905 -0.0411671 -0.866092 4
-2.64066 0.21245 -5.22213 4
-2.94904 0.358977 -7.22095 4
-1.38411 0.403917 -2.52537 4
-4.78932 0.482399 -8.62577 4
-0.178386 -0.0623331 -0.460986 4
-1.56823 0.693118 -3.74372 4
4.22127 -0.587272 7.71795 3
2.61955 -0.47005 4.86263 3
-0.420053 -0.26464 -0.162284 4
-0.356353 -0.0262007 -0.34174 4
-2.45662 0.12097 -3.34113 3
-0.616215 -0.0103475 -0.749288 3
-0.07988 -0.141924 -0.88445 3
-0.0896266 0.0107711 -0.527846 3
-0.00303352 0.000463669 0.0148046 3
-0.0193722 -0.111007 -0.294144 3
-0.615479 -0.0716675 -2.42151 3
-0.0504764 -0.0224892 -0.107605 3
0.345368 -0.0380123 0.415479 3
0.00175034 0.0103353 0.0705753 3
0.327028 -0.0399618 0.494496 3
0.0512596 -0.0267431 0.227041 3
0.000510625 -0.0160393 0.308467 3
0.167647 -0.0462834 0.463633 3
0.0314826 -0.0972452 -0.276933 3
0.0133828 0.0135014 0.00778045 3
