# 1 = ball
# 2 = lepton
# 3 = photon
# 4 = PID > 100
# 5 = neutrino
# 6 = other
-0.00346481 -0.00197404 0.0553768 3
-7.22059 -0.158405 11.2698 4
-1.7149 0.182833 4.63274 4
0.75079 0.808057 -0.300214 4
0.148772 -0.224337 0.18599 4
4.74133 -0.325656 -5.7351 4
-5.68446 -0.0192712 7.45997 4
-0.36838 0.300801 1.12206 4
-0.250896 -0.116688 0.15707 4
0.0980884 0.444444 0.818606 4
0.247384 0.0639518 -0.038887 4
3.2076 0.145411 -4.0522 4
0.982367 -0.270704 -1.04501 4
-3.11352 0.171386 5.94079 3
-1.00378 0.121527 2.0118 3
0.0997831 -0.165614 -0.989841 3
-0.0257932 -0.16776 -0.6378 3
1.3362 -0.0717582 -2.95541 3
2.19522 -0.281551 -4.74863 3
-1.02735 0.118702 1.74646 3
-1.41078 0.0223697 2.24307 3
0.7965 -0.0570823 -1.7567 3
0.0191965 0.0169797 -0.0300238 3
0.330617 -0.124115 -0.533156 3
0.186753 -0.000405061 -0.436619 3
0.718813 -0.243755 -1.63389 3
0.143044 0.00714803 -0.256204 3
1.68996 -0.203261 -3.73964 3
0.791802 -0.137502 -1.57509 3
0.356595 -0.0145819 -0.601657 3
0.603096 -0.0351063 -1.40852 3
0.42163 0.02867 -0.961117 3
0.428603 0.0807265 -0.714984 3
0.178701 -0.0571081 -0.404876 3
0.872559 0.022005 -1.84277 3
0.255452 0.0935975 -0.843402 3
0.223047 0.0480266 -0.401996 3
