# 1 = ball
# 2 = lepton
# 3 = photon
# 4 = PID > 100
# 5 = neutrino
# 6 = other
-8.56508 -0.754287 -2.33235 4
-4.5882 -0.299552 -1.45363 4
-16.8435 -1.09268 -5.6393 4
-1.753 -0.218827 -0.362422 4
-1.88532 0.830519 -0.17461 4
0.481828 -0.487943 -0.642054 4
2.12708 -0.669558 0.751274 4
16.663 -1.38598 6.7383 4
-1.77524 0.0491219 -0.546253 4
-0.743317 0.115279 -0.362305 4
0.128218 0.159326 -0.613253 4
0.140134 0.769045 -0.192857 4
-1.99857 1.59659 -0.368886 4
0.229858 0.124711 -0.44033 4
-0.108888 -0.377034 -0.261605 3
-0.294538 0.12043 -0.061698 3
0.416868 0.0870147 -0.214035 3
0.127431 0.00493108 -0.115056 2
0.189137 0.00490639 -0.168541 2
1.16666 0.230289 0.640443 3
1.20201 0.375662 0.710656 3
0.239384 0.101731 0.0685193 4
1.87233 -0.217901 0.39699 4
0.673253 -0.222815 0.19491 4
1.02952 -0.0662149 0.487151 4
0.358331 -0.0031319 0.0702175 3
8.26833 0.0311512 2.27778 3
3.33333 0.146311 1.36127 3
0.69235 0.00139659 0.224718 3
-1.16561 0.267422 -0.0887427 3
-0.138639 0.0814001 -0.0195544 3
-0.142751 0.28603 -0.148029 3
-0.10908 0.424701 -0.0689952 3
0.386597 -0.0484428 0.162823 3
0.18335 -0.119005 0.119968 3
0.0968276 0.0475334 -0.0349784 3
0.105848 0.107869 0.104459 3
