# 1 = ball
# 2 = lepton
# 3 = photon
# 4 = PID > 100
# 5 = neutrino
# 6 = other
0.00517744 -0.00208475 -0.0647594 3
0 0 0.000142902 3
-2.47594 2.56821 1.68379 4
-0.424749 0.499997 0.578545 4
-4.29488 4.98594 2.69222 4
0.0467051 1.08443 -0.2222 4
-0.0229762 -0.00166324 0.116032 4
0.260018 0.428958 0.16068 4
-0.739498 3.89361 -2.12189 4
-0.601685 1.64698 -1.01481 4
-0.167989 0.434268 0.218972 4
0.0583321 0.445159 -0.792013 4
-0.302614 0.241344 0.119123 4
0.0220786 0.506038 -0.377912 4
0.639003 -0.801477 -0.263804 4
0.887444 -1.90088 -0.469027 4
3.69226 -9.85278 -0.000133055 4
0.77398 -1.39915 -0.208173 4
-1.08477 1.40047 0.516369 4
0.386418 -0.0514098 0.277114 4
0.284934 1.96309 -0.893991 4
0.756121 -0.259006 0.249837 4
0.812301 -2.74078 -0.503441 4
4.20598 -10.2645 1.09199 4
1.64469 -3.94066 -0.0246441 4
-0.0278695 0.515637 -0.0127967 4
0.376548 -0.566834 -0.070716 4
0.0465675 0.603147 -0.0923352 3
0.032466 0.712959 0.0361242 3
-0.43418 0.738298 -0.274011 3
0.465975 0.711685 -0.641616 3
-0.0383338 0.0592711 -0.157735 3
0.283062 2.48877 -1.24827 3
-0.996765 1.47748 -0.60071 3
-0.928574 1.42804 -0.43979 3
0.214183 -0.463145 -0.289828 4
0.156506 -0.175831 -0.248506 4
0.197015 -0.2857 0.165609 4
0.498394 -0.646223 0.0442971 4
-4.80115 4.65565 2.63103 3
-0.354602 0.382829 0.232688 3
0.0100388 0.796618 0.210063 3
0.04429 0.572397 0.041458 3
-0.0117148 0.144435 0.0412705 3
-0.285462 0.822138 -0.00173349 3
-0.0725918 0.426488 -0.122208 3
-0.177857 0.320043 -0.117935 3
0.156331 -0.45038 0.161468 3
0.0444212 -0.0359095 0.0610631 3
0.20501 -0.265013 0.0338665 3
1.38498 -2.42561 0.274758 3
-0.0420131 0.113394 -0.242376 3
-0.0849305 0.0681486 -0.0494734 3
-0.0488957 -0.0363968 -0.110234 3
-0.155937 -0.00423827 -0.0278698 3
-0.0380108 0.0126615 -0.00384271 3
-0.0627974 0.103465 -0.327876 3
0.0837282 -0.220923 0.0993861 3
0.00182754 -0.461464 0.298769 3
