# 1 = ball
# 2 = lepton
# 3 = photon
# 4 = PID > 100
# 5 = neutrino
# 6 = other
-0.0170428 0.00671709 -0.0746589 3
-4.72399 -4.14462 -3.59528 4
-0.308219 -0.374735 -1.19198 4
0.568668 -0.230261 1.63911 4
0.760909 0.591933 0.662396 4
-8.03167 -6.71821 -6.28372 4
-0.777784 -0.55477 -0.00114307 4
-0.310643 -0.593192 -0.629868 4
-0.106129 0.214584 -0.217499 4
0.530468 0.187682 0.494805 4
1.89396 1.52827 2.63262 4
1.74848 1.12 2.67565 4
0.60843 0.96416 1.15057 4
2.56653 2.11935 3.64673 4
0.204725 0.743774 0.648739 4
0.863155 0.248632 0.665277 4
0.910588 1.69564 1.37628 4
0.456483 0.256314 0.205649 4
-3.1863 -2.28153 -2.11121 2
-1.56032 -1.48938 -1.49922 5
-0.0318253 0.0422556 0.047416 3
0.0256429 0.134556 -0.0666185 3
-0.0690094 -0.028699 0.367248 3
0.0315985 0.0413279 0.0939984 3
0.550296 0.381359 0.174802 3
1.85447 1.59877 0.641502 3
1.07055 0.765563 0.291181 4
-0.245916 0.145045 0.0811164 3
-0.0337202 -0.0282938 -0.00259868 3
-0.171469 -0.0151326 0.0350702 3
0.0189977 -0.0092428 -0.0211429 3
0.320302 -0.0296941 0.462712 3
-0.00227792 -0.00425676 -0.00751036 3
0.0978534 0.0839982 0.0577392 3
0.0452736 0.218723 0.227496 3
-1.83088 -1.43464 -1.71581 4
8.05062 5.30331 1.76683 4
2.58892 2.52794 1.19217 4
-2.2812 -1.34885 -1.53992 4
1.12428 1.04725 0.436115 3
1.40547 1.11166 0.52748 3
-4.60826 -3.7933 -3.24252 4
