# 1 = ball
# 2 = lepton
# 3 = photon
# 4 = PID > 100
# 5 = neutrino
# 6 = other
0.000501709 2.4827e-05 -0.000234849 3
-3.53947 -5.48709 -1.88756 4
-0.936993 -1.21801 0.168229 4
0.0953944 0.273909 0.675632 4
0.465042 0.576613 0.394531 4
0.686488 1.61573 0.38864 4
2.32179 2.42934 0.83929 4
-0.202269 -0.578667 -0.116472 4
-1.31668 -1.45221 -0.872298 4
-0.618937 -0.647864 0.0273933 4
0.0540201 0.100952 -0.00268472 4
0.0838777 0.12577 -0.0326191 4
-0.115139 -0.068435 0.0351441 4
-0.287144 0.107149 -0.283975 4
-1.17712 -1.70745 -1.07404 3
-1.70601 -2.75186 -1.60887 3
-0.0880497 0.260631 -0.105638 3
0.0452962 0.251157 -0.0703305 3
5.76536 7.90757 3.81438 4
2.02311 2.28382 1.4153 4
7.47675 10.2155 4.40261 4
3.39364 5.45625 2.6236 4
0.746075 1.12487 0.485625 3
0.724549 0.947168 0.534946 3
-0.77523 -1.17545 -0.590903 3
-0.0322093 -0.0320921 0.00363697 3
0.0320317 0.00445476 0.00690653 3
-0.0906902 0.00964103 0.215406 3
-4.04489 -5.07033 -2.85552 4
-5.54758 -8.93231 -4.47402 4
-3.43552 -4.56876 -2.05612 4
