# 1 = ball
# 2 = lepton
# 3 = photon
# 4 = PID > 100
# 5 = neutrino
# 6 = other
-3.97235 6.06101 2.17065 4
1.76556 -2.07236 -2.13717 4
3.65822 -6.05409 -1.42956 4
-5.69095 8.12453 2.81813 4
-2.05872 2.45334 0.833494 4
-0.572772 0.92397 0.401211 4
0.050051 -0.164748 -0.144992 4
-0.186515 0.191929 0.277132 4
0.568942 -0.0852299 -0.753239 4
0.164428 -0.507358 -0.192779 4
6.36372 -8.92899 -2.2498 4
-9.64214 15.2874 4.86131 3
-0.00128252 0.0464672 -0.000555746 3
0.27712 -0.278713 -0.229895 4
0.747668 -0.907651 -0.224024 4
0.0314778 -0.513911 0.06707 3
0.184263 -0.687276 0.0228972 3
1.58715 -2.44871 -0.887474 4
4.23216 -6.91528 -2.39779 4
0.0408113 -0.16242 -0.0331247 3
0.23907 -0.464358 0.102958 3
0.0796336 -0.1161 0.00538484 3
1.09125 -1.44258 -0.409367 3
-0.0502284 0.0474707 0.0442101 3
-1.1523 1.93087 0.91998 3
0.0995127 0.0391702 -0.0846718 3
0.0742825 0.0134284 0.0527481 3
0.0497357 -0.161059 -0.0779341 3
0.195431 -0.352497 0.00940632 3
0.0350355 -0.0833613 0.0223064 3
0.240707 -0.189954 -0.120603 3
1.11103 -1.77178 -0.806068 3
0.44 -0.811158 -0.429813 3
