# 1 = ball
# 2 = lepton
# 3 = photon
# 4 = PID > 100
# 5 = neutrino
# 6 = other
-1.6108 0.22162 1.5729 4
-0.760817 0.61152 1.21639 4
-0.0695506 0.0732921 -0.103073 4
-0.0750694 0.208519 0.0515393 4
0.785419 -0.184902 -1.23822 4
-0.00481518 0.111515 0.1146 4
-0.00192253 0.154951 -0.357444 4
0.372574 -0.203901 -0.2842 4
-1.69282 1.59707 3.7348 4
-2.31946 1.45418 4.89094 5
-0.609385 0.334894 -0.1049 3
-0.117022 -0.323844 -0.452434 3
0.00238954 -0.0412916 -0.00304497 3
0.267745 -0.591911 -0.485788 3
0.122182 -0.116152 -0.0979721 3
0.500133 -0.52601 -0.505924 4
1.03614 -0.833224 -1.81481 4
-0.362593 0.40687 -0.255992 3
-0.517145 0.525836 -0.18416 3
1.65857 -1.23385 -3.62491 3
0.518393 -0.295588 -1.03754 3
-1.85998 1.10235 2.62884 5
-10.183 6.98339 22.1252 4
-0.104432 0.199814 -0.176041 3
-0.0537614 0.489023 -0.484461 2
-0.00113008 0.0114682 -0.0108727 2
0.259071 -0.230686 -0.597445 3
-0.00275259 -0.0710665 -0.109103 3
0.411686 -0.333741 -0.730177 3
0.0870884 -0.16882 -0.227062 3
0.02879 -0.0444628 -0.050401 3
0.502264 -0.206491 -0.996354 3
-0.00803333 -0.0867097 -0.127566 3
0.213981 -0.231022 -0.45594 3
2.82474 -1.9612 -4.60051 4
9.90079 -6.1932 -15.8737 4
0.144558 -0.122123 -0.159423 4
0.205045 -0.214023 -0.377896 3
0.512971 -0.272096 -0.80794 3
