# 1 = ball
# 2 = lepton
# 3 = photon
# 4 = PID > 100
# 5 = neutrino
# 6 = other
-0.000940287 -3.20416e-05 -0.000390187 3
0.149498 0.0537741 -0.842408 4
-0.208812 0.455777 -3.21121 4
0.986905 0.592331 0.254557 4
0.488266 0.411498 0.733711 4
0.261343 0.244845 -1.79496 4
-0.0345098 0.0732099 -0.0387574 4
-0.040495 -0.196282 -1.02223 4
-0.615946 0.716915 -0.34989 4
0.0706176 0.007951 0.0782754 4
-0.46117 -0.244548 0.0434104 4
-0.0483859 0.0182535 -0.390628 3
0.290528 -0.0540338 -0.116587 4
-0.211095 0.00173881 -0.0103321 4
0.498719 -0.454168 0.0287061 3
0.154511 -0.135104 -0.0663121 3
-0.0439608 0.0782439 2.17432 4
0.0714675 -0.0221565 0.134384 3
-0.152795 -2.84215 13.5414 5
-0.0904375 0.460244 0.862912 2
-0.606027 0.204924 -1.22673 3
-0.130399 0.0247593 -0.149425 3
-0.0358178 0.201703 -0.0465242 3
-0.0228539 0.0916004 -0.135623 3
-0.000643387 0.0391969 -0.234738 3
0.0234767 -0.0278935 -0.00300182 3
0.255483 -0.259566 1.70143 4
1.29332 -2.23809 11.8276 4
-0.322737 1.32894 -8.37848 4
-0.0377047 -0.10778 -1.92627 4
-0.667069 2.84138 -17.0799 4
-1.86033 1.00667 -4.29029 4
1.16773 -1.63315 9.49838 4
-0.0357338 -0.0429505 -0.0722832 3
-0.225575 -0.025292 -0.807093 3
0.0889967 -0.192457 0.353367 3
0.052581 -0.378301 0.961666 3
