# 1 = ball
# 2 = lepton
# 3 = photon
# 4 = PID > 100
# 5 = neutrino
# 6 = other
-0.00838086 -0.00953441 -0.0357863 3
-0.00593383 0.00723809 0.0652285 3
-2.93577 6.02307 4.29087 4
0.221336 -0.00212619 0.339498 4
0.100548 0.479842 0.0909241 4
0.0484438 -0.0107663 -0.197437 4
0.951911 -0.717261 -1.30348 4
-1.34497 3.16233 3.17595 4
-0.69191 1.06824 0.777683 4
-1.69254 2.85727 1.18181 4
-1.64396 1.9708 1.33146 4
-1.36305 2.83744 1.59348 4
-0.518526 0.444821 0.253732 4
-0.142073 -0.162413 0.0657315 4
-0.891557 0.0816686 0.440814 4
1.94106 -2.68556 -1.39689 4
3.07962 -6.34302 -3.1748 4
6.17737 -9.74736 -6.71684 4
-0.51943 0.58893 -0.090994 4
6.9104 -10.0222 -6.79435 4
-3.98209 4.77115 2.95153 4
-0.132938 0.235917 0.18903 3
0.402356 -1.83734 -0.913596 3
0.209789 -1.26109 -0.723111 3
-0.524586 1.60603 1.18549 3
0.00349951 0.0565061 0.0252102 3
-3.44995 5.96225 3.02618 3
-0.16157 0.332465 0.144736 3
0.0145919 -0.00853624 0.00709159 3
-0.0516913 0.321276 0.210826 3
