# 1 = ball
# 2 = lepton
# 3 = photon
# 4 = PID > 100
# 5 = neutrino
# 6 = other
-0.00040878 0.00739812 -0.0816926 3
0.30646 -0.727876 -0.841922 4
1.02444 0.34025 -0.528756 4
1.21104 -0.903304 -1.25693 4
-0.391621 -1.12313 -1.21919 4
0.149832 0.00760221 -0.468274 4
-4.48624 -2.96447 -6.64818 4
-0.597596 0.141364 -0.399094 4
-0.865655 -0.592258 -1.22357 4
0.60594 0.711913 -0.10494 4
0.631088 -0.0760513 0.554321 4
0.352409 1.19536 3.19565 4
-0.0211105 1.38741 2.19438 4
4.90616 5.81128 9.21991 4
0.661314 0.472299 -0.258528 4
-0.671635 -0.344911 -0.296664 4
-0.764211 -1.02698 -1.59183 4
-3.78277 -2.25297 -5.07774 4
-0.175538 0.167443 -0.122682 4
-0.087493 0.502851 0.675897 4
0.748148 0.660635 5.56109 4
1.81285 1.84286 5.57581 4
0.143972 0.166407 0.26916 4
0.682724 0.473663 1.02827 4
1.00123 0.987668 3.02014 4
-0.855327 -0.155461 -0.791788 4
0.684001 -0.516179 -0.575141 3
0.329579 -0.147728 -0.283387 3
1.42579 -0.514286 -1.14839 4
0.16617 0.0111278 -0.18429 4
-0.268595 -0.093185 0.103085 3
-0.0632232 -0.111473 0.0397686 3
-0.238533 0.0435532 -0.0560414 3
-1.76299 -0.705484 -1.70777 3
0.0432986 -0.0513628 0.00926974 3
-0.0196253 -0.0828816 -0.14158 3
0.0122285 0.0599143 0.018621 4
-0.226243 -0.0225571 -0.122266 4
-1.16789 -1.12722 -2.44605 3
-0.0846559 -0.12184 -0.175621 3
0.0184576 -0.0937659 0.00901866 3
-0.182135 -1.10936 0.344973 3
1.23197 0.00812592 -0.440527 3
0.417218 0.0672407 -0.200332 3
-0.306583 -0.236602 -1.02333 3
-0.0159692 -0.0136597 -0.00675718 3
-1.75478 -0.816705 -2.83031 3
-0.62151 -0.274631 -1.14025 3
-0.0349864 0.0982093 -0.191288 3
0.0829872 0.0356385 -0.218067 3
0.122477 0.0138842 0.262158 3
0.0419372 0.0270993 0.505212 3
0.0358384 0.037252 0.0471866 3
-0.0724227 -0.0508089 0.0641334 3
0.00429542 0.228437 0.378547 3
0.216737 0.578181 1.17601 3
-0.00782692 0.299346 0.567988 3
-0.0250321 0.0390109 0.245602 3
0.291177 0.0868009 -0.194797 3
0.526654 0.00481719 -0.462332 3
-0.235111 -0.0965013 -0.350889 3
-0.10071 -0.161401 -0.25501 3
