# 1 = ball
# 2 = lepton
# 3 = photon
# 4 = PID > 100
# 5 = neutrino
# 6 = other
-0.00162927 0.0223326 -0.10867 3
-0.0034374 0.000837636 0.00446699 3
-3.87291 5.58794 -6.29127 4
1.65613 -3.69977 2.10696 4
0.536335 -2.00129 1.39745 4
1.23077 0.275703 2.47827 4
0.895672 0.256011 2.45499 4
0.125291 0.122914 0.693874 4
0.705875 0.6355 0.964222 4
-0.377959 0.353002 0.921826 4
0.086241 0.579841 0.261075 4
0.0662285 -0.0953496 -0.143841 4
0.101985 -0.525832 0.814591 4
1.15584 -2.21514 1.82297 4
0.423335 -0.654303 0.421394 4
-0.88005 1.06916 -1.41331 3
0.206154 -0.603251 0.451623 4
0.48194 -0.953963 0.708311 4
0.646583 -1.03686 0.529114 4
5.76989 -10.822 7.32116 4
0.617594 -0.216048 0.552506 4
0.386409 -0.337603 0.85511 4
-0.181418 0.237282 -0.0647146 3
-0.251237 0.330384 -0.262303 3
-0.258786 0.176505 -0.385043 4
0.187743 0.239638 -0.720092 4
0.563504 -1.87741 1.2884 3
0.00823273 -0.0299321 0.00239961 3
0.219832 -0.289393 0.240557 3
0.0633488 -0.0563163 -0.00906801 3
0.383192 -0.954626 0.555013 3
-0.0081936 -0.00833059 -0.000458632 3
0.0721262 -0.214116 0.173537 3
0.00334486 0.0188041 0.000691271 3
0.160866 0.0619859 0.432337 3
0.0697889 -0.0420362 0.0884494 3
0.15716 -0.00393346 0.623825 3
0.270235 -0.0649723 0.58245 3
0.0663847 -0.0791938 0.0926325 3
0.287681 -0.139158 0.615442 3
0.346706 0.057757 0.569695 3
-0.00544885 0.0191194 0.0629083 3
0.0140503 0.00531826 -0.0230749 3
-0.239374 -0.128935 -0.152892 3
-0.176672 -0.180749 -0.158344 3
-0.161451 -0.0783638 -0.0116224 3
-0.0445517 0.0102942 -0.072569 3
-0.263879 0.0341956 -0.0233227 3
0.148834 0.0116513 -0.268632 3
0.086495 0.0712546 -0.0611025 3
-2.72301 4.37008 -4.21998 4
-5.83614 8.61 -10.9444 4
-0.514573 0.658763 -0.819712 3
-2.40107 3.4926 -3.93381 3
