# 1 = ball
# 2 = lepton
# 3 = photon
# 4 = PID > 100
# 5 = neutrino
# 6 = other
0.00159886 -0.000601817 0.000479704 3
-6.55703 4.34515 0.747159 4
-8.00032 5.11355 1.38515 4
-3.58947 1.86259 1.2906 4
-0.00482123 -0.536927 -0.244489 4
0.885719 -0.25101 0.0310586 4
4.82124 -2.53847 -0.491581 4
1.9191 -1.8487 -0.775224 4
-0.624698 0.411152 0.279489 4
-5.28378 2.78221 1.45253 4
-2.3196 1.20357 0.877023 4
-2.24684 0.921471 1.31926 4
-2.44829 1.24393 0.324755 4
-0.198233 0.125139 0.326614 4
0.474957 0.203781 0.235246 4
0.947865 -0.537588 -0.699961 4
4.38996 -1.99604 -1.45212 4
17.7798 -9.48073 -3.04532 4
-5.78151 3.31758 0.959211 4
0.0267127 -0.0457719 -0.12133 3
0.0195923 -0.138281 -0.0228705 3
-0.151261 -0.156781 -0.0587673 3
-0.270403 -0.104342 -0.179394 3
0.423421 -0.872609 -0.704559 3
0.100192 -0.0941973 -0.0878567 3
0.819055 -0.341828 -0.233195 3
2.25202 -1.03441 -0.438202 3
2.00589 -1.12583 -0.526292 3
0.609111 -0.425993 -0.147357 3
