# 1 = ball
# 2 = lepton
# 3 = photon
# 4 = PID > 100
# 5 = neutrino
# 6 = other
0 0 -0.000178766 3
-0.356235 -0.134633 -0.105751 4
-1.88936 -1.52204 1.44029 4
0.0138023 -0.10814 0.0779628 4
-0.714969 -0.0492623 0.149127 4
-1.83463 -1.34388 2.22181 4
0.113288 0.0903715 0.0969669 4
-0.236244 -0.163371 -0.828032 4
-0.0170633 -0.0115171 -0.00607434 3
-0.160515 -0.351176 0.469229 3
-1.79662 -0.303196 1.52062 4
0.70057 0.201165 -0.911105 3
0.89072 0.164023 -0.742615 4
-5.07151 -1.97952 5.37896 2
-1.20672 -0.0267752 1.01713 5
-11.2461 -3.00633 12.5462 4
-0.51567 0.0800557 0.877885 4
-1.84817 -0.500962 1.33556 4
6.57254 1.85039 -5.6836 2
0.73042 0.0350502 -1.12996 5
1.20093 0.519839 -1.35912 4
0.247134 0.0941305 -0.310942 3
0.0392353 0.00426392 -0.0255512 2
0.299236 0.0226412 -0.21252 2
8.3587 2.98457 -7.93155 4
-1.73834 -0.443222 2.30349 4
-1.38 0.092232 1.08837 4
0.766569 0.285594 -0.997811 3
2.17695 0.69595 -2.48539 3
1.10426 0.255924 -0.9766 3
1.60263 0.273696 -1.57781 3
3.7053 1.57527 -3.30767 4
0.501515 0.30199 -0.628433 3
0.988335 0.416863 -1.30287 3
