# 1 = ball
# 2 = lepton
# 3 = photon
# 4 = PID > 100
# 5 = neutrino
# 6 = other
-0.00416175 0.00343487 0.250126 3
-0.0898108 -0.682189 1.15291 4
-0.121328 0.407914 1.26613 4
-0.315853 0.0397605 0.27929 4
-2.99523 1.67174 0.875338 4
-0.733595 0.208719 0.173156 4
-2.99768 0.548875 1.36947 4
-1.16313 -0.351095 0.0478087 4
0.117584 0.320291 -1.61959 4
0.214062 0.141569 -0.5689 4
0.81884 0.435254 -1.43667 4
0.036445 -0.0307656 -0.294888 4
0.26467 -0.102332 -1.27973 4
9.34515 -3.2489 -0.14644 4
1.93323 -0.418686 0.156713 4
0.246205 -0.0178252 -0.315133 4
1.52765 -0.59028 1.27515 4
0.0402613 0.0558003 0.0445919 4
0.48348 -0.990847 1.08976 4
0.100124 0.0887411 0.222602 4
0.203857 -1.62014 3.40733 4
-0.0419991 -0.040373 0.813919 4
-0.292895 -0.277435 0.475948 4
-1.17082 0.329026 1.58182 4
-0.190869 0.3209 0.242145 4
-0.700411 0.55536 0.565974 4
-2.68024 0.660778 1.46092 4
-1.68354 -0.337217 -0.562137 4
-0.680908 -0.00481943 -0.210433 4
-0.150596 -0.0544839 -0.11069 4
0.520404 -0.386322 -0.806288 4
0.208576 0.0956895 -0.251123 4
1.31058 0.0953146 -3.95018 4
-0.57501 -0.159017 0.167144 3
-0.0772223 0.00347946 0.169355 3
-0.0719727 -0.11497 0.0247905 3
-0.199458 -0.0651589 0.132967 3
-0.702577 -0.415242 2.09787 4
-0.0970767 0.0158496 0.24985 3
-0.0607238 0.0609597 -0.0151433 4
-0.566166 0.0916151 -0.0376314 4
-0.80492 0.556723 0.271549 4
-0.699958 0.544104 0.610384 4
-0.105294 0.0297315 0.045851 3
-0.681893 0.584081 0.404303 3
-0.0257105 0.0429425 -0.0810758 3
0.0825796 -0.0493836 -0.130985 3
-0.0273696 0.0413986 -0.16359 4
-0.0702821 0.118973 0.0639276 4
-0.059019 -0.0340165 -0.316367 4
0.136302 0.178577 -0.333514 4
0.424505 0.160032 -0.830765 4
0.531183 0.377391 -0.802334 4
0.0811496 0.226164 -0.255103 3
1.43594 0.41902 -4.91495 3
0.462964 0.0767113 -1.72504 3
3.80284 -1.18549 -0.0940921 3
0.457065 -0.122394 -0.0536578 3
0.055741 0.352671 -0.708582 3
0.0514117 0.12968 -0.139349 3
0.0482695 0.237457 -0.425053 3
0.17339 0.196126 -0.53761 3
-0.0626063 -0.264555 0.299257 3
0.0473775 -0.296754 0.221498 3
-0.628778 -0.157949 0.597505 4
-0.0770664 -0.405458 1.51746 4
-0.299463 -0.0283943 -0.046041 3
-0.123244 0.0745069 0.00159471 3
-1.76408 1.08739 1.026 3
-0.905475 0.450994 0.474616 3
-0.176726 0.106538 -0.0840385 4
-0.0382545 -0.104414 0.0242751 4
-0.0989202 0.219617 -0.763349 3
0.00405796 0.207245 -1.00523 3
0.0184023 0.0222401 -0.0130477 3
-0.171961 -0.034472 -0.122536 3
