# 1 = ball
# 2 = lepton
# 3 = photon
# 4 = PID > 100
# 5 = neutrino
# 6 = other
-0.00625545 -0.182981 -0.806774 3
1.06071 -0.23808 -0.420959 4
0.87995 -0.25774 0.177053 4
0.776053 -0.061131 0.137065 4
2.59504 1.50082 1.04581 4
0.14041 -1.02476 -1.09204 4
-0.0289498 -0.198516 0.0661943 4
-0.696937 0.100476 0.287428 4
-0.734071 -0.27953 -1.10017 4
0.789664 0.19308 0.947644 4
5.06523 3.41916 4.47939 4
0.720654 0.25464 0.511641 3
0.17073 0.102475 0.206812 3
1.73079 0.74659 1.79719 3
0.789289 0.300565 0.694864 3
1.54923 -0.314435 -0.64453 3
0.101872 -0.0455499 -0.075199 3
0.369174 0.0909078 -0.215411 4
0.353462 0.0175715 -0.115216 4
-0.546058 -0.218678 -0.330765 3
0.0370196 -0.302143 0.210702 3
0.0823471 -0.0719975 0.05142 3
0.00393239 0.0221145 0.0189578 3
-0.00144959 0.236653 -0.237006 3
0.024682 -0.0365562 0.0105365 3
-0.117313 -0.396441 -0.116499 3
0.808186 0.347761 0.64978 2
4.88208 2.8801 4.10743 5
1.38188 0.754441 1.47745 4
1.24441 0.443075 0.906495 4
1.73598 1.19169 1.33309 4
3.68502 2.32209 2.88729 4
0.108315 0.0506422 -0.0996289 3
0.0311944 0.14428 -0.0403781 3
-2.87884 -2.17509 -2.5268 4
0.93889 0.682498 0.532645 4
0.554397 0.302396 0.291236 3
0.158513 0.139893 0.0324656 3
-0.0116688 0.0325316 0.0574878 3
0.241851 0.131144 0.250744 3
-1.82916 -0.672723 -1.00729 4
-6.84471 -3.92925 -3.57721 4
-4.68079 -1.45245 -2.83756 4
-4.59831 -1.60836 -2.80427 4
-6.70801 -2.15439 -3.13592 4
-0.00878307 -0.00644919 -0.0174818 3
-2.7178 -0.772029 -1.73626 3
-0.462882 0.0396317 -0.137953 3
-0.138962 -0.0479546 -0.0934992 3
