# 1 = ball
# 2 = lepton
# 3 = photon
# 4 = PID > 100
# 5 = neutrino
# 6 = other
0 0 0.000142019 3
0 0 -0.0002304 3
-0.299363 0.351099 -0.329871 4
-1.51392 1.40025 -1.69591 4
-0.601364 -0.044286 -0.459691 4
-0.0842587 0.526633 0.111392 4
-0.969112 0.710373 -3.81036 4
1.27693 -0.664356 -0.152289 4
0.037336 -0.0510357 0.077557 4
0.481235 -0.058493 0.237243 4
4.23682 -2.46704 3.70239 4
-0.122692 -0.12704 0.0307766 4
-1.8999 0.944723 -1.27644 4
-0.578095 -0.270837 0.865596 4
0.961014 -0.939836 1.25209 4
0.0703057 0.0509296 0.0761622 4
5.31211 -3.29091 5.4448 4
-1.99141 1.12314 -1.64844 4
-9.14741 5.44116 -7.09034 4
0.0579721 0.0832473 -0.179282 3
0.0533654 -0.0347551 -0.028005 3
-0.299565 0.167796 -0.272739 4
-0.584905 1.32915 -1.09949 4
3.83239 -2.72395 3.80329 4
3.34616 -2.43925 3.22844 4
-1.53015 1.03197 -1.49419 3
-3.5719 2.65929 -3.64316 3
1.31721 -1.06016 1.23886 3
0.345637 -0.270856 0.240419 3
-0.77244 0.473623 -0.622254 3
-4.04665 2.71166 -3.05389 3
-0.120493 0.0928091 -0.258117 3
-0.179372 0.319841 -0.373535 3
4.627 -3.21784 4.72971 3
2.35752 -1.75706 2.44936 3
