# 1 = ball
# 2 = lepton
# 3 = photon
# 4 = PID > 100
# 5 = neutrino
# 6 = other
4.76973 -2.88763 0.735387 4
-0.441375 -0.134711 -0.122538 4
-0.777597 0.261933 -0.157872 4
-1.28367 0.631191 0.255839 4
-0.578516 0.300286 0.0459774 4
-0.838108 0.509902 0.666122 4
-1.19017 -0.361093 1.70339 4
-0.241985 0.141038 -0.21455 4
-2.22904 1.99129 -1.07159 4
-1.43983 0.8351 -0.892473 4
-3.02296 1.90123 -1.45485 4
-0.570529 0.656643 -0.0675149 4
-1.70869 -0.13774 0.812818 4
-0.247767 0.214152 0.0640881 4
-0.453523 -0.303199 -0.171626 4
-0.163444 0.312844 0.257963 4
-10.9653 8.50918 -5.89911 4
3.04838 -1.44521 -0.0721635 3
20.1082 -9.52868 -0.129308 3
-0.110454 0.161762 -0.136926 4
-0.704942 0.283142 0.204353 4
-0.570162 0.320784 0.37671 3
-0.8071 0.401624 0.350783 3
-1.58382 -0.372795 0.744299 3
-0.313418 -0.120545 0.199876 3
-1.72335 1.09991 1.18631 3
-1.23079 0.301823 0.881748 3
3.03654 -1.57739 -0.123923 3
4.83037 -2.67241 -0.291785 3
-0.0304717 -0.0370006 0.141423 3
-0.371554 -0.0930411 0.477668 3
-0.957178 0.147135 1.08158 3
-0.593431 0.199307 0.724504 3
-0.476252 0.298785 -0.107888 3
-0.167825 0.192389 0.00327993 3
