# 1 = ball
# 2 = lepton
# 3 = photon
# 4 = PID > 100
# 5 = neutrino
# 6 = other
-0.00220366 0.000781981 0.0616871 3
-0.300541 -0.258896 1.10253 4
0.0104028 -0.874432 0.853174 4
0.941389 -0.0383208 0.530224 4
0.630039 -0.129345 -1.0443 4
1.37753 0.695398 -2.48431 4
0.355984 0.820294 -1.01133 4
2.13255 2.02022 -4.71138 4
0.255666 1.08045 -2.81173 4
-0.805797 -1.17847 3.06494 4
-0.574757 -1.5436 2.30233 4
0.112748 -0.48831 -0.256508 4
0.449464 -0.0707541 -0.394883 4
0.214617 0.619623 -0.436704 4
0.318429 3.81645 -6.6994 4
0.204923 0.322633 -0.706739 4
0.103053 0.0317268 -0.412872 4
-3.91025 -5.38159 11.5127 4
-4.73091 -6.08204 13.1739 4
-0.00736875 0.00989774 0.070695 3
-0.0540211 -0.114815 0.0108621 3
-0.0538837 -0.710129 1.86384 4
-0.2589 -0.399897 0.536201 4
-0.377627 0.071739 1.05871 4
-0.356397 -0.285072 0.464108 4
1.936 -0.199845 -2.87343 4
0.0829521 0.0579509 -0.0843962 3
0.168678 0.0208159 -0.0716541 3
0.124539 0.125229 0.00203709 3
0.379243 1.07762 -1.35247 3
0.0939957 0.289867 -0.478178 3
0.67379 2.57609 -4.08314 4
0.407777 1.07354 -1.745 4
0.536426 1.09291 -1.87946 3
-0.0678439 0.540914 -1.28419 3
0.0419169 0.2579 -0.484491 3
-0.0601033 -0.161485 0.48232 3
-0.00886782 0.0274929 0.110666 3
-0.221284 -0.131522 0.553887 3
-0.113484 -0.014368 0.109168 3
-0.036076 0.116372 -0.150184 3
0.0737382 0.576862 -1.00296 3
-0.00314357 0.00165403 0.00922547 3
0.0888738 0.164196 -0.457311 3
-0.0100314 0.0962566 -0.177802 3
0.23876 0.478031 -0.778347 3
