# 1 = ball
# 2 = lepton
# 3 = photon
# 4 = PID > 100
# 5 = neutrino
# 6 = other
-2.09943 -3.28716 0.160439 4
-0.799536 -0.476952 -0.48761 4
-0.279659 -2.28198 -0.228505 4
-0.323457 -0.327161 -0.326701 4
1.92787 2.08422 -0.038035 4
0.178251 0.86637 0.247957 4
1.09922 4.42639 -0.319238 4
3.40607 6.86559 -1.00467 4
-7.50923 -10.1974 2.54795 4
-2.07273 -2.45047 0.835762 4
-1.82148 -3.74041 -0.380585 4
-1.0426 -2.56762 0.901209 4
0.00715699 -3.9594 0.161327 4
0.949074 -0.984293 0.0539554 4
0.364082 1.32606 -0.345416 4
0.273559 0.700742 -0.179227 4
1.13912 1.91391 -0.456042 4
1.67525 2.66642 -0.80009 4
3.08047 5.96906 -1.43982 4
4.54599 7.2246 -1.45293 4
-0.201226 0.678996 0.222793 4
-0.18741 -0.317467 0.0819095 3
-1.27541 -2.06977 0.898364 3
-1.36592 -2.64397 0.601006 3
-1.75876 -2.28777 0.749106 3
-0.128725 -0.165055 0.0379209 3
-0.00705674 0.0256302 -0.00272214 3
0.050629 0.0603935 -0.159152 3
-0.0691892 0.00630044 -0.0841473 3
0.0669562 0.242441 0.0890973 3
0.361568 0.518193 0.235781 3
0.142561 0.189947 0.0253884 3
1.674 1.99159 -0.145126 3
