# 1 = ball
# 2 = lepton
# 3 = photon
# 4 = PID > 100
# 5 = neutrino
# 6 = other
-0.000387993 0.00117991 -0.00497439 3
0.735259 -0.39612 0.879844 4
0.0712888 -0.624756 0.0607619 4
0.776731 -0.149566 0.862087 4
0.0495597 -0.126117 -0.236511 4
-0.0932328 -0.353763 -0.151898 4
-0.0542312 0.498924 -0.470358 4
-0.519612 0.110359 0.139593 4
-1.23716 0.960862 -0.840622 4
-0.234141 0.252584 -0.274707 4
0.1372 -0.303119 -0.349684 4
-0.288478 -0.0114298 0.323623 4
-1.30808 0.450883 -0.522418 4
0.161785 0.101238 -0.156305 4
-0.796922 1.07923 -1.35939 4
-0.465642 0.0843424 -0.169389 4
-0.164289 -0.013006 0.036916 3
-0.259155 -0.152054 0.201545 3
-0.981633 0.097768 -0.290225 3
-1.31364 0.13053 -0.228046 3
-1.89347 0.443309 -0.336132 3
-0.735288 0.12405 -0.199761 3
-0.23336 0.125951 -0.229631 3
-2.22674 0.936374 -2.55402 3
-0.434584 -0.135504 -0.412354 4
0.0112038 0.203312 -0.113451 4
-0.0496913 -0.244545 -0.891074 3
-0.0844227 0.233776 -0.279299 3
0.0377843 0.0527747 -0.093118 3
-0.464469 0.522578 -0.735169 3
-0.513518 0.43987 -0.857583 3
2.55805 -7.41039 10.8299 4
1.5212 -3.12599 2.76259 4
2.84051 -4.89774 4.68415 4
0.645659 -0.983084 1.79429 4
-0.0396754 -0.0326827 -0.03563 3
-0.177766 0.0999745 -0.351621 3
-0.283259 7.01632 -6.60473 5
-0.728409 1.09315 -1.56592 2
0.918555 -1.93898 2.56522 4
1.60824 -2.2503 3.33495 4
-0.00142809 0.311557 -0.425494 3
0.634309 -0.974052 1.59698 3
0.0606465 -0.110966 0.258893 3
0.950446 3.70329 -3.27475 2
1.52618 2.91626 -3.50254 5
0.338071 2.24372 -2.81457 4
