# 1 = ball
# 2 = lepton
# 3 = photon
# 4 = PID > 100
# 5 = neutrino
# 6 = other
-0.00171193 -0.00767731 0.0759025 3
-1.27684 -1.20188 0.781357 4
0.125443 -0.179418 0.363337 4
-1.31781 0.60713 -0.100481 4
-1.61814 1.27553 0.0916252 4
-2.12871 1.0464 0.0947075 4
-0.721369 2.14133 -0.319617 4
0.0674401 -0.0988877 -0.382898 4
-0.120257 -0.338443 1.21854 4
-1.09527 -1.00609 1.2011 4
-0.762025 -1.70288 2.41576 4
0.505359 -0.911345 0.606889 4
0.183687 0.0678996 0.00113664 4
1.12624 -0.0039438 -0.552356 4
-0.0381362 0.0788359 -0.267785 4
-0.662173 0.43344 0.239567 4
-1.10828 -0.823236 1.65661 4
-0.0783686 -0.124505 0.199499 3
-0.0925173 -0.270844 0.48021 3
-0.15418 -0.287589 0.32649 3
0.132661 -0.0862185 -0.128946 3
0.0654405 -0.157564 -0.0312177 3
0.724943 -0.223223 0.607072 3
0.104833 -0.00871986 0.150621 3
0.14975 0.109636 -0.159234 3
-0.043934 -0.161248 0.143777 3
-0.702377 -1.78547 2.22763 3
0.132008 -0.109388 -0.134892 3
0.0369058 -0.108802 0.00584143 3
-2.77673 -4.09341 2.74079 4
3.17997 3.1575 -3.63576 5
4.8337 4.26297 -9.24792 2
1.96465 2.48678 -2.68348 4
-0.300494 -0.432909 0.480521 3
-0.207019 -0.447949 0.593025 3
0.0224418 -0.0503879 0.0248359 3
-0.176184 -0.209545 0.214716 3
-0.0117286 0.0183503 0.131197 3
0.0314844 -0.0314794 0.0495686 2
0.0328038 -0.0521347 0.0443163 2
-0.0330409 -0.0224048 0.0974702 3
0.0637482 0.0218038 0.00628071 3
-1.66851 -4.14338 5.65279 4
-1.29708 -1.96713 2.12272 4
-1.09686 -1.88264 2.24578 4
1.08629 1.1081 -1.48742 4
1.41167 1.9679 -2.72372 4
0.559486 0.698114 -0.733023 3
2.91761 3.83681 -4.32924 3
0.77775 0.935906 -1.38041 3
0.41897 0.582018 -0.957735 3
-0.597158 -1.09396 1.13026 3
-0.56839 -0.811753 0.834193 3
