# 1 = ball
# 2 = lepton
# 3 = photon
# 4 = PID > 100
# 5 = neutrino
# 6 = other
1.21611 -2.18866 1.58929 3
0.00199932 0.00221968 0.811452 3
0 0 -0.000468832 3
-0.236973 -0.0420903 -0.6379 4
0.45045 -0.0365616 -1.09526 4
0.203369 -0.335875 1.19532 4
-0.0188645 1.8391 6.47003 4
-0.583007 1.50213 4.37767 4
-0.91919 2.70105 8.02389 4
-1.40637 2.01887 5.57176 4
1.20265 -3.53982 -12.8322 4
0.194561 -0.130032 -0.299144 4
-0.0216703 -0.637463 -1.90188 4
-0.123663 -0.0516641 -0.188269 4
0.121754 1.72962 5.60047 4
-0.198473 2.29352 5.90063 4
0.756235 -5.40109 -20.8417 4
-0.0825946 -0.143272 -0.194729 4
-0.307793 -0.164625 -0.947463 4
-0.0183708 0.0214804 -0.000194525 3
-0.263554 0.230576 0.565244 3
-0.0894417 -0.950805 -3.50119 3
-0.0274161 -0.0346481 -0.114531 3
0.14688 0.35505 0.0368284 3
0.171096 0.162285 -0.0165811 3
-0.0862533 0.104921 0.414064 3
-0.271387 0.844971 2.4278 3
0.117412 -0.0591241 -0.105378 3
0.0725022 -0.0900659 -0.30754 3
