# 1 = ball
# 2 = lepton
# 3 = photon
# 4 = PID > 100
# 5 = neutrino
# 6 = other
1.32065 -3.25407 0.981432 4
0.418071 -0.915695 -0.148925 4
-0.326455 0.160557 -0.82602 4
0.0103365 -0.933208 0.680431 4
-0.067663 0.900391 -0.0427797 4
-1.75115 8.5637 -2.0541 4
1.38361 -6.18562 1.6605 4
0.379028 -1.29156 0.598146 4
-0.106777 -2.20498 0.236626 4
0.217261 -0.335607 -0.257958 4
-0.342867 0.616035 -0.631446 4
0.00491014 3.80199 -0.552323 4
-0.0998799 0.599749 -0.399457 4
2.70641 -13.3721 3.03089 4
0.0672188 -0.144837 -0.0151336 3
0.194501 -0.843709 0.176178 3
-0.0080266 -0.097416 -0.00337301 3
0.201185 -2.45073 0.460633 3
0.29212 1.69082 -0.541921 4
-0.0108331 0.259022 -0.135581 4
-0.33592 1.74853 -0.293399 3
-0.183579 0.608618 -0.152707 3
-0.278644 0.955694 -0.148231 4
-0.909721 3.08108 -0.845102 4
-0.235319 1.31377 -0.177131 3
-0.0983169 0.184823 0.24035 3
0.00644941 -0.0107976 0.0786013 3
0.0271304 -0.622091 0.117422 3
0.0640244 -0.199494 0.0455466 2
0.0544381 -0.154605 0.0309688 2
-0.0148612 -0.22767 -0.0101063 3
0.160737 -0.485299 0.027929 3
0.07685 -0.673042 0.185447 3
1.12787 -7.44184 2.43101 3
0.0892657 0.171224 -0.00199693 3
0.235393 0.249431 -0.160865 3
-0.00419134 0.318447 -0.145688 3
0.0108767 -0.00939473 -0.0225015 3
-0.358117 1.07686 -0.260466 3
-0.0189667 0.231387 -0.0272837 3
-0.233907 0.775893 -0.0962902 3
-0.36503 1.60522 -0.352775 3
-0.118412 1.1499 -0.311699 3
-0.112843 0.371156 -0.129155 3
-1.24482 6.78291 -1.74761 4
-1.65101 4.04936 -0.222159 4
-0.18015 0.543196 -0.276321 3
0.00913195 0.0439702 0.00838326 3
