# 1 = ball
# 2 = lepton
# 3 = photon
# 4 = PID > 100
# 5 = neutrino
# 6 = other
-0.448793 0.329579 -0.187361 4
1.22688 -0.35324 0.253848 4
3.46229 0.221208 0.650084 4
-0.755657 0.444288 -0.320372 4
-0.931776 -0.246011 -0.0103867 4
0.0083741 -0.27899 -0.675607 4
0.284522 -0.102878 0.108245 4
0.255645 0.175492 0.177121 4
0.938746 -0.250847 -0.160064 4
-0.59262 0.0502251 -0.125 3
12.3902 -2.32543 2.94764 5
1.37574 -0.44276 0.104653 2
2.98883 0.127836 0.590125 3
-1.37309 0.130403 -0.220284 4
-6.863 0.346883 -1.47888 4
1.16612 -0.12503 0.189846 2
8.77107 0.13758 0.722198 5
10.9451 0.740513 2.62099 4
-8.8943 0.46825 -1.91047 2
-7.41805 0.686177 -1.32455 5
-2.08537 0.506046 -0.277624 4
-2.00058 -0.450383 -0.350652 4
-0.0482388 -0.0103938 -0.0344529 3
-0.86071 0.00160414 -0.0357682 3
-6.05461 0.196174 -0.554049 4
-4.14056 -0.00636056 -0.377545 4
-0.330974 0.0623063 -0.100346 3
-1.01513 -0.0322437 -0.221342 3
