# 1 = ball
# 2 = lepton
# 3 = photon
# 4 = PID > 100
# 5 = neutrino
# 6 = other
0 0 0.000225497 3
3.58408 2.13012 -0.556919 4
-13.7759 -9.31122 3.23494 4
-2.63155 -1.89785 1.10078 4
0.122094 -0.466465 -0.447808 4
6.89194 3.76046 -1.11894 4
3.15737 2.93681 -0.163789 4
1.08637 0.673015 -0.180828 4
-1.31153 -0.711146 0.14987 3
0.301229 -0.17992 -0.184367 3
0.0470063 -0.0464011 -0.116598 3
0.351619 0.266728 -1.1505 4
0.449952 0.495649 -0.623416 4
0.50156 0.254812 0.0551988 3
1.40852 0.949161 0.0592844 3
0.954138 0.789613 -0.0673272 3
2.12505 1.60137 -0.301595 3
13.4348 9.32372 -2.09128 4
1.34306 0.350691 -0.0497942 4
-1.82089 -1.43799 0.190002 4
-14.6361 -9.16765 2.86488 4
-1.59654 -1.22422 0.317324 4
-0.0544469 -0.0519004 -0.0320397 3
0.00938482 0.0613471 0.00898581 3
0.0231289 0.0450075 0.0534797 3
-0.132114 0.196788 0.0566966 3
-0.0667767 0.0752207 0.00638504 3
-0.169095 -0.0372888 -0.013871 3
0.0541381 0.183191 -0.291044 3
0.34946 0.438356 -0.707931 3
