# 1 = ball
# 2 = lepton
# 3 = photon
# 4 = PID > 100
# 5 = neutrino
# 6 = other
0.000447932 -0.00194705 0.003602 3
-7.11917 -0.391819 10.2104 4
0.284146 -0.338644 -1.91576 4
1.20309 0.57979 -2.17335 4
-1.20932 0.360961 2.20961 4
0.0920236 -0.0329565 -0.339752 4
7.34986 -0.380888 -9.5217 4
-1.45418 0.326313 1.78212 4
-0.670742 -0.111186 0.24634 4
0.0256973 0.597772 0.145532 4
0.424278 0.814224 -0.30112 4
-0.353698 0.585659 -0.962828 4
-0.980371 -0.0939802 1.38438 4
-2.53206 -0.201572 3.27808 4
2.58269 -0.701809 -2.9349 3
0.81648 -0.167366 -0.995918 3
2.30301 -0.264007 -2.85288 4
5.06987 -0.216412 -5.93488 4
-1.96852 0.175219 2.70661 3
-1.76621 0.279735 2.51692 3
-0.00606571 0.00181837 -0.0131623 3
-3.82674 0.439241 5.6434 3
-0.131664 -0.0256798 0.0411225 3
-1.24872 -0.258317 0.852455 3
0.671096 -0.134106 -0.769652 3
3.22981 -0.346349 -3.62728 3
0.227068 0.123969 -0.440102 3
0.0620588 0.00739866 -0.0220889 3
0.431883 0.118563 -0.355466 3
0.0142045 0.042688 -0.0288081 3
-0.0909304 -0.000623359 0.0901062 3
-2.78119 -0.471765 3.70652 3
0.911949 -0.182674 -1.00025 3
0.439927 -0.13125 -0.62732 3
