# 1 = ball
# 2 = lepton
# 3 = photon
# 4 = PID > 100
# 5 = neutrino
# 6 = other
0 0 -0.000241495 3
-0.27266 0.0172735 -1.69901 4
-0.18866 -0.0972354 0.142337 4
-0.0334504 -0.0710816 -0.0482869 4
-3.1838 0.438657 -1.12341 4
-1.19488 0.0809546 -0.927515 4
-0.586038 -0.639443 0.256396 4
0.0850855 -0.569136 0.264552 4
0.0696061 -0.156642 0.205526 4
-0.149747 -0.0453612 -1.11585 4
0.30445 -0.0656347 0.107763 3
-0.016096 -0.0197101 0.0100084 3
0.187783 -0.158837 -0.143301 3
-1.28489 0.889827 -0.447145 4
-0.140519 0.00574044 -0.00704376 3
-0.236477 -0.201225 -0.129865 3
-0.118864 -0.116479 -0.192591 3
0.0463054 -0.173497 -0.116276 3
-0.0669685 -0.203836 -0.0491466 3
-1.38481 0.218107 -0.501599 4
3.3561 -0.220993 1.61525 3
8.08894 -0.683747 4.06084 3
3.96319 0.126374 1.54146 4
0.194573 -0.0579283 0.180348 3
1.77248 -0.229972 1.23148 3
-0.200765 0.131699 -0.14308 3
-0.366303 0.0464416 -0.198776 3
-1.1971 0.0112962 -0.838068 2
-3.21868 0.451799 -1.14128 5
-13.0905 2.82582 -4.5243 4
0.847355 -0.175008 0.382614 3
0.435195 -0.18642 0.243344 3
2.15107 -0.340025 1.16205 3
0.3179 -0.00924176 0.206675 3
-5.51535 2.2379 -3.31993 4
-1.51179 0.239932 -0.750554 4
-3.24 0.742241 -2.28808 4
5.326 -1.31199 3.00006 4
1.58524 -0.780289 0.94521 4
-0.276149 0.036948 -0.0427881 3
-1.3771 0.215967 -0.524599 3
3.91222 -0.859859 1.90304 4
0.434096 -0.0589718 0.194732 3
5.77405 -1.28442 2.61906 3
