# 1 = ball
# 2 = lepton
# 3 = photon
# 4 = PID > 100
# 5 = neutrino
# 6 = other
-0.00273989 -0.00363366 0.00253432 3
-0.00303769 -0.00139492 -0.0031351 3
-1.19364 0.02934 -0.961616 4
-0.443339 -0.437231 -0.979798 4
0.0744292 0.811297 1.01282 4
-0.134843 -0.228411 0.460786 4
0.212406 0.318371 -0.0504842 4
2.7805 -0.945962 0.192645 4
-0.215356 0.421162 -0.267585 4
-0.186578 0.03212 0.336618 4
0.311385 0.96862 0.585039 4
0.459097 -0.221976 0.702535 4
-0.0401183 0.55184 0.314978 4
1.1993 -0.24205 0.247289 4
0.0122064 -0.0811883 0.141595 4
-0.33461 -0.470322 -0.603454 4
-0.444725 -0.227022 -0.244675 4
-0.0147633 -0.0454 -0.0180904 3
-0.110047 -0.0863314 0.156256 3
0.173357 0.333912 -0.12271 3
-0.0335738 0.269646 0.0505775 4
0.0785611 0.0736568 0.0961706 4
1.5707 -0.99438 0.383685 4
0.740336 -0.48824 0.4938 4
-0.1244 0.0566375 0.0677686 3
-0.373213 -0.0616939 0.237123 3
0.03688 0.458806 0.896556 3
0.125279 0.28378 0.522781 3
-0.417711 -0.836793 -0.959057 3
-0.117199 -0.111866 -0.15611 3
-1.22279 -2.36174 -2.72088 4
0.783569 1.22492 1.84393 4
-0.0827776 0.166523 0.250453 3
0.0386587 0.0481932 0.0297905 3
0.43499 -0.136668 0.0505118 3
0.000848059 -0.000827099 0.000648061 2
0.413478 -0.106119 0.17824 2
-0.368948 -0.420242 -0.878174 4
-0.634772 -0.838385 -1.08825 4
-1.94297 -2.73805 -3.45144 4
-1.84177 -2.48531 -3.24833 4
-0.617893 -0.883849 -1.08525 4
-0.85983 -0.656959 -0.848536 3
-0.255773 -0.249694 -0.202634 3
0.6767 1.37949 1.59782 4
0.0182876 0.0655822 0.130598 3
0.302191 0.548612 0.559706 3
3.6233 8.61984 8.55994 4
0.866451 1.00697 0.720395 4
0.223679 0.42357 0.349776 3
0.209583 0.604487 0.627416 3
0.0399788 0.224612 0.165518 3
0.507015 1.09561 0.902846 3
-0.728302 -1.13249 -1.17243 4
-0.66389 -1.32564 -1.38225 4
-2.01652 -2.69257 -3.23617 4
-1.91485 -2.73868 -3.53357 4
0.365096 0.710538 0.801963 3
0.212359 0.682007 0.670951 3
-0.700803 -0.708319 -1.07948 3
-0.91621 -1.1577 -1.57141 3
2.0003 3.44144 3.56133 4
0.418082 0.856362 1.64148 3
0.020719 0.0387119 0.0313837 3
0.0618203 0.102899 0.128675 3
-0.0335604 0.267568 0.160591 3
