# 1 = ball
# 2 = lepton
# 3 = photon
# 4 = PID > 100
# 5 = neutrino
# 6 = other
0 0 0.000366465 3
-2.74929 -0.713827 0.898209 4
0.105389 -0.212053 -0.27321 4
-0.0310949 0.322041 0.156698 4
-0.255561 0.178792 -0.106007 4
-2.37381 -3.36127 1.27457 4
-0.402115 -1.11361 1.11716 4
-2.03522 -1.23086 0.660344 4
0.53347 0.0782744 0.409326 4
-1.08434 0.470061 1.30074 4
-0.142408 -0.038945 -0.0508133 4
0.991349 2.88396 2.52389 4
0.0266235 0.119368 0.0517452 4
1.63259 1.81003 1.76614 4
-0.678687 -0.32239 -1.04868 4
-0.240243 0.0220352 -1.76576 4
-0.761093 -0.738136 -0.234338 4
-0.60523 0.0702822 -0.406815 4
-1.25805 -0.27799 0.511675 4
-1.48569 -1.15066 0.145069 4
-0.910217 0.0104662 0.303627 4
-0.630002 -1.11258 0.480904 4
0.0252144 0.0711678 -0.00106658 4
-0.274774 -0.389205 0.728379 4
0.415047 0.351978 0.0643854 3
0.110279 0.200462 0.0554808 3
-1.19574 -0.425543 -0.722857 3
-0.713367 -0.154692 -0.46402 3
0.1612 0.397765 0.344336 3
0.0620589 0.225619 0.328946 3
-0.0998064 0.0787873 0.123301 3
-0.0704175 0.126348 -0.00376328 3
9.62663 5.92241 7.4124 4
5.06051 3.27571 4.08727 4
2.59645 1.92118 3.00647 4
1.16971 0.783252 0.911642 3
0.312031 0.20938 0.330978 3
-1.64834 -4.22364 -14.1487 4
-0.361139 -1.50614 -3.11204 4
-0.957218 -1.19152 -3.70364 4
-0.0635403 -0.321746 -0.933651 3
-0.179617 -0.251703 -0.921636 3
-0.146945 -0.0246358 -0.107103 3
-0.199328 -0.145954 -0.0355078 3
-0.011498 -0.0309618 -0.000817273 3
-0.600385 -0.236793 -0.30577 3
-0.555828 -0.316059 -0.483171 3
-0.107562 -0.0384565 -0.164659 3
