# 1 = ball
# 2 = lepton
# 3 = photon
# 4 = PID > 100
# 5 = neutrino
# 6 = other
-1.71553 -6.28176 -16.494 4
-0.441398 -2.64734 -8.44179 4
-0.634274 -0.727004 -2.52333 4
0.0750732 0.453615 -0.228764 4
0.554706 0.50699 0.332774 4
0.319772 2.08881 1.0869 4
-0.0476142 0.286487 0.439871 4
2.37206 4.02612 28.3429 4
-0.756053 -2.52441 -5.58449 4
-0.284743 -0.649747 -0.438913 4
0.0106735 0.290471 -0.396476 4
-0.475888 -0.466121 -0.278654 4
0.0945944 0.580642 0.577996 4
0.375754 0.791934 2.09083 4
0.903369 1.25946 1.99257 4
0.452096 0.706108 1.7351 4
-0.314571 -0.796507 -2.61038 3
-0.155578 -0.255138 -1.12715 3
0.0151095 0.0564902 0.0400858 3
-0.12746 0.862704 0.179852 3
0.0456133 0.14547 0.451926 4
0.296189 2.5366 2.27924 4
-0.145049 0.17456 0.328475 3
-0.14991 0.0666656 0.112305 3
0.0155527 -0.282121 -0.831297 3
-0.0862344 -0.123311 -0.463775 3
-0.052 0.030978 -0.224552 3
-0.144264 -0.110657 -0.347232 3
