# 1 = ball
# 2 = lepton
# 3 = photon
# 4 = PID > 100
# 5 = neutrino
# 6 = other
0.00243809 -0.0101727 -0.57789 3
3.66304 3.8061 -17.6557 4
4.24245 3.35506 -10.1575 4
-0.41418 -0.427013 0.558118 4
-0.408869 -0.00159293 3.81448 4
-0.186755 0.139164 -0.0060962 4
-0.407945 -0.0165721 0.270957 4
-0.309237 -0.0610716 2.36934 4
1.50623 0.866786 -4.84557 4
-2.02005 -3.36964 10.4572 4
-3.21632 -4.4899 13.803 4
-0.939944 0.0722712 0.237992 4
-0.0217159 0.298695 0.0307841 4
-0.341648 0.188091 0.0636568 4
-0.408912 -0.512771 0.111743 4
0.0124474 -1.10537 1.44606 4
-0.390158 0.370026 1.3902 4
0.113378 -0.0427882 -0.37691 4
0.32761 0.612989 -0.780059 4
0.0407605 -0.416745 0.633021 3
-0.07418 -0.203616 0.302273 3
-0.166119 0.186707 -0.142608 4
-0.377171 -0.0121733 0.0102225 4
0.311607 0.327393 -1.4354 3
0.439234 0.576892 -2.85915 3
0.151144 0.373169 0.535707 3
-0.00468534 0.169128 0.326357 3
-0.0687662 -0.221618 0.557629 3
-0.0566235 -1.13317 2.97493 3
0.304151 0.214943 -0.558075 3
0.0861684 -0.0102611 -0.168078 3
-0.166192 0.0284506 -0.0728565 3
-1.22119 0.448626 -0.257807 3
