# 1 = ball
# 2 = lepton
# 3 = photon
# 4 = PID > 100
# 5 = neutrino
# 6 = other
0.0013753 0.000707032 3.99917e-05 3
-0.618753 -1.17225 0.921012 4
-0.882473 -0.489572 2.92731 4
-2.57964 -2.31995 3.63613 4
-1.64091 -1.33749 3.79511 4
-1.63288 -1.1767 2.92779 4
-3.94012 -4.0337 10.9206 4
2.52166 1.7956 -6.20042 4
0.513208 0.523204 -1.3477 4
0.472045 0.267865 -1.23973 4
0.230322 0.179356 0.345917 4
-0.00023232 0.0757174 0.115769 4
-0.744957 -0.503314 0.287932 4
7.08815 5.51997 -13.548 4
1.32339 1.79074 -3.27705 4
0.498288 0.458498 -1.77566 4
0.302739 0.0838419 -0.763646 4
-0.380461 -0.63617 1.66207 4
-1.29496 -0.858245 2.7136 4
-0.394573 -0.195536 0.770714 3
-0.618482 -0.460543 1.13625 3
2.02689 2.13036 -4.88683 3
1.64845 1.56175 -3.80082 3
-0.176471 -0.078908 0.211044 3
-0.160815 -0.246936 0.329548 3
0.00741484 0.0525983 -0.120911 3
0.456242 0.581554 -1.0162 3
-0.140671 -0.18099 0.450533 3
-0.154128 -0.127219 0.189751 3
-0.303169 -0.242897 1.19171 3
-0.314837 -0.251713 0.858449 3
-0.129961 -0.0390944 0.189649 3
-0.16188 -0.154157 0.621968 3
-0.490761 -0.341593 1.21337 3
-0.329046 -0.174783 0.560823 3
