# 1 = ball
# 2 = lepton
# 3 = photon
# 4 = PID > 100
# 5 = neutrino
# 6 = other
0.000393528 0.00100778 -0.0101729 3
-0.000370081 0.000580997 0.000187518 3
-3.66762 4.31724 1.28978 4
0.776046 1.15222 0.303693 4
1.57549 -2.86451 -1.25698 4
1.34784 -0.991614 -0.26156 4
-3.66517 4.69415 1.76981 4
-3.63375 4.63405 1.91004 4
-1.08123 2.70525 1.17537 4
-0.156286 0.413968 -0.0183731 4
0.86264 0.459703 -0.127541 4
0.493479 -0.155321 -0.218784 4
1.15786 -2.12566 -1.14983 4
5.50102 -7.56418 -2.74277 4
1.52596 -2.25832 -0.655757 4
0.0308165 0.0686261 -0.394459 4
-4.45381 5.41118 1.84397 3
-4.40976 5.27822 1.6819 3
-0.654896 0.713536 0.362577 4
-0.813137 1.12906 0.328288 4
-0.495422 0.955734 0.200013 3
-0.0911308 0.112433 0.234418 3
-0.0612081 0.394834 0.820465 3
-0.0729251 -0.112388 0.181857 3
0.0461857 -0.021467 0.026432 3
-0.0892307 0.783448 0.221044 4
-0.10744 0.238291 0.0975 4
0.107506 -0.0973737 0.0318865 3
-0.337998 -0.0935577 0.975469 3
0.402324 -0.553162 -0.517353 4
0.359992 -0.0816272 -0.00233158 4
0.540428 -1.49586 -0.300711 4
0.141678 -0.7867 -0.332735 4
0.560756 -0.92909 -0.29281 3
1.69072 -2.75195 -1.11361 3
-0.230974 -0.127256 -0.171158 3
-0.0103032 -0.0159203 0.0234996 3
0.117296 -0.138579 -0.0492472 3
0.2016 -0.276399 0.0908361 3
5.52196 -8.55893 -3.56389 3
0.511749 -0.863405 -0.370953 3
-0.0729481 -0.0775978 0.0115654 3
-0.0525453 0.0331074 0.0860549 3
0.00542154 -0.0354211 -0.0318176 3
0.305025 -0.0616652 -0.075276 3
0.274127 -0.345971 -0.0651871 3
0.0998352 -0.112703 0.0566416 3
