# 1 = ball
# 2 = lepton
# 3 = photon
# 4 = PID > 100
# 5 = neutrino
# 6 = other
-5.37403 0.760933 -0.960656 4
-0.499154 0.313896 -0.0321722 4
-0.659626 -0.696031 -0.626172 4
-1.48934 -1.08718 -1.47701 4
0.312861 0.0885697 -0.031922 4
-0.280521 0.342443 -0.163714 4
0.896785 0.286846 -0.700446 4
-1.52897 0.272998 3.03997 4
-0.781443 0.202444 3.48253 4
0.215477 0.37117 0.813498 4
-0.799141 0.993996 3.59561 4
1.43479 0.353502 1.01019 4
2.25228 -0.0647123 0.306995 4
1.98568 0.836176 -0.469341 4
6.25427 0.697325 -0.0167157 4
7.72521 1.1174 -0.315644 4
7.67226 1.21576 -0.945258 4
-3.90733 0.106426 -0.286019 4
-3.15747 0.124653 0.200677 4
-1.6428 -0.250369 -0.25664 4
-0.809813 -0.176422 -0.544334 4
-2.61923 -1.30233 -1.48425 4
-0.715016 -0.493981 -0.613696 4
-0.195876 -0.364757 -0.276581 4
-0.194462 -0.0283785 0.363529 4
-0.698069 -0.307142 -0.209759 4
-0.0709395 -0.0561122 -0.527637 4
-0.528506 0.279 0.825895 4
-0.339837 -0.0347526 0.309068 4
2.57624 0.719605 -0.333304 4
-0.999721 -0.606552 -0.092461 4
-0.0514028 0.0188327 -0.0182738 4
-0.110682 0.161489 0.142478 4
-0.356752 -0.0559862 -0.050304 3
-0.232917 0.0336213 0.0506925 3
-0.458472 -0.0581196 -0.0777574 3
-1.50473 -1.18877 -0.774997 3
-1.48587 -0.575482 -1.11982 3
-0.734538 -0.186316 -0.513229 3
0.0172653 -0.103617 -0.141998 3
-0.0330727 -0.551704 -0.353095 3
-0.0938765 0.085365 0.00267961 3
0.0334703 0.122792 -0.02195 3
-0.0098555 -0.0398867 0.0661947 3
0.093043 0.06156 0.384233 3
3.79313 0.908991 -0.177735 3
0.0972635 0.00247435 -0.0107326 3
-0.107409 -0.153408 -0.0613514 3
-0.326851 -0.371675 -0.405827 3
-0.0608164 -0.0270446 -0.016405 3
-1.24917 -1.02534 -0.943835 3
-0.371895 -0.125977 0.0719421 3
-0.602829 -0.125558 -0.0391147 3
-0.0585939 -0.132495 0.282668 3
-0.115195 -0.214362 0.19112 3
-0.0275053 -0.100166 -0.0181317 3
-0.0762848 0.0263551 -0.0316832 3
