# 1 = ball
# 2 = lepton
# 3 = photon
# 4 = PID > 100
# 5 = neutrino
# 6 = other
0.00119485 0.00221347 0.0011174 3
0.00267907 -0.00110275 -0.0586873 3
-3.78593 -2.46809 -2.12536 4
4.16793 3.50048 2.67271 4
3.57988 3.23063 2.12313 4
5.19426 4.1946 5.21175 4
0.41561 -0.11356 -0.120475 4
3.43269 2.35881 0.811641 4
0.251759 0.193926 0.0111152 4
-0.219376 -0.390012 -0.112585 4
-0.326678 -0.972343 -0.572526 4
-0.828139 -0.450354 -0.808406 4
-4.32037 -3.96613 -3.3352 4
-1.35993 -0.472025 -0.677605 4
-18.8811 -13.5408 -11.6535 4
5.69467 4.71977 3.40858 4
1.86455 0.206554 0.771477 4
0.287512 0.0114656 -0.155764 4
0.716085 0.874042 0.493869 4
-0.134294 -0.0912465 -0.106108 3
-2.22598 -1.32852 -1.1067 3
1.3757 0.933636 0.814303 3
0.0552051 0.009172 0.0345281 3
0.377172 0.26892 0.13172 4
1.16472 0.614718 0.877522 4
-0.0150443 0.0457563 0.12336 3
0.171482 0.0519087 0.598945 3
0.336192 0.282111 0.280553 3
2.13968 1.3906 1.51748 3
0.194756 0.247267 0.177375 3
0.67315 0.657638 0.77172 3
