# 1 = ball
# 2 = lepton
# 3 = photon
# 4 = PID > 100
# 5 = neutrino
# 6 = other
0.0466548 -0.0237302 -1.57184 3
0.00990819 0.0142453 0.0212202 3
0.00949529 -0.0093894 0.00323164 3
-0.504058 -1.28366 -1.16005 4
-0.323817 -1.23473 -2.46466 4
0.124891 -0.271764 -1.13933 4
7.70305 3.33442 2.86839 4
7.03449 3.32284 3.1625 4
6.27721 2.97955 2.61975 4
1.4679 0.501415 0.575183 4
-9.79452 -2.28838 -0.660578 4
-7.78733 -2.22625 -0.0805297 4
-12.5036 -3.36395 -0.470562 4
-0.95384 -0.593628 -0.0971406 4
-2.20162 -0.564609 -1.19198 4
-0.333911 -0.521651 -0.55184 4
-0.279001 -0.359946 -0.256069 4
0.00374578 0.148886 -0.629766 4
-0.183483 -1.02051 -1.34349 4
-0.00158904 -0.971884 -0.704569 4
0.714261 0.552114 0.49446 4
0.838379 0.0503399 0.156961 4
3.19053 1.28276 1.22549 4
0.261906 0.111893 0.298899 4
0.593496 0.0762035 -0.211723 4
2.2036 1.25393 0.732176 4
-0.14951 -0.99312 -2.42566 4
-0.413328 -0.213011 0.0256953 3
-0.0845233 0.0175257 0.0128546 3
0.33236 0.2025 0.0799357 3
0.745262 0.523779 0.39454 3
0.755765 0.335051 0.397279 3
3.20126 1.23275 1.89121 3
