# 1 = ball
# 2 = lepton
# 3 = photon
# 4 = PID > 100
# 5 = neutrino
# 6 = other
-0.293289 0.226344 -1.29306 4
-0.218905 2.88672 0.471615 4
0.338528 -1.59642 -0.447434 4
0.0348272 0.158534 -0.249318 4
-0.121506 -0.283382 -0.36888 4
-0.0114662 -0.484541 -0.601582 4
-0.0200029 0.64877 -8.81484e-05 3
-0.023631 -0.335375 -0.0373039 3
0.14287 -0.728235 -0.127895 3
-0.27214 -5.11189 0.523131 4
0.122688 -3.65836 0.062369 4
0.220624 -2.71815 0.0156613 4
0.0428714 -0.12293 0.048444 3
-0.00256482 -0.34883 -0.0572758 3
-0.463077 3.07079 0.183161 4
0.0204162 -3.40347 0.165554 4
0.193316 -0.861956 -0.293334 3
0.173523 -0.684247 -0.111838 3
-0.466724 -9.4639 0.619601 4
0.0699251 -1.55447 -0.0324167 4
0.0851024 0.284366 -0.0501944 3
0.265679 1.65737 0.360446 2
0.229697 7.99954 0.671693 5
-0.119428 -1.56322 -0.111359 3
0.374896 -1.78882 0.160792 3
0.334349 -8.28871 0.473475 4
-0.042838 -0.754119 0.0197609 3
-0.326028 5.1944 0.0456523 4
-0.408173 4.15756 0.236543 4
0.139739 2.43059 -0.523745 3
0.139584 0.974947 -0.191375 3
0.0156927 7.09667 0.379445 4
-0.166576 6.27695 0.0242317 3
0.0120174 0.687475 0.0355222 3
