# 1 = ball
# 2 = lepton
# 3 = photon
# 4 = PID > 100
# 5 = neutrino
# 6 = other
0.0025832 0.00293116 0.00853878 3
-0.0015551 -0.00153782 -0.0102896 3
-11.3686 -14.1667 8.55849 4
-1.32667 -2.76144 2.40848 4
0.358504 1.68478 -0.245671 4
3.61948 4.73049 -0.996226 4
0.509732 0.831629 -0.333762 4
0.829365 0.799737 -0.484714 4
5.17456 7.71535 -1.51614 4
0.0432085 0.34186 0.0200228 4
1.14954 1.39119 -1.21342 4
3.3946 2.27914 -3.44133 4
2.08869 1.12524 -2.26058 4
0.897823 1.19954 -0.98263 4
-5.94124 -7.83787 4.30128 3
-1.83514 -2.36092 1.23712 3
-0.201435 -0.116485 0.244224 3
-0.739312 -0.756925 1.11138 3
0.616248 0.656585 -0.357729 4
-0.117069 0.126068 -0.441983 4
0.53245 0.780587 0.076471 4
0.689161 0.727928 -0.300231 4
0.412901 0.484393 -0.233289 3
0.206632 0.378309 -0.231435 3
0.0662257 0.336363 -0.249893 3
0.0914119 0.152669 -0.0457222 3
0.447012 0.393161 -0.0594678 3
1.19851 0.828877 -0.272929 3
0.806535 0.865593 -1.15479 3
0.597012 0.570258 -0.66918 3
-1.39464 -0.743185 -1.05814 4
-0.0560572 -0.104058 -0.0337273 3
-0.0093865 -0.0454283 0.0821246 3
0.376666 -0.152045 -0.0283129 3
0.0360602 0.0275077 -0.00760912 3
0.186989 0.133459 0.00443728 3
1.50185 1.51926 -0.148179 3
-0.627535 -0.314252 -0.124557 3
-0.566708 -0.159237 -0.15835 3
-1.59955 -0.673123 -0.830306 4
-0.072644 0.107036 -0.173361 3
0.0238211 0.00325368 0.0113842 3
