# 1 = ball
# 2 = lepton
# 3 = photon
# 4 = PID > 100
# 5 = neutrino
# 6 = other
0.211574 0.0160112 -2.06318 3
-0.000764973 0.00101317 -0.0857697 3
7.02979 6.21761 11.7838 4
0.88847 1.96815 1.63272 4
0.875812 0.949264 1.10169 4
-0.49366 0.469073 -0.229372 4
-1.25365 -2.52464 -3.20404 4
-5.63407 -10.0247 -13.0919 4
-1.96773 -2.93034 -4.02822 4
0.70385 0.891534 0.592293 4
0.847163 1.34318 2.00282 4
0.0330025 -0.0287308 0.0505567 4
-0.566311 0.314344 -0.0819282 4
-0.163523 0.324776 -0.289931 4
0.18932 -0.011382 -0.0711755 4
-1.86715 -2.50257 -4.05829 4
-1.79219 -2.34316 -3.57056 4
-0.389823 -0.0820436 0.310861 4
-0.190804 -0.325326 -0.466043 4
3.04221 3.83102 6.53426 4
0.33855 0.43977 0.8337 3
1.52003 1.83748 3.53326 3
1.51038 1.84287 3.77646 3
-0.0258983 -0.214452 0.11281 4
-0.104594 0.112579 -0.0367725 4
-0.287605 -0.511806 -0.449695 3
0.0110438 -1.04135 -1.52504 3
0.046592 0.434933 0.300839 3
-0.0320706 1.30253 1.09507 3
-0.145451 0.0445092 0.0540775 3
-0.228731 -0.0870527 0.0213597 3
-0.695364 -0.199226 -0.544072 3
-0.0632273 0.0222399 -0.0574739 3
-0.286791 -0.00797138 0.0310594 3
-0.793984 0.170796 -0.0299168 3
-0.117168 0.226998 0.046745 3
-0.147214 0.0740864 0.0690473 3
