# 1 = ball
# 2 = lepton
# 3 = photon
# 4 = PID > 100
# 5 = neutrino
# 6 = other
-0.100223 0.17791 0.138447 4
-0.722567 0.209324 0.31906 4
-1.17645 0.258987 1.3192 4
1.26869 0.401508 -0.580189 4
-0.438184 0.565773 0.653468 4
-1.26262 0.549626 0.0244529 4
-2.6705 1.06484 0.826754 4
-1.23207 1.07858 0.442458 4
-0.904949 0.353223 0.471819 4
0.0218743 -0.0701715 -0.132339 4
-0.305716 -0.0421642 -0.282702 4
0.307641 0.40335 -0.28378 4
-8.09515 0.434336 10.1021 5
-2.24396 0.343205 1.0708 2
0.54486 -0.466966 -0.76808 4
0.205014 -0.189335 -0.372593 4
0.0963159 0.0136058 -0.0900742 3
-0.0381032 0.0326142 -0.00169323 3
-0.543298 -0.0607545 0.0762971 3
-0.0443007 0.0429607 0.0250106 3
-0.969455 0.517133 1.01789 3
0.313771 -0.0162522 -0.374688 3
0.139105 -0.103117 -0.215301 3
5.77071 -1.64896 -5.66118 4
-1.23068 -0.199881 1.21054 4
-1.2308 -0.0996867 1.51515 4
-3.04724 0.707836 3.96676 3
-0.849515 0.126287 1.1123 3
3.0289 -0.48081 -1.92925 4
3.28291 -0.391416 -2.80213 4
1.42 -0.459744 -1.26878 4
2.86367 -0.845809 -2.73128 3
0.276699 -0.118661 -0.308873 3
-1.24784 0.645606 1.6682 4
0.786692 -0.314762 -1.18057 3
0.44258 -0.146502 -0.380086 4
6.16523 -1.95649 -5.58224 4
-2.88538 0.562308 3.92142 4
0.232853 -0.161305 -0.213151 4
2.27645 -0.0691132 -2.86523 4
0.0738849 0.000598727 -0.0730422 3
1.72115 -0.647699 -1.78487 3
