# 1 = ball
# 2 = lepton
# 3 = photon
# 4 = PID > 100
# 5 = neutrino
# 6 = other
-0.000530373 -0.000981459 0.0341831 3
-0.690006 -1.19798 1.61911 4
-2.26576 -2.51478 3.79858 4
-1.30447 -1.64168 3.37767 4
-0.0657383 -0.330128 0.099915 4
-1.10475 0.00976687 0.892375 4
-0.0846387 0.125113 0.0833545 4
0.0157657 -0.212839 0.258713 4
1.07337 0.627875 -1.02511 4
1.16941 0.222553 -1.59228 4
-0.639739 0.182181 0.941094 4
-1.33246 -1.22995 3.02649 4
-2.65506 -2.54926 5.09471 4
-0.276665 0.124587 -0.91756 4
0.166057 0.292474 -0.052011 4
1.0801 1.09906 -0.607375 4
0.451982 0.432556 -0.383642 4
3.18355 2.56828 -4.29099 4
1.59386 1.4369 -2.07848 4
-0.201678 0.195394 0.207544 2
-1.40052 -0.0522946 1.31602 5
-0.175335 -0.213829 0.363287 4
-0.534924 -0.273963 0.355288 4
-0.408148 -0.687643 1.55705 3
-1.0265 -1.98925 2.69084 3
-0.268537 -0.263604 0.0349608 4
0.0403777 -0.0514026 0.344152 4
0.0373126 -0.14852 -0.112413 4
-0.155628 -0.000240592 0.117451 4
-0.00556902 0.074168 -0.0397564 3
-0.0681782 0.475793 -0.732884 3
0.904004 0.943452 -1.54297 3
0.00325859 0.0310341 0.0456671 3
0.726758 0.258978 -1.15806 3
-0.153201 0.0262255 0.0253165 3
-0.239413 -0.0825707 -0.0768467 3
-1.45695 -1.39573 2.31239 3
-0.00462389 -0.0054814 0.027305 3
-0.492537 -0.51779 0.744178 3
-0.62682 -0.892413 1.19727 3
-4.69446 0.996742 1.53642 4
-0.130968 -0.21648 0.168129 3
-0.147837 -0.0541724 0.0800396 3
-0.00226025 -0.0222589 0.0537777 3
0.0461832 -0.234421 -0.00563321 3
-0.0447893 -0.0937241 -0.0924532 3
-0.0967508 -0.0530785 -0.343593 3
0.114202 0.0846875 -0.00216136 3
0.303238 0.0366334 -0.128531 3
0.00869763 -0.00994696 0.0308339 3
0.10224 0.131289 -0.0807193 3
0.324674 0.142152 -0.0529304 3
0.384479 0.325097 -0.146303 3
1.89272 0.786624 -2.41289 4
1.11252 0.473594 -2.06716 3
0.123774 0.0411477 -0.321533 3
0.805564 0.376362 -1.41454 3
-0.000908319 -0.0065718 -0.0100089 3
1.32375 0.763455 -2.20788 3
0.485775 0.242009 -0.920439 3
1.33496 0.906496 -2.00187 3
3.09474 1.9349 -4.39016 2
0.853013 0.575391 -1.2249 2
