# 1 = ball
# 2 = lepton
# 3 = photon
# 4 = PID > 100
# 5 = neutrino
# 6 = other
0.00503474 -0.0045258 0.00294451 3
2.69177 2.71057 4.5269 4
3.7559 1.8686 5.69695 4
0.526416 0.745625 0.244791 4
0.167291 -0.302846 2.74272 4
0.197314 0.316652 0.277888 4
-0.0719902 0.0650812 -1.20292 4
4.28381 2.88979 3.86129 4
1.72041 0.966082 2.32283 4
-1.75214 1.01667 -1.09439 4
-0.242873 -0.30777 0.0285956 4
-0.51763 -0.572667 -0.262871 4
-0.268307 0.0862726 -0.473739 4
-0.375567 -0.536031 0.292032 4
-0.26329 0.182671 -0.0910429 4
-0.637293 -0.574829 -0.649975 4
-1.32232 -0.577238 -1.46577 4
-0.916588 -1.23651 -2.76304 4
-3.84249 -3.97931 -8.45952 4
-0.0433643 0.0541038 0.126843 3
0.069586 0.358756 0.586155 3
-0.425003 -1.1613 1.53471 4
-0.065484 -0.134278 0.335076 4
-0.044303 -0.0383482 0.0580269 3
-0.343433 -0.132997 0.977785 3
0.196004 0.080207 0.185781 3
2.63225 1.55903 3.02756 3
2.80671 2.79413 3.57136 3
0.905074 0.838208 1.19562 3
-0.253577 0.232501 -0.405971 3
-1.42174 1.33009 -1.83113 3
-0.122462 -0.0363355 0.0803723 3
-0.779289 0.0748583 0.324303 3
0.0906352 -0.113956 0.0312644 3
0.136364 -0.0482364 0.158063 3
-0.149136 -0.463618 -0.739642 3
-0.00296354 -0.000347075 -0.0661449 3
-0.0131593 -0.547607 -0.720321 3
-0.0887492 -0.236594 -0.275707 3
-0.0595401 -0.133526 -0.219611 3
0.0163843 -0.424626 -0.43732 3
-2.9101 -3.08058 -6.41421 3
-2.43527 -2.42976 -5.08706 3
-0.200709 -0.301057 -0.768794 3
-0.140471 -0.175621 -0.277304 3
-0.165867 -0.199205 0.369252 3
-0.325851 -0.420158 1.14737 3
