# 1 = ball
# 2 = lepton
# 3 = photon
# 4 = PID > 100
# 5 = neutrino
# 6 = other
-0.016105 0.0125831 -0.136556 3
-0.347798 -0.666877 0.810819 4
1.36697 0.682246 -0.82235 4
-0.402576 -1.11275 0.302296 4
-1.05196 -2.01581 0.675355 4
-0.0131203 -2.80201 0.88338 4
0.551771 0.502937 -1.04553 4
0.112777 0.159148 0.107669 4
0.519848 1.21335 -0.92898 4
0.163874 0.35705 -0.204103 4
0.530951 1.96902 -0.724521 4
-10.6512 -16.0004 10.0258 4
-0.171748 -0.369837 0.212664 4
0.0453928 -0.600572 0.0536814 4
-0.0223452 -0.0353431 0.0698148 3
-0.19493 0.113846 0.366544 3
2.29008 5.1022 -2.30339 2
2.56465 5.81581 -3.09922 5
-0.108474 -0.00578082 -0.033033 3
-0.376695 -0.146974 0.103698 3
0.217703 -0.0288828 0.0819978 3
0.265854 0.105315 0.0501217 3
-5.06046 -9.75778 6.21526 4
-0.0310188 -0.616813 0.342756 3
0.0653258 -0.505859 0.381121 3
9.75324 18.6321 -11.3854 4
