# 1 = ball
# 2 = lepton
# 3 = photon
# 4 = PID > 100
# 5 = neutrino
# 6 = other
-0.000127465 -0.000501231 -0.000380961 3
0.173599 0.00508199 0.235654 4
0.653871 0.0198963 1.4231 4
1.06587 2.41378 13.3887 4
0.067417 0.174615 2.15292 4
0.716985 0.451873 3.90089 4
0.388736 0.560798 1.33851 4
0.819735 0.842981 0.284421 4
-0.514478 0.821415 0.460939 4
-0.565538 -0.0718751 -1.22551 4
1.064 0.761514 0.656488 4
-0.775616 -1.79387 -8.67808 4
0.390442 0.286449 5.29681 3
-0.240118 1.18204 0.748111 3
-0.00402066 -0.0623755 0.0564223 3
0.0267627 -0.121326 -0.0810631 4
-0.0910424 -0.111735 -0.129848 4
-0.533193 -2.07205 -6.91581 3
-0.204805 -0.254108 -1.75708 3
-0.834808 -1.33365 -4.3403 3
-0.0317931 -0.0144901 -0.0973839 3
0.0289484 0.150309 -0.0972099 3
0.114373 0.17257 0.00812508 3
0.240022 0.430413 0.0578668 3
0.0874045 0.408647 0.0414614 3
-0.857814 -1.74369 -5.5351 3
-0.0252607 -0.0820226 -0.178785 3
-1.13185 -1.76209 -8.64103 3
-0.462285 -0.891991 -4.17553 3
0.12924 1.30435 10.477 3
-0.0234012 0.180417 1.24087 3
0.122013 0.103733 0.0882522 3
0.206735 0.0448808 -0.00341685 3
