# 1 = ball
# 2 = lepton
# 3 = photon
# 4 = PID > 100
# 5 = neutrino
# 6 = other
-0.0839354 0.057945 2.60913 3
-1.26461 6.14053 1.68785 4
0.833686 -6.25753 -2.78516 4
1.45068 -5.26418 -3.21674 4
-0.0472921 0.172599 -1.06858 4
0.00630964 0.273845 -0.0474393 4
-0.382653 0.655511 1.19939 4
-2.11692 8.71861 2.95226 4
3.07647 -13.5468 -5.24501 4
0.204673 -1.48167 -0.419193 4
0.852131 -4.04711 -1.74834 4
0.413266 -1.19233 -0.229432 4
-0.0829562 -0.380286 0.0297085 4
0.739348 -0.147293 0.149472 4
0.556929 0.32093 0.826182 4
-1.1349 2.29443 0.614952 4
-0.0136129 0.022298 0.290401 3
0.130487 -0.0683813 0.612887 3
-0.20204 0.712305 0.243699 4
-1.97872 8.02955 2.34706 4
-1.08887 5.87642 1.49155 3
-0.0501795 0.367193 0.0632101 3
1.17033 -3.86347 -1.91544 3
0.0969774 -0.343351 -0.214186 3
0.0290051 -0.732926 -0.39922 3
-0.0321505 -1.33447 -0.548097 3
0.602684 -0.14639 0.0934606 3
0.0327907 0.00153296 -0.0259024 3
-0.259315 0.636054 0.478562 3
-0.0282298 0.304173 0.203192 3
-0.107627 -0.068727 0.402005 3
0.0198002 -0.0825028 0.142989 3
-0.450827 1.29833 0.390211 3
-0.890732 3.07516 1.03457 3
