# 1 = ball
# 2 = lepton
# 3 = photon
# 4 = PID > 100
# 5 = neutrino
# 6 = other
-0.307479 -0.00271085 0.269356 4
-0.170691 -0.134373 -0.118792 4
-1.33311 -0.660628 1.24263 4
0.328343 0.176453 -0.103867 4
0.236995 0.40858 -0.233674 4
-0.874843 0.507025 0.308715 4
-0.191542 -0.0658523 -0.405276 4
0.0589161 0.379679 0.406147 4
0.231078 -0.0566271 -0.00497359 4
-0.481261 0.0707198 0.27363 4
0.0479492 -0.21697 0.157058 3
-0.00909544 0.0311667 -0.00414904 3
-1.14105 0.462465 1.29392 4
-0.512571 0.47444 0.832167 4
-0.0137774 0.00108941 0.0190153 3
-0.915832 -0.14937 0.0131646 3
0.060739 0.0162073 0.0305868 3
0.0415611 -0.0816282 0.23112 3
-0.00537961 -1.00387 0.464374 4
-0.328565 -0.238448 0.199653 3
-0.181892 -0.296933 0.177552 4
-0.908822 -1.41212 1.10509 4
-0.141283 0.059499 -0.0781333 4
-0.26974 -0.0125194 0.0266095 4
-0.507582 0.169735 0.6075 3
-1.08108 0.333592 1.59841 3
0.0780456 0.0639525 -0.173724 3
1.66169 1.80089 -1.79283 3
-0.197471 -1.37792 0.581014 4
0.34254 -1.36315 0.594744 4
0.196297 -0.886043 0.561389 3
-0.675959 -0.351841 0.096977 2
-0.262567 -0.829549 -0.324142 5
-1.5653 -0.598773 0.879012 4
-0.162563 -0.0247602 0.0315225 3
-0.504425 0.14436 0.193675 3
-1.41013 -1.21851 0.76431 4
-0.49204 -0.99543 0.435019 3
-0.129082 -0.222042 0.171291 3
-2.13901 0.246031 0.46152 4
-1.36452 0.178979 0.3245 4
-1.4227 0.00947834 0.0223685 4
-0.463562 -0.0649032 -0.0346855 4
-0.501046 0.322491 0.109318 4
-0.048044 0.000136609 0.0128106 2
-0.16615 0.00267248 0.0387492 2
2.18719 1.96019 -2.20835 2
0.247201 0.372887 -0.0725773 5
1.12443 1.6392 -1.73071 2
4.58844 5.23905 -4.83717 5
0.0353015 -1.45835 0.481235 4
0.0349867 -0.246336 0.0443066 4
0.309216 -0.156291 0.0230794 2
0.459043 -1.39428 0.564681 5
0.107017 -3.55401 2.51535 4
0.0431033 -0.377773 0.243904 3
0.00599072 -0.071944 -0.0137346 3
-1.33016 0.62632 0.433013 4
-0.361214 0.0748264 0.0296168 3
-0.0627704 -0.0353584 -0.0261489 3
-0.627229 -0.169594 -0.212156 3
-0.554355 -0.0575959 -0.0919942 3
-0.0989676 -0.0916755 0.0786788 3
-0.150763 -0.17682 -0.0425523 3
-0.0382607 0.136193 -0.10937 3
0.0848662 0.152992 -0.0564329 3
1.69662 1.27645 -1.63555 4
1.76809 1.57685 -1.81537 4
0.144038 -1.4892 1.03772 4
0.653674 -2.54228 1.80888 4
1.51105 0.997685 -1.37373 4
1.58647 0.855216 -0.57486 4
0.0441253 0.022211 0.00566824 3
0.895715 0.753105 -0.469563 3
0.15312 0.125259 -0.121495 3
3.06727 2.77993 -3.25057 3
0.0510542 -0.277704 0.0240369 3
0.0217139 -0.083821 0.0914806 3
