# 1 = ball
# 2 = lepton
# 3 = photon
# 4 = PID > 100
# 5 = neutrino
# 6 = other
-0.0010776 -0.000536053 -0.00173729 3
-0.538238 0.19956 -1.4433 4
-0.497621 0.234277 -0.16255 4
-0.293518 0.895621 -0.304756 4
4.13164 -3.62612 5.54767 4
9.13423 -6.40992 12.2184 4
-0.977739 0.535509 -0.312413 4
-4.95333 4.05356 -1.9039 4
-2.22279 1.18845 -3.54658 4
-1.54536 0.929491 -1.93842 4
-3.57871 4.34248 -7.59567 4
1.05847 -2.17761 1.45709 4
0.634786 -0.822846 0.505372 4
0.241433 -0.0826892 0.293387 4
2.10733 -1.98836 2.81787 4
3.78357 -2.99402 5.48044 4
-0.729059 0.890644 -0.825872 4
-1.13645 1.21011 -0.987985 4
-0.566007 0.240292 -0.827344 3
-2.37186 2.36976 -4.41111 3
-0.0936783 -0.0537654 -0.17068 3
-0.314212 -0.489146 -0.668659 3
0.0393941 -0.165747 -0.459915 4
-0.144756 -0.270829 -0.133827 4
0.0128493 -0.0181807 0.046581 4
0.994881 -0.336486 0.755552 4
0.803492 -0.332129 0.100857 4
0.610588 -0.141697 0.245252 4
-0.386875 0.3959 -0.188791 3
-2.28178 2.03505 -0.794303 3
0.131298 0.0084577 -0.087754 3
-0.0327319 0.00797875 -0.0433765 3
-0.380635 0.275623 -0.660267 3
-0.951376 0.74215 -2.08831 3
0.0796313 -0.314943 -0.0334602 3
-0.0471593 -0.0923168 0.0112451 3
0.28367 -0.238084 0.127224 3
-0.00231202 0.000489249 -0.0159389 3
