# 1 = ball
# 2 = lepton
# 3 = photon
# 4 = PID > 100
# 5 = neutrino
# 6 = other
-0.00212555 0.00525835 1.22378 3
-0.591093 0.371355 0.225193 4
1.28801 -2.44551 5.43838 4
0.585008 -0.861956 2.0786 4
3.05114 -5.61398 8.87736 4
0.349459 -0.770407 1.73083 4
0.862701 -1.15169 2.6736 4
-0.69036 1.00452 -2.96234 4
-2.34108 4.42657 -9.03543 4
-0.548209 1.37196 -2.60952 4
-0.377013 0.702904 -1.50351 4
-0.659011 0.570966 -0.815413 4
-1.04122 1.77085 -2.20874 4
0.703061 -1.56119 2.38812 4
0.384568 -0.140478 0.555071 4
2.37585 -3.81554 7.90002 4
-2.51581 3.83177 -7.30115 4
-0.00344597 0.051144 -0.161205 3
-1.68452 3.77899 -8.09235 4
0.0053781 -0.00886145 -0.0268667 3
-0.0653618 -0.0843017 -0.565054 3
0.0639142 -0.0319958 -0.364762 3
-0.0614895 -0.00737433 0.279844 4
-0.0393181 -0.00338267 -0.029356 4
0.0227283 -0.030819 -0.0346571 3
0.425815 0.0166117 -0.142094 3
-0.402109 0.562894 -0.85429 3
-0.71043 1.00011 -1.24487 3
0.938867 -1.46223 2.41122 3
0.724371 -1.35928 2.09806 3
-0.078998 -0.0586206 0.0862428 3
0.0307158 -0.0582837 -0.0147112 3
