# 1 = ball
# 2 = lepton
# 3 = photon
# 4 = PID > 100
# 5 = neutrino
# 6 = other
-0.000955834 -0.000560929 0.668573 3
-2.68426 7.57652 -0.035833 4
-2.86553 6.45875 -1.52638 4
-2.60558 4.25246 -0.00444603 4
0.0263928 0.0330893 0.0338893 4
-0.155843 -0.080503 0.967951 4
0.760949 -0.719338 0.531427 4
1.47901 -1.66031 1.73026 4
0.202294 -0.485233 0.501986 4
0.47164 -0.0938201 0.486532 4
5.05668 -8.69393 6.41027 4
1.38204 -3.27808 2.46658 4
-0.0105366 -0.189101 -0.931734 4
-1.52538 1.20607 -1.9763 4
-0.209515 0.316626 -0.688655 4
-1.33401 1.041 -1.44022 4
-0.662234 0.89577 0.050322 4
0.018268 0.907957 0.128646 4
-0.10842 -0.154486 -0.210553 4
0.319203 0.213304 0.193199 4
0.476089 -0.559452 0.0255248 4
1.27544 -1.06297 1.80733 4
-0.18837 -0.183485 0.379108 4
1.30837 -2.62154 1.82129 4
0.337072 -0.554421 0.0784646 4
-0.544125 -0.252979 -3.23166 4
0.0582459 0.183063 0.295537 4
-0.869813 0.0305575 -4.02459 3
-0.821476 0.0290347 -3.2268 3
-0.343328 0.205079 -1.14687 3
-0.352734 0.382957 -1.61027 3
0.0146557 0.181457 -0.169402 3
-0.0563405 0.0166641 -0.0302653 3
-0.00338749 0.196155 -0.115774 3
-0.0961654 0.330932 -0.040565 3
0.0598202 0.161186 0.0263889 3
-0.0430754 0.222743 0.136245 3
1.17647 -2.40634 2.0002 4
1.1547 -1.95715 1.41799 4
0.0253105 -0.212344 0.191147 3
0.11269 -0.0904069 0.104844 3
-0.246403 0.0542342 -0.724487 3
-0.774506 -0.00485694 -2.76797 3
-0.0421099 0.221924 -0.0909484 3
0.0125381 0.0168099 -0.0761835 3
-0.180487 1.06439 -0.207672 3
-0.230179 0.911207 -0.0784075 3
0.392547 -0.696746 0.647424 3
0.834342 -1.15187 1.25484 3
