# 1 = ball
# 2 = lepton
# 3 = photon
# 4 = PID > 100
# 5 = neutrino
# 6 = other
0.0154122 0.0189208 -0.0337781 3
-2.27646 -0.613643 -2.27601 4
-2.97465 -1.54046 -4.30062 4
2.35674 -0.796127 -2.91638 4
4.5346 -1.81982 -5.76338 4
-0.976102 -0.139441 -0.939585 4
-0.0825675 0.324816 0.538525 4
0.771845 0.359767 1.52293 4
-0.104749 -1.88608 -1.80472 4
0.794861 -0.26589 -3.78166 4
-0.0816205 -0.210372 -0.168216 3
-2.17011 -1.47662 -3.41545 3
-1.9759 -1.10201 -3.12442 4
-1.54462 -0.456932 -2.10498 4
2.6021 3.95546 13.1386 4
2.32542 4.02834 13.6006 4
0.128414 0.350411 0.980084 3
0.0483911 0.263054 0.455977 3
0.0119337 0.0633633 0.10002 3
0.0853837 0.0372879 0.614025 3
-1.88896 -0.568492 -3.21621 3
-0.296716 -0.103146 -0.61943 3
0.0192881 -0.0178004 0.0201687 3
0.856198 0.086636 1.10641 3
0.295176 0.0846218 -0.615195 3
0.139802 0.00833933 -0.534302 3
-1.64014 -0.773722 -2.85924 3
-0.270473 -0.153403 -0.591915 3
1.25066 2.29477 6.84241 3
0.0468349 0.0481702 0.145781 3
