# 1 = ball
# 2 = lepton
# 3 = photon
# 4 = PID > 100
# 5 = neutrino
# 6 = other
0.00118013 -0.000327731 -0.00262974 3
0.112862 -0.296591 -0.152567 4
-0.186156 -1.35296 -1.0077 4
-4.69576 11.654 14.6355 4
5.17665 -9.13013 -10.865 4
0.137283 -0.542996 -0.794624 4
-0.90202 1.1007 -0.521269 4
-0.175741 -0.0565175 0.781017 4
-0.612232 0.890139 -0.208331 4
-0.91611 0.0200529 0.305842 4
0.0731295 0.137315 0.0103508 4
-1.32528 2.83406 3.58842 4
-2.60797 5.68068 6.09011 4
0.671821 -1.93751 -2.41691 3
-0.00371986 -0.0513092 -0.0688993 3
5.64966 -9.72773 -10.7675 3
1.98103 -3.49445 -3.75004 3
1.06016 -0.74843 -1.15158 3
0.167379 -0.0687577 -0.122721 3
-0.0457521 0.102123 0.0846582 3
-0.0718935 0.545427 0.134168 3
-0.131603 0.0344606 0.0776804 3
-0.232096 0.0254931 0.38326 3
-0.694105 1.03896 1.39455 3
-2.43071 3.34432 4.34415 3
