# 1 = ball
# 2 = lepton
# 3 = photon
# 4 = PID > 100
# 5 = neutrino
# 6 = other
-0.902927 0.170213 0.0510856 3
3.15202 -7.98436 1.38019 4
0.21512 -1.32284 0.189345 4
-0.0182188 0.516796 -0.429968 4
3.90794 -9.69992 1.44308 4
5.18305 -15.2048 2.71636 4
0.468256 -0.199192 0.149068 4
-0.269205 -0.921562 0.706703 4
0.218755 0.213974 -0.919532 4
1.65963 -5.16766 0.421097 3
0.106147 -0.245325 0.00598485 3
-0.456341 1.16073 -0.123334 4
-0.119865 0.485671 0.284475 4
-1.40194 2.8552 -0.666135 3
-0.0927515 0.144676 -0.0615158 3
0.0149333 1.04175 0.0547559 3
0.0132261 0.00551321 0.00259567 3
-0.337296 0.628371 -0.27874 3
-0.347621 0.687705 -0.156208 3
-0.391808 0.54397 -0.120575 3
-0.657934 1.07214 -0.390888 3
-0.651183 2.08291 -0.394946 4
-2.90173 10.3266 -0.976572 4
-4.53738 13.6669 -1.88679 3
-1.37599 4.38327 -0.614493 3
0.128943 -0.305544 -0.0823005 3
0.128477 -0.342165 -0.245336 3
0.27546 -0.414298 -0.0452897 3
0.0419648 -0.0886478 0.0504922 3
0.00138466 -0.029863 0.0180007 3
-0.251126 -0.0416159 -0.0520998 3
-0.164358 0.24557 0.105535 3
-0.186835 0.397787 0.00380185 3
-0.187001 0.700813 -0.119745 3
-0.263789 0.637296 -0.0181081 3
