# 1 = ball
# 2 = lepton
# 3 = photon
# 4 = PID > 100
# 5 = neutrino
# 6 = other
11.1321 -4.52245 -4.07708 4
1.7945 -0.486431 -0.26614 4
1.36278 -0.962283 -0.588679 4
-1.4874 -0.229801 0.759164 4
-1.57721 0.908844 0.447225 4
-2.12638 0.114774 0.76941 4
-2.52376 2.07933 1.36835 4
-3.11176 1.28541 1.08676 4
-1.84723 1.35439 1.06974 4
8.42534 -3.49557 -3.12664 4
1.3017 -0.328965 0.0608594 4
-0.222432 0.0611391 -0.0741556 4
-1.37837 1.18602 0.6722 4
-2.30991 0.579842 0.460343 4
-2.46569 1.47639 0.989161 4
7.90232 -3.78285 -2.83545 4
0.16723 -0.126424 -0.0173066 4
1.66986 -0.780394 -0.80839 4
1.24435 -0.535329 -0.518752 4
1.38567 -0.689422 -0.763218 4
0.239511 -0.644066 -0.139213 4
0.0648915 -0.118101 0.0256511 4
-2.48967 1.39061 1.46763 3
-0.405966 0.216741 0.298731 3
-14.2444 5.11059 3.56431 3
-0.140576 0.0527718 0.0491438 3
0.264261 -0.378633 -0.240229 3
0.100236 -0.0460633 -0.0958737 3
-0.210632 0.143435 0.313406 3
-0.24506 0.186944 0.182053 3
-0.269581 0.20876 0.0461491 3
-1.96854 1.90036 0.614176 3
0.284075 -0.0373182 -0.0632207 3
0.544276 -0.245529 -0.0439401 3
0.71159 -0.391083 -0.335258 3
0.384644 -0.321873 -0.161992 3
-0.00889398 -0.0784567 0.0195955 3
0.0540925 -0.0553085 -0.108511 3
