# 1 = ball
# 2 = lepton
# 3 = photon
# 4 = PID > 100
# 5 = neutrino
# 6 = other
-0.681184 -1.66273 0.407249 4
-0.831923 -0.6124 -0.374448 4
-0.434456 -2.74143 0.104762 4
-0.545525 -1.43818 -0.317439 4
1.80178 -2.14096 -0.701959 4
-0.651519 -0.214011 0.0649362 4
1.07159 0.0882024 -0.076627 4
-0.362083 0.0801792 -0.112001 4
0.71068 0.131169 -0.121093 4
1.46096 0.471602 0.21853 4
2.29665 1.80798 0.124164 4
2.61771 2.81118 1.21138 4
-2.31136 -3.08082 -0.477841 4
-1.48106 -1.18714 -0.217564 4
0.368092 -0.499636 -0.212974 4
0.581211 -1.36622 -0.138425 4
-0.0597553 0.46683 0.281091 4
2.3601 2.36418 0.0265845 4
-0.0989838 -0.647183 -0.33989 4
-0.836092 -0.613519 -0.182055 4
-0.0396008 0.0219937 -0.000904699 3
0.0546743 0.160914 -0.161755 3
0.00892409 0.0250956 -0.0150089 3
-0.290412 0.345251 0.0786999 3
0.0437509 0.162738 0.0489114 3
0.771524 0.561706 0.834076 3
0.222608 0.216009 0.192199 3
0.29951 0.399992 0.252345 3
0.0579541 0.153648 0.018054 3
-0.375421 -0.975109 -0.00483406 4
0.337059 0.475684 0.154285 3
0.0724066 0.119217 0.110312 3
0.641947 0.720283 0.294485 3
0.491944 0.513178 0.101249 3
0.318183 0.33384 0.0555253 3
-0.00587894 0.0469184 -0.00930431 3
-0.595988 -0.52995 -0.1433 4
-1.94161 -1.47929 0.315819 4
-3.21447 -2.91888 0.0478882 4
1.01694 2.05098 0.25088 4
3.22779 4.396 0.355168 4
-2.83893 -3.05191 -0.576855 4
-3.63137 -3.62915 -1.15204 4
-0.0245703 -0.033948 -0.051193 3
-0.0527017 0.0623452 0.0427879 3
-0.402565 -0.278538 -0.14621 3
-1.03979 -0.59688 -0.168099 3
0.650064 4.34864 -0.65737 2
0.717015 2.2131 0.27365 5
0.451006 2.22001 0.496208 4
2.2779 3.87642 0.598757 3
0.909455 1.52753 0.32204 3
-1.53607 -1.73308 -0.573186 4
-0.04536 -0.0874106 -0.0263839 3
-1.51075 -1.65443 -0.323323 3
