# 1 = ball
# 2 = lepton
# 3 = photon
# 4 = PID > 100
# 5 = neutrino
# 6 = other
-0.0784116 -0.901462 -0.408787 4
0.047164 -0.0425597 0.0531814 4
-1.02238 -2.53552 -0.130723 4
-0.839238 1.3269 0.492492 4
-3.8905 -8.54111 -6.77682 4
-0.492704 -1.14889 -1.33864 4
-0.514136 -1.19789 -0.229486 4
0.045574 -2.71343 0.467744 4
-0.568458 -0.697673 0.282744 4
-0.417993 0.953792 0.45398 4
0.100001 0.453932 0.619029 4
-0.152858 0.413543 0.000366254 4
-0.0547165 -0.055735 0.0142133 4
-1.03636 -2.4939 -2.44616 2
0.0292899 -0.00610503 -0.229102 5
-1.25396 -2.42384 -2.56778 3
-0.060342 -0.0749403 -0.0691492 3
1.50434 3.14724 2.36576 4
6.95489 12.7846 8.77352 4
-0.0173411 -0.00167112 -0.0883566 3
-0.0636572 -0.250043 -0.236249 3
-0.323804 -0.548333 -0.288754 3
-0.375683 -0.964589 -0.426513 3
-0.150656 -0.214951 -0.353771 3
-0.0253576 -0.00613867 -0.153057 3
-0.184025 -0.897819 0.298486 3
-0.191479 -0.653124 0.331381 3
-0.0526362 -0.00971808 0.0766238 3
0.0212635 0.112813 0.0823986 3
-0.297847 0.857456 -0.517612 3
-0.0605636 0.0950624 -0.0218552 3
0.0395611 0.125116 -0.0550164 3
0.413912 1.05372 -0.0747652 3
-0.671208 -1.12305 -1.02132 3
-3.43287 -6.01215 -5.05565 3
2.93308 5.35353 3.29458 4
4.1401 6.83696 4.88308 4
