# 1 = ball
# 2 = lepton
# 3 = photon
# 4 = PID > 100
# 5 = neutrino
# 6 = other
-3.40981 2.59145 11.5042 4
1.83674 0.276014 -7.19465 4
5.47842 2.4686 -20.7386 4
0.785555 0.165791 -2.05386 4
0.702161 0.900556 -3.51097 4
0.298387 0.269362 -0.0794349 4
-0.0118426 -0.181208 0.0324217 4
-0.183009 -0.0320908 0.0999635 4
-0.963757 0.47057 2.15407 4
-0.406478 0.16372 0.721449 4
0.11999 -0.1151 -1.3538 4
0.194343 -0.701006 -0.862497 4
0.348559 -0.927197 -0.529513 4
0.0351665 -4.99649 -2.00291 4
0.0727098 -1.23748 -0.262347 4
0.303075 -0.190979 0.144081 4
-0.324887 0.633885 2.19613 4
0.442044 0.213473 0.721004 4
-0.0244678 -0.0328246 0.216519 3
0.00411083 -0.0137451 0.00489248 2
0.00638909 -0.0559613 0.0199725 2
0.0482512 -0.269305 1.39718 4
0.0260152 -0.245583 0.588011 4
-0.0806634 0.154501 1.26882 4
-0.199831 0.345802 1.01176 4
-0.440999 -0.40416 1.32015 3
-0.197679 -0.0786438 0.530673 3
-0.0664279 0.0140299 0.199173 4
-0.250797 0.132956 0.833076 4
-0.0257863 0.0393348 0.0141373 3
-0.454958 0.161616 0.506164 3
-0.292644 0.501622 1.46456 3
-0.201253 0.536253 1.21084 3
-1.29762 1.37961 4.44308 3
-0.612371 0.578784 2.05842 2
-0.800597 0.755522 2.69205 2
-0.0535738 -0.157606 0.0701029 3
-0.0320343 0.0172689 -0.0145876 3
0.131666 -0.717477 -0.245001 3
0.15602 -0.757095 -0.177919 2
0.14795 -0.677481 -0.129595 2
-0.123788 -0.104942 -0.0401062 3
-0.0280943 -0.210918 -0.0298092 3
0.0626093 -0.347009 -0.0306291 3
0.00818124 -0.237217 0.0856661 3
0.00802514 -0.348731 -0.101385 3
-0.0101221 -0.0360386 0.0333599 3
-0.0418494 -0.166198 0.314985 3
-0.0637405 -0.0271768 0.310927 3
-0.0785494 0.181297 0.597552 3
-0.0328729 0.00866032 0.0186399 3
-0.0967743 0.00282233 0.0846046 3
-0.409094 0.306173 0.489008 3
