# 1 = ball
# 2 = lepton
# 3 = photon
# 4 = PID > 100
# 5 = neutrino
# 6 = other
-0.127787 -0.527241 1.38081 4
-0.422956 -0.257887 1.32681 4
0.223896 0.199355 -0.89136 4
-0.624301 1.60802 -2.84223 4
-0.648806 2.28581 -3.05492 4
-3.67211 8.09496 -10.9047 4
0.193548 -0.661385 1.47224 4
0.438029 0.179612 0.0421632 4
0.421068 -0.178778 0.015513 4
-0.161509 0.000741233 -0.392489 4
0.034774 0.428892 -2.34773 4
0.220806 -0.148946 -0.672583 4
1.15739 0.404624 -2.69759 4
-0.00963895 -0.0485486 -0.470136 4
0.276599 0.0730563 -0.471457 4
0.0351004 -0.132969 0.385764 4
0.21059 -0.65446 0.376374 4
-0.108989 -0.0912609 -0.710909 4
-0.110663 0.194414 -0.624543 4
-0.267872 1.48834 -4.06909 3
-0.0521228 0.817273 -2.11005 3
0.0757368 0.301625 -0.653784 3
-0.0310298 0.692555 -1.49558 3
-0.328982 0.911624 -2.55576 4
0.0908981 0.30008 -0.532123 4
0.0555432 -0.266014 1.66108 3
0.109054 -0.64175 2.87976 3
0.00320413 -0.368623 0.0380262 3
-0.0184926 0.00531093 0.0021251 3
0.0527622 -0.169324 -0.189598 3
0.112865 -0.316013 -0.13217 3
0.0961234 -0.545744 1.24714 3
1.53978 -7.48632 16.1189 3
0.355204 -2.57159 5.48394 3
0.059452 -0.192811 0.384164 3
0.504677 -2.31319 4.90741 3
0.0406621 -0.467726 0.975866 3
0.213314 -0.012582 0.152732 3
0.0449394 -0.0573809 0.131663 3
-0.000899688 0.0177443 0.00227752 3
-0.0361478 -0.0286542 -0.42542 3
0.0565228 0.160801 -0.589478 3
-0.000244336 -0.0256391 -0.151041 3
