# 1 = ball
# 2 = lepton
# 3 = photon
# 4 = PID > 100
# 5 = neutrino
# 6 = other
-0.000867704 -0.000484099 0.0233151 3
0.10487 -2.1256 -1.68995 4
0.619126 -4.53309 -3.2186 4
0.0127495 -0.00567199 -0.125623 4
0.116921 -0.087642 -0.054371 4
0.514937 -0.585675 -0.8181 4
-0.196661 -0.0563371 0.090335 4
0.149492 0.927836 -0.298689 4
-0.329265 0.671399 0.368966 4
0.144201 -6.39153 -4.95459 4
-0.468592 -4.80714 -3.43537 4
-0.0452224 -4.25283 -3.08503 4
0.036972 -0.384061 -0.380689 4
0.572602 -0.348644 -0.271791 4
0.116485 0.0979833 -0.343545 4
2.04704 0.106462 -1.64732 4
0.318365 -0.180908 -0.343766 4
0.463375 -0.484779 -0.00706717 4
0.701672 0.455916 -0.403908 4
0.548263 2.25595 0.110768 4
0.463617 0.103416 0.0171153 4
-0.335225 0.653541 0.0962921 4
0.374036 0.607321 0.49062 4
-2.28017 5.34329 5.68449 4
-1.26881 2.86018 3.47779 4
-3.31292 7.14921 7.25452 4
0.139637 -1.82895 -1.25867 4
0.0606879 -0.360488 -0.347602 4
0.305976 -0.33814 -0.042379 3
0.135672 -0.32374 -0.0378649 3
0.292218 -0.522594 -0.0767978 4
0.498895 -0.382556 -0.128561 4
0.0397573 -0.343113 -0.278562 3
0.110294 -0.168363 -0.224611 3
-0.163916 1.29968 0.706761 4
0.188476 1.19325 0.830786 4
-1.38456 3.97416 3.74722 3
-0.370735 0.934221 0.963343 3
-0.0854534 -0.156435 -0.139516 3
0.00635055 -0.338918 -0.185592 3
0.290547 -0.172687 0.142538 3
0.0088056 0.0213882 0.00489315 3
0.284021 1.04725 -0.00361749 3
0.470888 1.20895 -0.0561018 3
-0.0364309 0.701832 0.980977 3
-0.100225 0.396717 0.466426 3
-0.132453 -1.10793 -0.662768 3
-0.0417058 -1.70021 -0.958764 3
0.212267 -0.210288 -0.0403617 3
0.1242 -0.011531 0.00607504 3
0.0223664 0.173377 -0.00095183 3
0.0574314 0.0269913 0.0579143 3
