# 1 = ball
# 2 = lepton
# 3 = photon
# 4 = PID > 100
# 5 = neutrino
# 6 = other
-0.00840896 0.00377594 0.770737 3
-3.94279 -13.0617 12.7961 4
0.00561265 -2.21365 2.42388 4
-0.134053 -0.30832 1.23371 4
-0.777612 -2.28419 3.67783 4
-0.113064 -0.171213 1.17833 4
-2.22017 -3.44311 6.10806 4
-0.769233 -1.39627 1.91784 4
-1.42262 -1.24135 1.87018 4
0.4748 0.749263 -1.25913 4
-0.359078 0.696461 -0.718718 4
0.110659 0.668853 -0.965273 4
0.375182 1.33934 -2.40152 4
0.600544 2.11902 -2.63085 4
1.74223 4.16406 -5.49605 3
0.0137304 0.100827 -0.291574 3
4.10798 8.43821 -10.9671 4
0.735969 1.40926 -1.66957 4
-0.582695 -1.23273 1.01145 4
-0.130379 -0.218654 -0.0288966 4
1.11593 2.65852 -3.13513 3
1.77873 3.01798 -4.38631 3
-0.254885 -0.22759 0.289657 3
-0.279781 -0.253194 0.531625 3
-0.00278529 -0.131685 0.505605 3
-0.0571404 0.0109301 0.179749 3
-0.20522 -0.0937874 0.299631 3
-0.141184 0.0476083 0.197718 3
0.0565305 0.204876 -0.323904 3
0.283211 0.648489 -0.718052 3
