# 1 = ball
# 2 = lepton
# 3 = photon
# 4 = PID > 100
# 5 = neutrino
# 6 = other
0.00103719 -0.00129907 -0.00549846 3
4.99078 -0.494116 -2.21442 4
1.69662 0.308183 -1.10784 4
1.30472 -0.0354199 0.0450608 4
-0.136022 -0.118253 0.385541 4
-0.486928 -0.335674 0.0193866 4
0.0243585 -0.0605782 -0.180721 4
-0.112114 -0.217323 -0.134894 4
-2.26104 0.115271 1.0905 4
-0.809291 -0.0101809 -0.100002 4
16.7673 -0.815618 -4.89368 4
1.7377 0.0643366 -0.417453 4
3.56918 -0.0706155 -0.797646 4
0.477047 -0.328238 -0.679318 4
0.364003 0.0736459 -0.0391618 4
-0.452379 0.15065 0.0625694 3
-1.03961 0.334351 -0.0608054 3
-1.33444 -0.0712635 0.554953 4
-2.66607 -0.150819 0.733219 4
0.443793 0.184784 -0.201036 3
0.0521699 -0.012666 0.00811127 3
0.0141083 0.0177677 -0.0190709 3
0.0627856 0.369212 0.204761 3
-1.40791 0.390205 0.225814 3
-0.0146428 0.0213153 0.00710839 3
-0.6178 -0.126931 0.294842 3
-0.947503 -0.0373327 0.37898 3
4.09307 -0.247233 -0.855832 4
1.85641 -0.0609668 -0.782687 3
3.19938 -0.0665608 -1.1627 3
0.568313 0.0320628 -0.349971 3
0.0432478 0.0087201 0.0104801 3
0.351549 -0.137117 -0.296294 3
0.261151 -0.0748455 -0.0863308 3
-1.53507 -0.180823 0.529698 3
-0.000756125 -0.00369375 -0.00390547 3
-2.10366 0.176967 0.758798 3
-0.275383 -0.0254943 0.103834 3
-5.89196 -0.119647 1.90772 4
-3.41681 0.136291 1.40731 4
-6.35114 0.613718 2.09429 4
-7.90082 0.714997 2.77714 4
-0.100623 -0.00676388 0.0102612 3
-2.0167 0.0969944 0.778891 3
