# 1 = ball
# 2 = lepton
# 3 = photon
# 4 = PID > 100
# 5 = neutrino
# 6 = other
0.00183741 0.0011044 -0.157433 3
0.269929 -0.22343 0.349144 4
1.00898 -2.81899 0.308519 4
0.397639 -0.408276 -0.372347 4
0.601508 0.593109 -1.00467 4
1.35492 0.862458 -0.131416 4
7.29989 3.34979 -2.77166 4
-22.2329 -4.80357 9.29362 4
-11.8235 -2.83327 4.47007 4
-2.8451 -0.473926 0.862766 4
-0.0448766 0.0464228 0.0655701 4
0.679051 -0.781986 0.105844 4
0.235667 0.0263044 0.321243 4
0.3566 0.270306 0.140881 4
0.609685 -0.368577 0.0686579 4
1.84852 0.858196 -1.34046 4
1.91118 -2.68737 0.215582 3
0.0379055 -0.0331201 -0.00853305 3
3.42542 1.92183 -2.16563 3
0.296514 0.138419 -0.146468 3
10.1089 4.75895 -5.54705 3
3.42436 1.83535 -1.65136 3
0.22756 0.000973132 -0.0425158 3
0.44897 -0.161971 -0.196135 3
0.370388 0.103042 -0.130202 3
2.03096 0.828239 -0.536027 3
