# 1 = ball
# 2 = lepton
# 3 = photon
# 4 = PID > 100
# 5 = neutrino
# 6 = other
0.00109575 -0.000748802 -0.00208462 3
-0.500795 0.576111 0.710719 4
-1.82685 1.06809 1.77655 4
0.698324 1.46888 1.21014 4
-0.113491 0.123585 0.197017 4
1.84061 -0.788862 -1.56755 4
0.600346 2.11014 1.65934 4
1.00069 3.39675 2.22941 4
-0.21907 -0.347903 -0.0534747 4
-0.226703 -1.03429 -1.79445 4
0.0265228 -0.121839 0.0891341 4
-0.218419 -0.128419 0.0367633 3
-2.78046 0.401224 2.19252 4
-0.269959 0.0139632 0.114705 3
-2.66525 1.27017 2.68353 3
-0.527472 0.225117 0.597441 3
0.0516642 0.473513 0.67548 3
-0.0332121 0.231711 0.218149 3
0.0371515 0.324961 0.262612 4
0.399392 0.964418 0.879492 4
0.0506304 0.0120755 -0.0535956 3
0.0258456 0.132734 0.101352 3
-0.04783 0.595928 0.18567 3
0.254866 0.794195 0.322029 3
1.35516 3.51923 1.66161 3
-1.04264 -1.52917 -1.54301 3
-0.0961039 -0.0889244 -0.0837633 3
-0.109336 -0.0123408 0.114634 3
-0.0484157 0.103045 0.0726509 3
-0.225424 0.119763 0.126439 3
-0.572582 0.265532 0.566818 3
-0.127218 0.115005 0.11387 3
0.0100291 0.029544 0.112607 3
0.760586 1.3301 0.779796 3
0.232647 0.317765 0.260854 3
-1.09026 -0.419798 0.168793 3
5.22373 -2.93484 -5.19903 4
1.60055 -0.602862 -2.15161 4
3.41363 -0.306059 -2.46436 4
2.9973 -0.315817 -3.14636 4
-2.08073 -1.14158 1.60015 4
-0.322806 -0.233869 0.191175 3
-0.00150784 0.00649886 0.0309354 3
2.94316 -1.84397 -3.02639 4
2.61684 -1.92247 -3.59254 4
-2.3677 -1.33483 -0.415967 4
-0.0804178 -0.0537936 -0.0206913 4
-1.23967 -0.997625 0.744408 3
-0.146733 -0.177784 0.0847576 3
-0.259407 -0.0464937 0.0816153 3
-0.1578 -0.147154 0.0732436 3
-0.133217 -0.000454535 0.0291896 3
-1.7693 -0.497546 0.477603 3
-0.904024 -0.381691 0.342075 3
-0.0704997 -0.00325316 -0.0020785 3
-0.303514 -0.142066 0.0190439 3
-1.34529 -0.682608 0.371269 3
-2.21667 -1.75098 0.951363 4
