# 1 = ball
# 2 = lepton
# 3 = photon
# 4 = PID > 100
# 5 = neutrino
# 6 = other
0.00372261 0.00329079 1.70141 3
3.06039e-05 -0.00107216 -0.0204324 3
-1.30681 -1.04032 -4.19233 4
-1.94941 -1.76972 -7.75839 4
0.0083794 -0.546249 -1.53889 4
0.307152 1.27073 0.231825 4
0.528182 0.771278 1.15031 4
2.99306 -2.53637 11.8839 4
-3.12904 -2.9203 -11.3841 4
-1.12618 -1.14233 -5.5605 4
-0.133273 -1.39676 -2.12319 4
-0.125818 0.123441 0.120097 4
0.221108 0.463041 0.641073 4
-0.0419154 0.309398 0.0494782 4
-0.0557909 0.625202 1.84749 4
0.114286 -0.0486999 0.154311 4
0.271106 0.667962 1.91819 4
0.739282 1.45831 3.04034 4
0.0434509 1.80354 3.24099 4
1.35575 0.493345 3.16493 4
0.431108 -0.00247714 0.734073 4
-0.0904217 -0.0330385 0.0768789 4
1.42868 1.66957 1.59358 4
0.555639 -0.400717 3.32599 4
-1.19419 -1.3167 -3.26316 3
-0.0139895 0.00760457 -0.0407127 3
-1.42183 -0.548144 -3.07665 3
0.251939 0.878567 0.983509 3
0.238138 0.523887 0.719663 3
0.569929 0.767065 1.44771 4
0.716789 0.979838 1.36563 4
0.0920244 0.177541 -0.24242 3
-0.0488799 0.0766875 -0.100876 3
-0.0235497 0.117773 -0.0703928 3
0.00987882 0.100984 -0.263677 3
0.0215643 0.027142 -0.0540392 3
-0.032095 0.099354 0.0616291 3
-0.123313 0.25547 0.800923 3
0.0230837 0.00336607 0.0430632 3
-0.0461014 0.131258 0.225236 3
-0.00862195 -0.0344893 0.0499546 3
-0.0282479 -0.0792402 -0.248334 3
-0.0248153 0.0109717 -0.634054 3
