# 1 = ball
# 2 = lepton
# 3 = photon
# 4 = PID > 100
# 5 = neutrino
# 6 = other
2.14837 -1.08377 1.82235 4
0.169394 -0.438355 0.695873 4
1.25246 -0.718153 1.82042 4
1.10008 -0.556226 2.14372 4
1.89341 -1.10122 1.5504 4
-0.49643 -0.0542689 -0.584447 4
-0.0768444 0.195871 0.498561 4
-0.686993 -0.0826859 -0.632023 4
-0.11564 0.355315 -0.0727947 4
-12.4496 2.80961 -10.3028 4
0.977326 0.0334229 1.51408 4
1.3717 -0.388045 2.27153 4
1.33372 -0.714309 1.51079 4
0.297449 -0.414571 0.118122 4
15.3851 1.18015 5.41177 4
0.377339 0.168403 0.246724 3
0.272575 0.022657 0.0964849 3
0.722649 -0.467565 1.72792 4
0.201023 -0.136573 0.266931 4
-0.258584 0.146721 -0.34714 3
-0.914706 -0.269066 -0.327325 3
0.0153501 -0.0119317 -0.0431894 3
0.204258 0.0100794 0.0498894 3
1.01826 -0.294262 0.85401 3
0.841599 -0.370599 0.776743 3
0.593444 -0.0650391 0.836939 3
0.294073 -0.126679 0.403066 3
1.80174 -0.268115 0.998651 4
0.391055 -0.286102 0.728259 3
1.034 -0.631375 1.50244 3
-15.2451 3.06233 -12.5372 4
-1.01042 0.139862 -0.915396 3
-0.392901 0.132515 -0.423245 3
-0.259892 -0.0553509 -0.166481 3
-0.168586 0.0499381 -0.19933 3
-0.586348 -0.0209076 -0.610948 3
-0.0355466 -0.0171005 -0.00563368 3
-0.0997645 -0.0140771 -0.0638582 3
-0.898991 0.279479 -0.613797 3
