# 1 = ball
# 2 = lepton
# 3 = photon
# 4 = PID > 100
# 5 = neutrino
# 6 = other
1.46775 0.116088 -1.41188 4
2.98823 0.0398037 -1.35468 4
1.70848 -0.569781 -0.865572 4
0.303312 -0.0162231 -0.0454111 4
2.3633 -0.330942 -0.360431 4
-0.231464 0.171387 0.563427 4
-0.164105 -0.0556696 0.276652 4
0.102896 0.22647 -0.273218 4
4.26997 0.123644 -2.87115 4
0.0979187 -0.0231921 0.0597281 3
-0.413344 0.304369 0.114732 2
-0.193675 0.141367 0.0523407 2
0.336717 -0.384994 0.281475 3
0.011467 -0.0996872 0.0515389 3
0.869882 -0.110528 -0.0529117 3
0.406852 0.0130668 -0.090822 3
0.241394 0.049897 -0.114114 3
-0.77089 -0.0993933 0.589338 3
-0.545186 -0.0982934 0.289011 3
0.177604 0.355803 0.737871 3
0.0648208 0.300904 0.403159 3
0.175646 0.0533906 0.258161 3
0.105917 0.143423 0.396974 3
7.13456 -0.331081 -2.73624 4
-9.78628 -1.10675 3.95117 3
-2.95805 -0.562906 1.42685 3
-1.77485 -0.373282 0.601563 4
-9.46752 0.553388 4.34875 2
-0.248462 0.174454 0.0685943 5
-1.16596 0.112168 0.540271 3
-0.604998 -0.0376178 0.297933 3
3.68862 -0.105548 -2.40898 4
-0.127082 -0.115057 0.123941 3
-0.182491 -0.0407554 0.288881 3
-9.56814 -0.0407309 5.02541 4
0.244002 0.0891762 -0.277966 3
0.242425 0.0340697 -0.111944 3
5.5556 0.544077 -3.41895 4
0.0178487 0.00302036 0.00138831 3
1.51465 0.150678 -1.17956 3
1.38631 0.499499 -1.2675 3
1.98523 0.549189 -1.81394 3
-0.00608813 -0.0020625 -0.0012031 3
0.747167 -0.244837 -0.0926973 3
