# 1 = ball
# 2 = lepton
# 3 = photon
# 4 = PID > 100
# 5 = neutrino
# 6 = other
-0.0314893 -0.0212334 1.24562 3
0.000129085 0.00161206 -0.0236025 3
2.40425 0.153377 0.698724 4
-0.0676913 -0.156808 -0.299807 4
-1.33164 -1.90147 -4.2535 4
-1.13627 0.393684 -2.35088 4
-1.22535 -0.459827 -2.28705 4
-0.548286 0.0395488 -1.52638 4
2.04228 0.357905 5.37088 4
0.174088 0.417082 0.486944 4
0.928037 0.719267 -0.547772 4
-0.049694 0.470611 -0.756338 4
-1.64659 -0.724802 -3.50319 4
-0.691448 -0.343004 -1.06676 4
-2.04259 -0.115484 -5.54219 4
-0.793171 -0.285194 -1.73499 4
-1.88 -0.57636 -3.25763 4
-1.03939 -0.555781 -2.03237 4
4.12057 1.57148 13.7363 4
2.73098 0.850363 8.06775 4
0.172525 -0.0192685 -0.040092 3
-0.0247711 -0.00875075 0.00552725 3
0.000460304 0.0139793 -0.00934423 3
0.302887 -0.235228 -0.0611618 3
0.00506416 -0.0615428 -0.284756 3
0.183405 -0.40563 -4.26955 3
-1.23473 0.203568 -3.20812 4
-0.348299 -0.0691491 -1.23314 4
-1.06382 0.0707735 -1.1845 3
-0.967938 -0.0327743 -1.20637 3
0.569791 -0.0654469 3.03594 3
0.0328784 -0.0290686 0.125644 3
0.146267 0.00940764 0.392737 3
2.58011 0.653128 8.04925 3
0.0006816 -0.000975762 -0.0920968 3
-0.271218 0.142008 -0.443757 3
