# 1 = ball
# 2 = lepton
# 3 = photon
# 4 = PID > 100
# 5 = neutrino
# 6 = other
0.207379 0.469683 3.4801 3
-1.60888 0.339611 -2.32503 4
-2.98574 1.35553 -5.24757 4
-1.3774 0.884006 -1.73628 4
-1.21841 0.411809 -1.1437 4
-0.412955 -0.136681 1.25976 4
-0.670614 1.0677 -0.671037 4
-0.558222 0.558127 1.09132 4
-0.906736 -0.0646714 0.55987 4
-0.61567 0.535514 1.28669 4
-0.0261027 -0.050743 0.757628 4
0.00815724 -0.116484 0.45517 4
0.0934246 -0.296748 0.207803 4
2.62534 -1.44406 1.94969 4
-0.017744 0.0730105 -0.0409995 3
-0.535867 0.691806 -0.178396 3
-0.104558 0.125511 -0.156643 3
-0.00102961 -0.0166151 -0.0977837 3
-0.00318532 0.0559257 -0.127015 3
-0.087777 -0.039871 -0.0818565 3
0.274861 0.00108786 0.967656 3
0.171729 -0.0190836 1.12332 3
0.989372 -0.685432 1.40678 3
0.501147 -0.462499 0.742795 3
-4.14036 1.89817 -8.09964 4
-4.90016 2.36284 -9.10917 4
-2.41556 0.98913 -5.59028 4
1.01624 -0.480843 1.41895 4
2.69131 -1.37705 2.82535 4
1.6642 -0.668639 1.80332 3
2.48796 -0.976945 2.46067 3
5.83221 -2.87956 6.33103 3
4.02364 -2.10354 4.47747 3
