# 1 = ball
# 2 = lepton
# 3 = photon
# 4 = PID > 100
# 5 = neutrino
# 6 = other
7.71373 -16.958 6.01953 4
2.40259 -4.61985 1.03068 4
0.798939 -1.41279 0.524753 4
0.474576 -0.442773 0.182998 4
0.0624413 -0.022467 0.167254 4
0.0499074 0.108741 -0.284943 4
-0.824144 1.08686 -0.66549 4
0.321168 1.25841 -0.596718 4
-8.61919 16.5637 -5.2282 4
0.976051 -1.74165 0.703275 4
0.0311093 0.808572 0.258204 4
0.17478 0.239742 0.214122 4
-0.719553 0.58616 0.602496 4
-3.78185 7.41729 -2.46895 4
-0.433337 0.618605 -0.0998079 4
-2.65585 5.2361 -1.69885 4
-1.89952 3.38684 -1.14285 4
1.35171 -3.64475 0.790914 4
2.35826 -4.15889 1.49987 3
0.854154 -1.65261 0.629229 3
0.16195 -0.100051 0.0371794 3
0.554467 -0.518699 -0.0755403 3
0.0821928 -0.122483 -0.0785693 3
0.209218 -0.719335 -0.185372 3
-0.0584506 0.0366593 -0.00466229 3
-0.0520588 0.32679 -0.137196 3
0.195983 -0.477525 -0.0416925 3
0.0434547 -0.412259 -0.00476547 3
0.138549 -0.265344 0.074727 3
0.00775663 0.0114925 0.0259338 3
-0.0355322 -0.0719731 -0.0218459 3
0.116493 -0.344508 -0.0257295 3
