# 1 = ball
# 2 = lepton
# 3 = photon
# 4 = PID > 100
# 5 = neutrino
# 6 = other
-4.02399 -0.736569 5.44901 4
-6.59745 -1.29739 8.38538 4
-1.24016 0.0312625 1.92185 4
0.301276 0.000256559 0.113566 4
1.08894 -1.0205 0.317438 4
7.64541 2.07382 -10.4658 4
6.30421 1.90512 -8.93257 4
-3.89222 -0.897425 4.48105 4
-2.07682 0.114657 2.90826 4
-3.60507 -0.188441 4.84735 4
-0.313107 0.235494 -0.0624526 4
0.872014 -1.13131 -0.695717 4
-0.0783246 -0.0715195 -0.000379414 4
0.375795 -0.75906 -0.817193 4
-0.0745254 0.104403 -0.153769 4
4.78622 0.413428 -6.9513 4
1.3811 0.448028 -1.87697 4
-0.277716 -0.246766 0.252724 3
-2.33672 0.796297 3.03443 3
-0.0135445 0.0107832 0.0404017 3
0.065343 0.0332629 -0.0198259 3
0.0702308 0.209129 -0.257647 3
0.14869 -0.421011 0.0569629 4
0.00915306 -0.350178 0.0692539 4
-0.043159 -0.00356602 0.140814 3
-0.0555405 -0.078077 0.0183783 3
0.0421147 0.010919 -0.041949 3
1.90672 1.0443 -3.34821 3
-0.0875142 0.0103307 0.145346 3
-0.65003 0.336395 1.86534 3
0.305705 -0.453973 -0.272208 3
0.0629847 -0.1221 -0.151607 3
