# 1 = ball
# 2 = lepton
# 3 = photon
# 4 = PID > 100
# 5 = neutrino
# 6 = other
-0.276986 0.643593 -0.955005 3
-0.210631 -0.262787 -0.340668 4
0.538901 -2.80427 -3.67286 4
0.661826 -0.658703 -2.803 4
0.0441434 -0.0668752 -0.158516 4
0.302696 0.785775 -0.032787 4
-0.694325 0.591452 -0.247076 4
0.358739 1.06905 0.269322 4
-1.53697 4.87633 13.1296 4
-0.640684 -4.55456 -4.53062 4
0.24832 -0.739325 -1.37526 4
0.503155 -1.15082 -2.47937 4
0.822382 0.193859 -3.56515 4
-1.41364 5.27226 -1.42518 4
-0.277432 0.412302 0.15326 4
-0.236708 2.00337 5.24766 4
0.369801 0.223255 0.622271 4
0.607507 -0.246922 -0.381509 4
-0.0503744 -1.3974 -1.86733 3
-0.028185 -0.242287 -0.307462 2
-0.153743 -1.34577 -1.70817 2
0.372549 -0.51627 -1.74406 3
0.229881 -0.177751 -0.693847 3
0.317451 -0.606208 -0.928171 3
0.565736 -0.768469 -1.18617 3
-0.0495823 -0.0038442 0.102062 4
0.387782 -0.419317 -0.206383 4
-0.599153 2.6143 6.7562 3
-0.224888 2.99026 6.61935 3
0.0597214 -1.05696 -0.856258 3
-0.0624277 -2.01045 -1.54968 3
-0.0245338 -0.955778 -0.995713 3
-0.0797401 -0.802057 -0.68949 3
0.00623275 -0.391688 -0.318065 3
-0.185878 -0.845525 -0.703272 3
0.0593345 -0.115328 -0.0595594 3
0.270425 -0.5065 -0.617672 3
0.0189363 0.597439 2.02304 3
0.0105184 0.105776 0.293335 2
0.0378172 0.461973 1.23052 2
0.0106486 -0.0437917 0.0415749 3
-0.0586201 -0.151352 -0.0898916 3
