# 1 = ball
# 2 = lepton
# 3 = photon
# 4 = PID > 100
# 5 = neutrino
# 6 = other
0 0 0.00040215 3
-1.38046 0.805778 1.67878 4
-1.45113 0.583113 0.464923 4
-0.613835 -2.46692 0.212595 4
-0.370087 -0.849005 -0.0636264 4
-0.745803 2.77058 -0.482927 4
-0.297011 1.56015 0.152236 4
-2.08761 4.50934 0.489525 3
-0.110664 0.234909 0.0567718 3
0.00831983 0.170022 -0.0552951 3
-0.330972 0.416901 0.793713 3
-0.0331122 0.00658485 0.016503 3
-0.744411 1.2182 -0.24381 3
-0.643724 0.839824 -0.147693 3
0.160083 -0.588625 0.0234043 3
0.445425 -0.205533 -0.18475 4
0.527481 -0.565365 0.131465 4
0.28073 0.178197 -0.190281 3
-0.0106402 0.00124064 -0.0176194 2
-0.00284152 0.00241775 -0.00475632 2
-0.344588 4.18917 0.687399 5
-0.754914 7.75741 -1.44279 2
0.2885 5.61837 -0.392616 4
-0.12083 0.319673 -0.099172 3
-0.0205846 0.387434 -0.0306818 3
-0.437527 1.85963 -0.289868 3
-0.223157 0.606573 -0.101173 3
-0.43577 1.24313 -0.100979 3
-0.0333927 0.0268005 -0.00946044 3
1.76632 -7.5876 -1.61652 5
4.34346 -11.8866 0.971637 2
-0.0101686 0.0564032 -0.0443885 3
0.0456638 -0.0685551 -0.0482173 3
0.97405 -2.55917 -0.435587 4
-0.199636 0.922972 0.0518345 4
-0.396554 1.76627 -0.050589 4
1.90326 -7.49202 0.797831 4
0.623176 -2.32845 0.122257 4
-0.407556 2.07794 -1.12412 4
-0.1857 0.695712 0.123507 4
0.492168 -2.26284 0.175844 3
0.534042 -1.96402 0.226286 3
