# 1 = ball
# 2 = lepton
# 3 = photon
# 4 = PID > 100
# 5 = neutrino
# 6 = other
-0.00599982 0.000784919 0.049984 3
0.000480097 0.000751245 -0.189886 3
0.229625 0.0985028 -0.0645998 4
0.761228 0.527347 0.635021 4
2.0819 1.88084 1.13167 4
-0.172561 -0.0934035 -0.107269 4
-0.438449 -0.107214 -0.446851 4
-0.45296 -0.439641 0.884512 4
-0.794265 -1.89249 -0.207474 4
-1.27745 -1.5776 -0.312132 4
0.330099 1.29891 -0.717529 4
0.294407 0.366651 -0.112925 4
0.64861 0.153696 -0.20774 4
0.0502071 0.243759 0.297006 4
0.0342805 -0.230767 0.00778301 4
5.6733 6.49787 3.01251 4
0.206822 0.324032 0.183069 3
0.256444 0.380127 0.0739578 3
0.567454 1.0975 0.372433 3
0.316498 0.765362 0.309328 3
0.359799 0.622015 0.182085 3
1.2412 1.64456 1.04367 4
2.24496 2.99438 1.39827 4
0.220456 0.0710872 0.28115 4
0.0865651 0.71067 0.76054 4
-0.229391 -0.267156 -0.042036 3
-0.0696877 0.175444 0.318737 3
-0.168394 0.0969996 0.436017 3
0.582456 1.07955 -0.108276 4
0.858187 2.20771 -1.14675 4
1.27702 1.15705 -0.288359 4
0.412858 0.714013 -0.519946 4
0.0189863 0.295987 -0.118254 4
1.14654 2.91845 -1.86522 4
-0.0202981 0.886172 -0.467923 4
0.988115 1.1435 0.355405 3
0.0916362 0.167019 0.072268 3
0.0203701 -0.0207645 0.137286 3
0.110224 0.179641 0.485228 3
-3.79933 -5.18953 -0.480084 4
-4.09373 -6.75738 -1.04179 4
0.0688614 0.207282 -0.0984709 3
1.29602 2.42751 -1.36238 3
-0.687464 -1.39883 -0.313122 2
-1.1694 -1.979 -0.718114 5
-3.36603 -6.04637 -0.505679 4
-1.09436 -1.64916 -0.356671 4
-1.22357 -1.57194 -0.0809081 3
-1.84509 -2.62388 -0.0589614 3
-0.182184 -0.195122 -0.103517 3
-1.38501 -1.29494 -0.385069 3
