# 1 = ball
# 2 = lepton
# 3 = photon
# 4 = PID > 100
# 5 = neutrino
# 6 = other
1.79221e-05 -0.000810655 -0.000238627 3
0 0 -0.000162388 3
-14.8901 -13.0367 10.7886 4
-0.73753 -1.07188 0.886184 4
-2.01374 -1.29533 1.18628 4
-0.160317 -0.700932 0.945959 4
-0.511081 -0.223373 0.010143 4
-0.751106 -0.312395 -0.227893 4
0.221235 -0.320526 -0.340058 4
-0.232213 -0.0162494 0.222444 4
0.0454327 0.328065 -0.029073 4
2.58212 0.838121 -1.38987 4
0.531983 0.639046 -0.318332 4
1.15911 0.646384 -0.810258 4
17.1516 15.1553 -11.7223 4
-0.180681 -0.17633 0.230789 4
-3.97519 -3.18346 2.02422 4
-1.73235 -0.986865 1.11024 4
0.137835 0.96258 -0.761855 4
0.217096 0.0201817 -0.257435 4
0.384963 -0.0374762 -0.109839 4
3.02277 2.429 -1.78002 4
-0.262666 -0.132473 0.286982 3
-0.876598 -0.490029 0.663212 3
0.13432 0.246189 -0.214016 3
0.254019 0.459524 -0.189605 3
-0.00758333 0.0211771 -0.0170321 3
0.505207 0.525063 -0.523723 3
-2.64339 -1.91034 1.61237 3
-0.466235 -0.346872 0.225647 3
0.088223 0.44681 -0.0420979 3
-0.021281 0.018845 0.0162225 3
0.0840569 0.0389156 -0.0174986 3
2.9421 1.46679 -1.45796 3
