# 1 = ball
# 2 = lepton
# 3 = photon
# 4 = PID > 100
# 5 = neutrino
# 6 = other
-1.7565 -0.077419 0.843784 4
-0.57465 -0.000508219 0.934161 4
-0.184589 0.622547 0.682778 4
0.0810616 0.0411896 0.191496 4
0.406743 0.484044 0.698821 4
0.624686 0.68566 0.477949 4
0.939386 -0.108897 0.0302062 4
-0.49488 -0.0295334 0.189366 4
-0.042876 0.24411 0.146652 4
-0.00287531 0.08605 0.194559 4
-0.218358 -0.522232 -0.0721526 4
0.51109 -0.0335868 0.886399 4
-0.500645 -0.165136 0.123455 3
-0.00801066 0.0378211 0.0734422 3
-0.268173 0.16439 0.161779 3
18.9414 6.00335 -5.31801 5
0.989604 0.202002 0.309537 2
0.468487 0.0388071 -0.387854 3
0.106798 0.0164525 -0.0179968 3
0.0221477 0.0210791 0.0412024 3
0.169189 0.111758 -0.091964 3
0.177795 0.149584 -0.14958 3
0.146565 0.0179389 -0.0230294 3
0.978547 0.296702 -0.372159 4
-1.4368 -0.43573 0.125119 3
-3.32276 -1.09652 0.493564 4
5.0096 1.37504 -1.98133 4
1.43041 0.436669 -0.276019 4
-0.650568 -0.0105691 0.106442 4
-0.461717 -0.216541 0.116902 3
-0.439142 -0.071461 0.130855 3
7.67766 1.79714 -3.06592 4
0.339748 0.263839 -0.311677 3
0.233127 0.0600846 -0.143213 3
-3.53751 -1.30569 0.244388 4
-4.79988 -1.6654 1.01364 4
-3.1462 -0.90857 1.02057 4
-1.95248 -0.706309 0.236283 4
-3.22195 -1.0134 0.941926 4
-4.10142 -1.78577 0.622896 3
-0.520235 -0.279721 0.0869515 3
-2.485 -1.23966 0.0192429 3
-0.100208 -0.0488269 -0.0264266 3
-0.224643 -0.080284 0.0741265 3
-4.80194 -1.3545 1.01884 3
