# 1 = ball
# 2 = lepton
# 3 = photon
# 4 = PID > 100
# 5 = neutrino
# 6 = other
0 0 0.000102334 3
1.1185 -1.22728 0.610422 4
-2.54347 -0.689736 1.05637 4
-0.869755 -0.67233 0.68475 4
-1.25766 -1.54804 -0.614174 4
-0.435232 -0.78929 -0.176582 4
-2.8287 -4.31247 -3.28531 4
-1.05616 -1.72311 -1.0535 4
1.35106 -1.0841 1.79348 3
0.153618 -0.0706003 0.1636 3
0.0949131 0.0861097 -0.0184735 3
0.00928013 -0.0133863 -0.00214221 3
-0.480477 -0.542681 -0.195893 3
-0.012677 0.0222566 -0.00650708 3
-0.00694957 -0.173872 0.0647533 3
3.575 3.70138 -1.294 4
7.62845 7.69327 -6.14955 3
1.43736 1.37968 -1.09598 3
-0.218636 -0.0858232 0.224674 3
-0.517615 -0.233647 0.287088 3
-1.78385 -1.65706 2.39121 4
-2.29099 -1.49783 2.39876 4
-0.348319 -0.396086 0.162411 4
4.9744 3.34714 -2.88585 4
1.21065 0.915937 -0.618566 3
0.0774056 0.0231443 -0.0202106 3
-3.95389 -1.70564 2.61213 4
-3.5608 -1.6544 2.45414 4
-4.89609 -2.63782 3.90482 4
-0.723746 -0.378798 0.967866 3
-0.279943 -0.0586541 0.36139 3
-2.09925 -0.742509 1.46696 4
0.266049 0.191502 -0.233015 4
1.33462 1.00525 -0.696794 3
3.51846 2.92974 -1.91398 3
2.92492 2.28496 -1.15928 3
0.48954 0.314795 -0.18513 3
