# 1 = ball
# 2 = lepton
# 3 = photon
# 4 = PID > 100
# 5 = neutrino
# 6 = other
-0.018652 -0.0550683 -0.0788777 3
5.57039e-05 0.000976525 0.000530315 3
-4.38677 -0.458874 0.426807 4
-3.01448 -0.0270448 0.572471 4
-0.397976 -0.336648 -0.138043 4
4.74452 0.359956 -0.395969 4
5.78185 0.69812 -0.806317 4
-6.50485 -0.426817 0.585431 4
0.126121 -0.0372915 0.0149134 4
1.534 0.275813 0.0290158 4
4.11625 -0.314089 -0.4654 4
3.56734 0.143705 -0.221561 4
4.06415 0.691732 -0.483207 4
11.0844 0.463041 -0.844264 4
9.55046 0.423453 -1.35356 4
-3.12621 -0.405011 0.581872 4
-3.66795 -0.585381 0.214257 4
-3.91148 -0.133795 0.486455 4
-3.73654 -0.135169 0.620495 4
-8.94931 -0.214677 0.9281 4
-2.30245 -0.0903916 0.151431 3
-1.26478 -0.0683523 -0.0151107 3
-0.210788 0.243737 -0.0715696 3
0.008032 0.0664023 0.0143024 3
-1.58556 -0.186912 0.0491106 3
-0.117225 0.0164571 -0.0171705 3
-0.174593 -0.00275891 -0.0152819 3
-1.20759 0.0948876 0.231141 3
