# 1 = ball
# 2 = lepton
# 3 = photon
# 4 = PID > 100
# 5 = neutrino
# 6 = other
9.12087 0.989904 3.99535 4
4.58146 1.16832 1.85699 4
7.63674 1.36878 3.20567 4
1.06865 0.107486 0.76612 4
-5.84005 -2.86472 1.46498 4
-1.68066 -0.931224 0.995807 4
-4.18667 -1.9886 1.20759 4
-0.33729 -0.0732725 -0.435722 4
-0.37063 0.0550656 0.189674 4
-0.387772 -0.573232 -0.00680745 4
-0.0871141 0.0573641 0.0954319 4
-11.4811 1.62143 -10.973 4
-1.48318 0.390936 -1.24142 4
5.37681 0.50844 2.38633 4
1.08933 -0.340468 0.331615 4
-0.133779 -0.0215186 -0.0311877 4
-0.249456 0.0314144 0.61193 4
7.90338 0.8593 2.77036 4
-0.110959 -0.0569822 0.0706893 3
-0.58025 -0.200344 0.0735646 3
-0.803 -0.451464 0.11257 3
-0.359024 -0.0177752 -0.405335 3
-0.939816 0.169121 -1.02114 3
-4.32328 0.66979 -4.35206 4
-0.767263 -0.0471008 -0.751977 4
-0.40315 0.0916802 0.400464 4
-0.863234 -0.880205 0.185287 4
-0.767351 0.153159 -0.742521 3
-0.622254 0.204707 -0.75922 3
