# 1 = ball
# 2 = lepton
# 3 = photon
# 4 = PID > 100
# 5 = neutrino
# 6 = other
-1.64068 0.0782948 1.13668 4
-0.9801 0.161872 -0.243696 4
-6.76648 -2.53606 3.0086 4
1.88687 1.03952 -1.58775 4
3.45162 2.26646 -1.52146 4
-0.0437801 -0.0515869 0.129876 4
0.300081 -1.23577 0.959023 4
0.502912 -1.61167 0.638567 4
0.330222 -0.373733 0.601168 4
0.220911 -0.566571 -0.364334 4
-0.949774 -0.083263 -0.182084 4
-4.69958 0.474922 1.24692 4
0.143653 0.246082 0.16354 4
0.214777 -0.0394819 0.247 4
-0.49509 0.279683 0.297821 4
-1.42029 0.222985 0.353541 4
-5.38014 0.631742 1.01061 3
-0.850871 0.0467947 0.168116 3
-0.658938 -0.591113 0.187941 3
-0.223802 -0.175396 -0.0140034 3
14.74 9.57887 -8.71566 3
1.44311 0.837995 -1.3498 3
0.796308 0.489967 -0.633973 3
1.18391 0.911253 -0.761546 4
1.71755 0.922463 -0.761928 4
-0.0146727 -0.343085 0.141919 4
0.170461 -0.423853 0.295086 4
0.207243 -0.550678 0.194103 3
0.0688268 -0.51908 0.220598 3
0.0163296 -0.201697 0.000168988 3
0.270952 -0.673417 -0.133147 3
0.519645 -1.56767 0.646711 4
0.687374 -3.96194 1.5525 4
-0.482731 -0.667551 0.635022 3
-0.0715603 -0.174071 0.0899268 3
-0.29735 -0.228633 -0.0138736 4
-0.924933 0.00704032 0.0766625 4
-1.0689 -0.305982 0.663564 3
-2.23014 -0.440423 1.39294 3
-0.13987 -0.154294 0.0852115 3
-0.0755083 0.0192199 0.0534324 3
-1.05447 0.302366 -0.0256994 3
-1.26475 0.291396 0.099486 3
0.0369688 -0.120418 -0.0156023 3
0.108459 -0.14739 -0.194578 3
-0.251802 -0.0848161 -0.0047812 3
-0.351876 0.0113697 0.0864125 3
0.986058 0.552221 -0.45408 3
0.0215971 0.00450597 0.00876512 3
0.918141 0.621511 -0.215949 3
0.790402 0.598166 -0.313212 3
0.015814 -0.661757 0.185457 3
0.0457126 -0.098004 -0.00181866 3
0.161331 -0.275585 0.178277 3
0.0937761 -0.277732 0.0423019 3
0.163997 -0.143029 0.0103127 3
0.15783 -0.266298 0.146319 3
0.160181 -0.528991 0.13524 3
0.0572143 -0.362572 0.194525 3
0.00257054 -0.0393645 0.00545535 3
-0.254713 -0.113721 0.219161 3
