# 1 = ball
# 2 = lepton
# 3 = photon
# 4 = PID > 100
# 5 = neutrino
# 6 = other
0.000977038 -0.00187101 0.00573668 3
-0.887789 0.450937 0.713389 3
0.0834225 0.090798 -0.217523 4
0.798193 -0.115653 -0.582089 4
1.58557 -0.416746 -1.55236 4
-0.831648 0.385344 1.76666 4
-1.11164 0.953595 1.50159 4
0.480936 0.217573 -0.778434 3
0.239057 -0.287109 -0.722224 3
-0.100302 0.128924 -0.214865 4
-0.046191 0.00771696 -0.368691 4
0.153502 -0.0600968 -0.229812 3
-0.477468 -0.112191 0.507887 4
-1.12976 -0.181597 1.69112 4
-2.01378 0.340485 3.17347 3
-0.0528253 -0.012724 0.09032 3
-0.704188 -0.0388647 1.2468 4
-2.41016 0.177032 3.58926 4
-3.19578 0.39688 4.42668 4
10.3807 -1.87097 -15.7059 4
1.71739 -0.26091 -2.6676 3
0.0103151 0.00940068 -0.0189044 3
-1.3307 0.204394 1.52927 3
-0.240527 0.018263 0.363214 3
-0.636226 0.169317 0.977296 3
-1.84095 0.394004 3.18565 3
2.20852 -0.0343576 -3.59008 4
7.28202 -1.01785 -10.8736 3
0.473949 -0.100378 -0.729933 3
-5.19367 0.188847 7.45354 4
-0.551417 -0.00442558 0.933625 3
-1.86047 0.135938 3.56399 3
-0.657714 0.148298 1.25009 3
-0.141338 0.097992 0.282384 3
