# 1 = ball
# 2 = lepton
# 3 = photon
# 4 = PID > 100
# 5 = neutrino
# 6 = other
-0.0232762 0.0221534 0.630099 3
-1.44271 -8.82518 -2.06153 4
-0.154179 1.83775 0.974895 4
0.0653757 1.79262 0.622707 4
-1.00746 1.10587 0.817547 4
3.62775 12.5168 3.7245 4
3.05011 10.2847 2.73731 4
-1.99054 -9.71268 -3.05706 4
-0.20446 -1.92878 -0.972848 4
-0.272475 0.796384 0.20384 4
-0.0043117 0.240581 0.148732 4
1.6354 5.29339 1.32581 4
-0.581809 2.65444 0.567829 4
0.100185 1.28591 0.43086 4
0.105233 0.770132 0.112769 4
1.11617 2.3848 1.34364 4
-1.32157 -6.70119 -1.72082 4
-0.183652 -1.50558 -0.687574 3
-2.13966 -9.74299 -3.40374 3
-0.059769 -0.681934 -0.303686 3
0.0592803 -1.6815 -0.798507 3
0.0694178 0.155588 0.0956732 3
-0.00515011 0.0152117 -0.0211905 3
-0.016229 -0.291294 -0.47915 3
-0.168638 -0.375659 0.0396513 3
-0.125628 -0.129485 0.0835711 3
-0.0681448 -0.113958 0.0986006 3
-0.117488 -0.0357776 -0.00845221 3
-0.101148 0.265037 -0.369916 3
0.0240218 0.0899714 -0.228916 3
0.199808 -0.00542134 0.431975 4
-0.0644478 0.220062 -0.276622 4
