# 1 = ball
# 2 = lepton
# 3 = photon
# 4 = PID > 100
# 5 = neutrino
# 6 = other
0.0782831 0.0493392 0.0820038 3
-0.00102588 -0.00126117 0.00596478 3
1.38706 -3.33776 0.241181 4
-2.08685 4.48198 -0.371062 4
-0.0167264 0.59366 -0.442745 4
1.72457 -0.317739 0.0957226 4
0.805282 -1.79703 0.107577 4
0.675222 -0.544889 0.0257164 3
2.94283 -2.03118 0.164974 3
0.902623 -1.74319 0.456465 4
-0.296298 0.169129 -0.15736 4
-6.76421 13.7837 -1.92374 4
0.372427 -0.970427 0.167366 4
0.22826 -0.674074 -0.0269544 3
-0.0125955 -0.136258 0.011207 3
1.52597 -3.73715 0.188636 4
-0.126527 0.434851 -0.00149583 4
-6.86049 11.7705 -1.13744 4
-2.10248 4.78627 -0.859191 4
-0.308068 0.680741 -0.106799 3
1.20218 -3.45767 0.588089 4
1.69975 -4.76662 1.33652 4
0.944815 -1.55245 -0.130899 4
0.0972247 -0.585046 0.0151866 4
0.551807 -1.81119 0.373234 4
-1.33148 2.37056 -0.430504 4
1.90162 -4.5001 0.405418 3
1.75116 -4.48836 0.400921 3
0.612917 -1.78283 0.434513 3
0.71933 -1.83663 0.568475 3
-0.181816 0.635965 -0.00248751 3
-0.0347651 0.31509 -0.0784877 3
