# 1 = ball
# 2 = lepton
# 3 = photon
# 4 = PID > 100
# 5 = neutrino
# 6 = other
-0.304371 1.33449 -1.2066 3
-0.0739018 -0.0648643 1.03665 3
0.0138412 0.0142092 0.00995848 3
3.86996 -3.09622 3.3414 4
2.41769 -1.92713 3.3588 4
-0.195359 0.206976 0.387354 4
0.189031 -0.0892272 -0.0206007 4
0.336884 -0.140132 -0.426894 4
-2.05273 2.24403 -2.69152 4
-4.53334 1.41986 -4.25411 4
-14.6482 12.5489 -16.139 4
16.8785 -13.3317 19.0275 4
0.272703 0.672152 0.257914 4
-0.495153 0.279126 -0.788441 4
0.539005 -0.885041 0.520502 3
-0.0611896 -0.0907548 -0.127269 4
-0.0243472 -0.00849179 0.114715 4
-3.84802 1.54988 -4.00204 3
-0.185126 0.104211 -0.223655 3
-0.301852 0.620982 -0.156122 3
-0.0102188 0.124479 0.00621565 3
0.327597 -0.186604 0.336656 3
1.8118 -1.28961 1.67608 3
-0.0354309 0.0112165 -0.0259523 3
0.112237 -0.0207126 -0.0115171 3
