# 1 = ball
# 2 = lepton
# 3 = photon
# 4 = PID > 100
# 5 = neutrino
# 6 = other
3.46133 -1.52442 3.25739 4
-6.93434 2.19839 -6.16719 4
-0.282563 0.150345 -0.550445 4
7.56703 -2.43182 7.60973 4
0.0867697 0.994384 -0.452774 4
-0.116201 -0.0350536 0.0290191 4
1.15212 -0.168217 0.48615 3
-0.0346206 -0.102849 0.029951 3
0.0335885 -0.0264594 0.0385455 3
1.13538 -0.468851 0.367285 3
5.5348 -2.04658 5.82393 4
4.768 -1.84415 4.73343 4
2.36654 -0.713742 2.1811 3
2.32062 -0.575273 2.18781 3
-5.5663 1.05031 -4.98497 3
-0.348294 0.202 -0.429051 3
-1.55626 0.270592 -1.54317 4
-1.00272 0.0380535 -0.80509 4
-0.617679 0.126926 -0.388333 3
-1.98999 0.481653 -1.54257 3
-0.455377 1.11431 -1.25058 3
-0.0762876 0.167283 -0.122633 3
-0.208659 0.588503 -0.105972 4
-0.19996 0.349289 -0.00466404 4
0.659446 -0.238108 0.489979 3
1.09871 -0.543436 0.998152 3
0.711508 -0.0970416 0.669319 3
0.363546 -0.145344 0.327308 3
-1.95044 0.43457 -1.98819 3
-0.248988 0.0237585 -0.302835 3
-1.28788 0.337152 -1.13816 3
-1.22509 0.193963 -1.11847 3
-0.902314 0.0900677 -0.76585 3
-1.64956 0.316344 -1.55813 3
-2.2799 0.561947 -1.83049 3
-2.20621 0.481019 -1.91167 3
0.0154412 0.0547261 0.0135672 3
-0.0844176 -0.00508371 -0.0731293 3
0.0183322 0.0967252 -0.0581892 3
-0.0649991 0.351425 0.01707 3
0.0367045 0.259595 -0.106855 3
-0.0408184 0.0331107 -0.0603338 3
