# 1 = ball
# 2 = lepton
# 3 = photon
# 4 = PID > 100
# 5 = neutrino
# 6 = other
5.03263 -5.38053 4.8185 4
3.79521 -4.13393 3.28265 4
2.27935 -2.00491 1.31176 4
3.0534 -2.15914 2.10048 4
3.20104 -2.45002 2.91079 4
-0.409232 0.586646 -0.128468 4
0.456093 -0.739129 -0.0481219 4
-2.79484 2.54321 -2.28138 4
-2.42229 1.82187 -2.27753 4
1.93432 -1.66722 1.22994 4
0.368304 -0.204299 0.483004 4
-0.0854668 0.108446 -0.404111 4
-0.0272769 0.0425563 0.373957 4
-13.4226 11.4301 -9.95667 4
-1.60861 1.49995 -1.43414 4
0.490794 -0.434807 0.304568 3
0.530849 -0.482211 0.495636 3
-0.327915 0.239265 0.0386784 4
-0.145948 0.49914 0.177957 4
-1.02599 1.17383 -0.847756 3
-0.293701 0.273218 -0.282373 3
-3.45881 2.90178 -2.56561 3
-2.6985 2.21018 -1.85516 3
1.80574 -1.38094 1.26505 3
2.69601 -2.22126 1.81981 3
3.0022 -2.07892 1.38872 3
0.651754 -0.378752 0.271727 3
-0.474956 0.249105 -0.150585 3
-0.10162 0.136765 -0.0413174 3
