# 1 = ball
# 2 = lepton
# 3 = photon
# 4 = PID > 100
# 5 = neutrino
# 6 = other
0.00338512 -0.0128746 4.56013 3
-36.4501 -1.38326 -13.569 4
-0.800468 -0.28746 -0.0718678 4
-0.172014 -0.087446 -0.476599 4
0.694726 0.175752 0.162477 4
0.844333 -0.0138655 -0.349518 4
-3.55512 -0.090224 -1.46718 4
-0.218802 0.0905281 -0.0167851 4
0.50987 0.12018 0.102232 4
0.0959604 -0.270964 -0.25615 4
0.385829 0.0592962 0.246834 4
2.73786 -0.256154 0.448753 4
1.10798 0.0345751 0.0696388 3
1.51213 0.219954 0.553465 3
1.416 0.275636 0.405332 3
1.46259 -0.0257995 0.348773 3
8.1592 0.0970369 2.16075 3
5.05915 -0.0157013 1.4565 4
6.68853 -0.0909984 1.91819 4
0.0547537 -0.0616409 0.193851 3
-0.0580697 0.0115187 0.0915002 3
4.96076 0.718362 1.14862 3
0.187595 0.0205686 0.0574852 2
0.33989 0.041778 0.107179 2
1.25585 0.128786 0.406147 3
1.71556 0.280639 0.685956 3
0.275803 0.09172 0.207966 3
0.275496 0.218925 0.362563 3
0.3866 0.000476477 0.194329 3
1.12472 0.0106595 0.318385 3
