# 1 = ball
# 2 = lepton
# 3 = photon
# 4 = PID > 100
# 5 = neutrino
# 6 = other
-0.000909445 0.000333769 -0.000355624 3
-0.271706 0.324186 -0.229992 4
-0.813378 0.73523 -0.902217 4
-0.355617 -0.236066 -0.0853338 4
8.17612 -12.1106 9.67234 4
-5.6451 6.97317 -6.33103 4
-2.90436 4.11567 -3.14593 4
-0.207983 0.365429 -0.417365 4
-1.87449 1.7363 -1.89979 4
-2.61253 3.4442 -2.67208 4
0.310218 -0.521158 1.37026 4
3.68454 -4.52632 3.61451 4
0.421919 -0.281361 0.443681 3
0.889305 -0.38436 0.937953 3
0.235793 -0.295812 0.292065 3
7.78566 -9.89226 8.75838 3
-0.529047 0.607808 -0.765024 3
-1.14295 1.22015 -1.342 3
0.577589 0.522324 -0.483145 4
-0.0191644 0.0150875 -0.0859321 4
-0.0269982 -0.179684 0.185234 3
-0.170654 -0.363937 0.204937 3
-2.44075 4.15016 -3.45124 3
-1.16303 1.90587 -1.70548 3
-0.99008 1.22621 -0.949911 3
-1.02084 1.48214 -1.03216 3
0.0469008 0.052827 0.00391969 3
0.0615437 -0.0855496 0.0156888 3
