# 1 = ball
# 2 = lepton
# 3 = photon
# 4 = PID > 100
# 5 = neutrino
# 6 = other
-0.00676491 0.00968724 -0.00125258 3
-0.00170119 0.00195273 -0.00147892 3
-0.592028 -0.277672 -2.43555 4
-0.897606 -0.305857 -1.91181 4
-1.49416 -0.0990604 -4.15149 4
2.47039 0.224352 5.71817 4
-0.318613 -0.360204 -1.43441 4
-0.767238 0.434124 -2.74296 4
0.815192 -0.0961959 1.54447 4
2.87327 -0.136487 8.97646 4
-5.13438 0.088658 -14.2212 3
-1.71292 0.00510061 -4.5302 3
-4.57051 -0.817773 -10.844 3
-0.0747301 -0.0296229 -0.169383 3
-0.278223 -0.0269456 0.202948 3
-0.0107683 -0.039389 0.0632213 3
0.838489 0.167536 1.79107 3
0.102509 0.0576448 0.177207 3
2.68885 0.188547 6.75021 4
1.34574 0.222339 3.37205 4
0.161891 0.223501 0.87021 3
0.252599 0.156181 0.704198 3
0.352247 0.137115 0.771643 3
-0.0115429 0.0120943 0.0227722 3
3.17564 0.154061 9.16512 3
0.794352 0.106314 2.314 3
