# 1 = ball
# 2 = lepton
# 3 = photon
# 4 = PID > 100
# 5 = neutrino
# 6 = other
0.349231 -0.77192 0.655966 3
-0.00102018 0.00628921 0.371321 3
4.36465 -0.269839 18.6944 4
0.292434 -0.234314 0.975583 4
-0.146698 0.134709 0.0118768 4
0.189076 -0.315889 1.50343 4
-1.11836 -0.70711 0.0263143 4
-0.140158 0.118808 -0.0687462 4
-0.0744825 -0.773381 -0.602155 4
-0.10893 0.107817 0.209336 4
-0.0457272 0.126406 -2.38663 4
-0.0967652 1.35056 -6.99225 4
-1.71367 1.22367 -11.7874 4
-0.244209 -0.315157 0.895508 4
0.569919 -0.761113 2.09487 4
-0.162419 -0.109524 1.27884 4
-0.060444 -0.0862282 0.217931 4
-0.164846 0.0942609 -0.628819 4
-0.682539 -0.0445564 -0.493192 4
0.0568335 0.896324 -4.08204 4
-0.675732 0.149202 -0.433611 4
-0.227207 0.0713402 -0.22373 4
1.02965 -0.583465 6.66714 4
0.132807 0.0142306 0.556152 3
0.505178 0.159343 1.61868 3
0.212534 0.0119254 0.901628 3
0.0932591 -0.0196589 0.89047 3
1.05577 -0.928968 3.41076 3
-0.51434 -0.371348 0.975309 3
-0.297519 -0.255063 0.435828 3
-0.200408 0.279168 -1.7231 3
-0.821782 0.906802 -7.32489 3
-0.0992408 0.213697 0.118245 3
0.0261355 0.138067 0.00934729 3
-0.137673 0.299376 0.212365 3
-0.0926069 0.0380231 0.0501754 3
-0.0994897 0.0245592 -0.387902 3
-0.951214 0.182957 -5.64697 3
