# 1 = ball
# 2 = lepton
# 3 = photon
# 4 = PID > 100
# 5 = neutrino
# 6 = other
0.0480605 -0.00100179 0.0337738 3
2.56946 -1.36909 -1.76414 4
-0.768042 0.136339 0.98771 4
0.0525265 0.154019 -0.221313 4
-0.055273 -0.44766 0.572892 4
2.74637 -7.35336 -8.34832 4
1.06681 -0.843753 -0.774958 4
8.46683 -6.93974 -4.6781 4
4.18221 -3.79115 -2.05563 4
-1.87717 3.3118 2.56905 4
-0.569647 0.643862 0.245805 4
0.0917146 -0.0815127 -0.269443 4
-0.11802 -0.208608 -0.0433784 4
-0.107943 -0.408391 -0.265708 4
0.726059 -1.50449 -1.7729 4
0.673222 -1.73948 -2.1819 4
-3.0549 3.98841 3.33755 4
-3.44145 4.91641 3.79626 4
0.358428 -2.15347 -1.99085 4
-0.0982792 0.130123 0.168193 3
-0.613174 0.586542 0.519643 3
-0.717694 0.898712 0.970014 3
-1.52098 1.66247 1.75454 3
-1.42285 2.28654 1.67869 3
-2.00122 3.52745 2.50607 3
-0.0470532 0.0766227 0.138892 3
-0.321213 0.0737489 0.590679 3
-0.63483 -0.261593 0.506688 3
-0.0867905 -0.408341 0.112336 3
-3.33932 5.00962 4.09815 3
-0.184428 0.335321 0.272572 3
0.0326352 0.0208081 -0.0874817 3
0.0944299 0.000743481 0.030891 3
-0.00299731 -0.0732748 -0.0378635 3
-0.125488 -0.174633 -0.398435 3
