# 1 = ball
# 2 = lepton
# 3 = photon
# 4 = PID > 100
# 5 = neutrino
# 6 = other
2.64735e-05 -0.00166684 0.25141 3
-0.93942 -0.738672 1.06242 4
-3.1717 -3.07394 4.44493 4
0.0765916 0.0304979 0.178319 4
1.02866 0.501073 -1.21975 4
-0.21181 -0.065524 -0.45116 4
-0.0298074 -0.268203 -0.542088 4
-0.15579 0.349709 -1.16784 4
0.304861 0.5204 -0.268239 4
1.04437 1.22529 -1.18834 4
3.68987 3.833 -3.5904 4
0.0759636 0.406423 -0.345142 4
-2.85263 -2.041 1.64352 4
-0.689856 -0.55174 0.763481 4
-1.26845 -0.811789 1.50043 4
-0.423293 -0.33797 0.811077 4
-5.09359 -4.12836 7.56747 4
-0.855678 -0.921635 1.0909 4
1.12235 -0.659152 0.0783055 4
-0.0541238 -0.0222168 0.112416 4
0.25699 -0.434133 -0.428691 4
-0.306053 -0.318917 -0.848983 4
0.191703 -0.332801 -0.653353 4
0.318566 -0.505933 -0.0403412 4
0.242709 -1.91378 -1.32332 4
0.152097 -0.0409967 -0.588799 4
2.79268 3.13643 -2.82264 4
-1.21097 -1.40646 1.23264 4
-2.46788 -2.07815 4.11136 3
-0.811066 -0.693217 1.48837 3
0.175438 -0.13776 -0.0568439 3
0.237516 -0.29874 -0.265578 3
-0.284492 0.000832961 -0.253899 3
-0.0946818 0.0636938 -0.179826 2
-0.00311545 0.00355007 -0.00626731 2
0.0140806 0.0137913 0.0160767 3
-0.1931 0.286469 -0.0816453 3
-0.0720126 0.0465374 -0.0137313 3
-0.857341 0.0612593 -0.145748 3
-0.247024 0.697022 -0.461602 4
-0.00894936 0.00532797 -0.164683 4
1.50252 1.65421 -1.35336 3
0.193692 0.237533 -0.243216 3
3.52937 4.08718 -4.04139 3
0.558631 0.716887 -0.64158 3
-0.0211289 -0.0367907 0.124005 3
-0.181089 -0.311712 0.296588 3
0.0563083 0.0504171 0.145 3
0.0563472 -0.0861783 0.15672 3
0.000644128 -0.21845 0.0347655 3
-0.101762 -0.120584 0.0628892 3
0.0902151 -0.532759 -0.0882329 3
0.0490341 -0.0377887 -0.00304544 3
3.91277 3.91756 -2.84758 3
0.839014 0.808152 -0.664714 3
0.0364855 0.24856 -0.0233423 3
0.057299 0.22521 -0.157715 3
