# 1 = ball
# 2 = lepton
# 3 = photon
# 4 = PID > 100
# 5 = neutrino
# 6 = other
-0.15647 -0.0229844 2.26881 3
0.00342605 -0.00294811 -0.0069459 3
0.592446 0.0952405 0.0890093 4
0.519547 0.62784 -0.65136 4
-1.11618 -1.51152 2.06063 4
-1.38715 -3.00091 2.42649 4
-0.263358 -0.99636 1.52134 4
-0.180024 -1.91854 1.21841 4
1.15093 2.08008 -2.45038 4
0.821791 1.67254 -0.866881 4
5.24199 9.22254 -7.67966 4
1.61649 2.08561 -1.4282 4
0.536315 1.50359 -1.42918 4
1.34001 2.2968 -1.26062 4
1.04769 2.97106 -2.50045 4
0.385406 0.370795 0.0968716 4
-1.42541 -0.200039 -0.327528 4
-1.79656 -4.00564 4.46905 4
-0.337555 -0.741917 0.396865 4
-0.110775 -0.338416 0.180461 4
-0.607532 -1.48283 0.240046 4
0.243911 1.82342 -1.68925 4
-2.42068 -4.44364 4.5101 4
1.72178 2.80926 -2.43441 3
1.00981 1.7924 -1.42755 3
-0.509366 -0.361241 0.0847497 3
-0.0797909 -0.710191 0.145205 3
-0.00136108 -0.067931 -0.0781653 3
0.151734 -0.0226884 -0.191486 3
-0.244888 -0.948021 0.926254 4
-0.156989 -0.454644 0.143084 4
0.653839 1.69371 -1.12118 3
0.170885 0.298463 -0.181078 3
-0.228151 0.183698 -0.06053 3
-0.0867818 -0.0152429 -0.0046517 3
-0.0844228 0.0343947 -0.0334489 3
-0.481781 -0.082627 -0.0164824 3
-0.418516 -0.828323 0.32811 3
-2.42041 -4.82482 2.25692 3
-2.01385 -3.65871 1.67896 3
-0.308061 -0.483708 0.194254 3
-0.232573 -0.178979 0.261323 3
-0.13936 -0.258566 0.342497 3
