# 1 = ball
# 2 = lepton
# 3 = photon
# 4 = PID > 100
# 5 = neutrino
# 6 = other
-0.00128375 0.000979132 0.00475109 3
3.70714 -0.444742 -0.867267 4
4.2045 0.406744 -1.57947 4
4.46221 -0.706109 -3.76688 4
7.22376 -0.387701 -3.94409 4
0.297572 -0.0267657 -0.244491 4
-2.28368 0.397117 1.37002 4
-6.54303 0.352372 3.7801 4
-9.28556 1.86795 5.65548 4
-13.7853 1.9594 8.00064 4
-0.646002 0.366176 0.108804 4
-1.32157 -0.194486 0.69793 4
9.48086 -0.889108 -5.94028 4
-3.07381 0.118206 2.10991 4
-0.259071 0.271579 0.17172 4
-0.117818 0.0338705 0.251275 4
0.00130894 -0.0684611 -0.195195 4
0.368114 -0.461988 -0.522661 4
0.873703 -0.261068 -0.444915 3
0.760904 -0.282719 -0.529223 3
0.00364722 -0.190324 -0.131222 3
0.0906176 -0.204243 -0.321138 3
1.34474 -0.233025 -1.13007 3
0.809258 -0.210164 -0.799518 3
0.180076 -0.102963 0.11724 3
0.321956 -0.299497 0.464091 3
0.824639 0.111239 -0.336735 3
0.232037 0.01242 -0.173219 3
0.733971 -0.349965 -0.655206 3
0.503241 -0.17447 -0.317205 3
0.321491 -0.175396 -0.340405 3
0.221517 -0.152203 -0.114993 3
0.308854 -0.0210797 -0.315061 3
0.0410605 -0.0615765 -0.0627286 3
