# 1 = ball
# 2 = lepton
# 3 = photon
# 4 = PID > 100
# 5 = neutrino
# 6 = other
-0.380111 0.593504 2.75694 4
-1.5755 1.65211 1.66718 4
-0.129372 -0.904306 -3.70607 4
0.144266 0.116662 -0.243576 4
-0.457846 -0.602693 -0.341268 4
-0.813738 0.5638 0.353337 4
0.0194317 0.1121 0.265771 3
0.141059 0.239023 0.642992 4
0.59319 0.376117 2.08174 4
-0.279596 0.162415 0.126197 4
0.152534 0.052684 -0.0601912 4
0.0116879 0.14939 1.0316 3
0.0067063 0.23041 0.76764 3
-0.0425761 0.149497 -0.0500291 3
-0.0727058 0.0777296 0.0665387 3
-0.18802 -0.0998469 -0.404892 3
-0.0950538 -0.0152039 -0.0547013 3
-0.0166722 -0.00644198 -0.0195669 3
-0.425052 0.16761 0.129392 3
0.0788656 0.0547611 0.0897569 5
0.44164 1.64349 10.5483 2
0.0992543 0.0572955 0.149947 3
0.0534593 -0.015401 -0.0170267 3
0.0313409 0.0718792 0.0212346 3
0.00835987 0.0863888 0.238994 3
0.330461 -0.661774 -1.80057 4
-0.22922 0.751645 1.79461 4
-0.161227 -0.0337743 0.0359128 4
0.206116 -0.524253 -0.844045 4
2.39558 -4.78517 -14.0386 4
0.438521 -1.58953 -3.0298 4
1.80971 -4.60797 -13.5181 4
0.14849 -0.534649 -1.55151 3
0.238613 -0.453207 -1.23749 3
-0.639242 1.0961 2.51172 4
-0.227572 0.597606 1.80764 4
-0.559798 1.91457 4.39327 4
-0.196319 1.02609 2.35316 3
-0.738244 2.76348 6.65916 3
-0.132123 0.101849 0.418088 3
0.0106983 0.026025 0.00629646 3
