# 1 = ball
# 2 = lepton
# 3 = photon
# 4 = PID > 100
# 5 = neutrino
# 6 = other
-0.0498667 1.52005 3.47823 4
0.349922 1.01126 3.13916 4
0.124068 -0.451221 1.1458 4
0.104774 -0.114295 -0.125229 4
-0.586694 -0.189722 0.350422 4
-0.554465 0.0577949 0.277097 4
0.0233898 0.272172 0.136189 4
0.495437 0.482524 1.71952 4
-0.420158 -0.673734 0.0043652 4
0.0639587 -1.7377 -2.12841 4
-0.0048155 -0.271286 -0.735262 4
-0.0537691 -0.0750674 0.0956217 4
-0.430636 -2.14382 -10.5917 4
-0.146042 -1.02007 -3.44268 4
0.0790245 -0.801478 -3.96048 4
-0.349192 -0.856047 -6.07263 4
-0.0182085 0.682909 1.81242 3
0.101998 0.584565 1.45575 3
0.330933 1.73312 3.69558 4
0.503369 2.36363 6.11324 4
0.0845545 0.375835 0.199413 4
0.241016 -0.0873589 0.287516 4
0.104088 -0.279643 -0.170971 4
0.182558 -0.039959 -0.227706 4
0.00869873 0.0341231 -0.0283656 4
0.128974 -0.276961 -0.240225 4
0.268915 -0.685822 -1.44853 4
0.614029 -1.0059 -2.10885 4
0.0489477 0.72784 1.92772 3
0.0207572 0.692956 1.49759 3
-0.221968 0.395333 1.14822 3
-0.0166646 0.213201 0.511367 3
0.00509112 -0.094553 -0.0329241 3
-0.528047 -2.12217 -0.746915 3
-0.0274182 0.0138674 -0.0103366 3
-0.0415967 -0.22167 -0.0145427 3
-0.225571 -0.358186 -1.79754 3
-0.822868 -0.984818 -4.7916 3
0.422769 3.00472 7.38454 3
0.0907103 1.16401 2.95398 3
0.0696483 0.0249617 -0.0319332 3
-0.000674469 -0.0740286 0.0270444 3
0.134299 -0.0611426 -0.25071 3
0.122963 -0.0949903 -0.0746591 3
-0.208944 -0.444054 -0.194123 3
-0.0172947 -0.18917 -0.134476 3
