# 1 = ball
# 2 = lepton
# 3 = photon
# 4 = PID > 100
# 5 = neutrino
# 6 = other
-0.000377221 0.00271181 -0.0017782 3
-2.44406 -3.1243 -10.0411 4
-0.921509 -2.0581 -7.12413 4
-1.59905 -0.766231 -2.98916 4
1.41882 0.0112521 -1.30609 4
0.0194787 0.496151 0.663412 4
0.176705 -0.139709 0.603063 4
1.55715 2.40512 9.35314 4
-0.203914 0.48524 1.60232 4
-2.15165 -2.32661 -10.7437 4
-0.433241 -0.850177 -2.61884 4
-1.191 -0.97903 -5.23225 4
0.658025 -0.341147 -3.054 4
-0.0916794 0.287823 2.46684 4
0.303793 0.162818 0.496058 4
2.38464 3.2019 15.5764 4
0.29904 0.0608011 0.627946 4
0.0496831 -0.0320747 0.492248 4
0.388718 0.662152 1.91418 3
1.62282 2.80938 8.86115 3
0.0507476 0.0312186 -0.0757009 3
-0.0728187 -0.0251071 -0.0819927 3
-0.0597255 -0.161993 -0.164432 3
0.0304996 0.00948209 -0.0186402 3
0.210113 0.113788 0.666759 3
-0.0012016 0.0646448 0.12833 3
