# 1 = ball
# 2 = lepton
# 3 = photon
# 4 = PID > 100
# 5 = neutrino
# 6 = other
6.33693 0.739955 3.05556 4
3.04293 -0.0649166 -0.0259353 4
-2.71194 -0.493266 -1.28085 4
-6.59807 1.40864 -0.890953 4
1.40953 -0.797173 0.427217 4
0.37727 -0.226349 0.243606 4
0.425764 -0.224179 -0.419477 4
0.665717 -0.270442 1.9731 4
-0.238617 -0.175262 0.281987 4
0.358179 -0.00609437 -0.135246 4
-0.25028 -0.158439 -0.230992 4
-3.03808 -0.435835 -3.03997 4
-3.5407 -1.16336 -3.96222 4
2.84694 0.936314 0.668135 4
0.0430997 -0.117894 -0.224926 4
1.50674 -0.834851 2.18706 4
-0.335445 -0.416611 0.557798 4
-0.467247 0.379347 -1.43834 4
-0.293406 -0.0203415 -0.275694 4
-1.67605 -0.215227 -1.6573 4
-0.916611 0.222929 -0.886465 4
-0.341508 -0.0712195 -0.0942389 4
-3.97469 -0.313708 -1.57763 4
-2.64904 0.138652 -0.470319 4
1.07897 0.345185 0.531973 4
1.2982 0.092284 1.09987 4
1.8387 0.320102 0.813702 3
1.21203 0.198579 0.418756 3
-0.085032 0.0591161 -0.0727807 3
-0.368361 -0.0014267 -0.118731 3
0.110147 0.0317628 0.0694852 3
8.41663 1.66182 4.16762 3
0.881276 0.351496 1.27609 4
0.418496 0.113426 0.199358 4
0.842564 0.282082 0.323485 3
-0.0274083 0.0883471 -0.0907593 3
0.0724574 -0.259357 0.511184 4
-0.066818 -0.60257 0.212429 4
0.153989 -0.421253 0.222707 3
-0.012523 -0.019771 0.0455943 3
0.638595 -0.111416 0.257724 3
0.26531 -0.136601 0.100575 3
-3.73404 0.539309 -0.970565 3
-0.147598 0.0488875 -0.0407124 3
0.111762 -0.029495 0.0646329 3
0.214663 0.131716 0.11682 3
-2.32312 -0.267791 -1.84919 3
-1.1972 -0.189427 -0.855258 3
-0.0342516 -0.046057 -0.0385335 3
-0.090838 0.097435 -0.114822 3
0.382817 -0.0112397 0.14125 3
0.0437757 -0.049744 0.0459701 3
-0.0247233 0.0575219 0.0720654 3
0.155918 0.130838 0.211208 3
-0.0052356 -0.00192309 0.138419 3
-0.000560682 -0.222502 0.326512 3
