# 1 = ball
# 2 = lepton
# 3 = photon
# 4 = PID > 100
# 5 = neutrino
# 6 = other
-0.401964 0.0588787 -0.524654 3
0.0999307 0.354831 2.05552 4
0.209957 -1.3708 2.80141 4
0.360468 0.248345 -0.229501 4
0.386324 0.720717 -3.0002 4
0.253464 -0.080968 -0.362541 4
0.054292 -0.655992 0.723795 4
0.0489314 -0.04946 -0.419982 4
-0.392105 0.99263 -3.23003 4
0.163446 1.67339 -4.12737 4
1.30898 -5.02321 14.2255 2
0.289098 -4.87628 13.9673 5
-0.146802 0.049772 0.234193 3
0.199796 0.166373 -0.175045 3
0.567788 0.354651 -1.02813 4
-0.0302041 0.0408285 0.00182962 3
0.138867 0.0832314 0.0575389 3
0.0699728 0.109111 -0.0593364 3
0.193328 -0.105429 0.0504586 3
0.303973 -0.0271418 -0.0292645 3
-0.0411691 -2.29719 5.02665 3
0.335171 -1.19218 3.16874 3
-0.234975 1.18691 -3.41968 4
-1.72386 5.90804 -14.5367 4
-1.54437 2.8085 -8.30915 4
-0.171565 0.486956 -1.41199 3
-0.296776 0.435491 -1.4494 3
