# 1 = ball
# 2 = lepton
# 3 = photon
# 4 = PID > 100
# 5 = neutrino
# 6 = other
10.6083 7.97193 -3.1546 4
-4.17414 -2.76763 1.58642 4
1.1234 1.12488 -0.566887 4
13.8103 11.2186 -4.84994 4
-2.6525 -2.28084 0.571126 4
-0.72826 -0.519613 0.238164 4
-8.29185 -6.62343 2.6587 4
-0.0518648 -0.58327 0.103818 4
0.133341 -0.00191361 -0.129866 4
0.432946 0.280161 -0.519755 4
1.1097 1.26708 -0.455308 4
0.306832 0.112626 0.104547 4
2.39924 1.43376 -0.930022 4
1.58104 0.988374 -0.273524 4
-1.03007 -0.796839 0.199368 3
-1.67242 -1.38277 0.49444 3
-9.84764 -5.42485 3.52922 3
-1.44058 -0.828949 0.565532 3
-0.155368 -0.3366 -0.231829 4
-0.252219 -0.181983 0.0429207 4
0.0146022 -0.123641 -0.112734 4
-0.067166 -0.448879 0.154551 4
0.0425067 -0.0399085 -0.0780154 3
0.850683 -0.371718 -0.630752 3
-0.0102008 -0.227524 0.216457 3
0.044269 -0.345997 0.144223 3
-1.96318 -1.13413 0.864975 3
-0.158311 -0.127837 0.051167 3
-0.619502 -0.661035 0.481002 3
-0.130434 -0.169025 0.18941 3
0.294893 0.234061 -0.112071 3
1.43819 0.783571 -0.478852 3
-0.0241064 -0.00418419 0.0352473 3
-0.476056 -0.0156113 -0.00602728 3
-0.145817 -0.0232901 0.0299539 3
-0.298598 0.0064236 0.268939 3
