# 1 = ball
# 2 = lepton
# 3 = photon
# 4 = PID > 100
# 5 = neutrino
# 6 = other
-0.000876742 -0.000577762 -0.00217634 3
-1.48831 3.8339 0.292071 4
-1.12005 3.89913 0.949995 4
-0.17017 -0.103207 0.069486 4
0.921409 -1.22458 -0.424658 4
6.06333 -11.3473 -3.17 4
-4.49273 12.5058 0.535146 4
-3.66997 9.74649 1.09489 4
-0.912832 1.14952 0.0811501 4
-1.10131 0.7412 -0.101028 4
-0.0642313 0.370599 0.832965 4
-0.0721576 -0.536489 0.270935 4
-0.743918 -0.173895 0.378237 4
0.027885 0.0867481 0.242635 4
1.75324 -3.20426 -0.319729 4
0.0754328 -0.0724213 -0.0476149 4
-0.146652 0.238778 0.0191746 3
-1.28336 2.2878 -0.220253 3
-0.8641 0.864449 -0.0453738 4
-0.251402 0.610145 0.107108 4
-0.15247 -0.0419681 0.75328 4
-0.0942664 0.0446549 0.285161 4
-0.0150712 -0.00324881 -0.00345198 3
-1.65471 -0.0860062 1.02561 3
0.267869 -0.0435228 0.324609 3
-0.0875729 -0.159654 1.30152 3
5.0196 -9.68899 -2.86569 4
0.899797 -1.5658 -0.555277 4
-0.0216041 -0.0260781 0.0544415 3
-0.64778 0.00343333 0.703407 3
0.343382 -0.160862 -0.0546795 3
0.188452 -0.214463 -0.0314943 3
-0.0560805 -0.000595416 -0.0286315 3
-0.0324952 0.0555338 0.106678 3
0.000466592 -0.0599169 0.0340728 3
0.0852464 -0.422612 0.765347 3
2.7039 -5.76946 -1.86679 3
0.794123 -1.53227 -0.491092 3
