# 1 = ball
# 2 = lepton
# 3 = photon
# 4 = PID > 100
# 5 = neutrino
# 6 = other
0.000505659 0.00178982 -0.00774481 3
-9.28273 -0.996653 -13.5837 4
-1.36005 -0.568209 -1.69707 4
-0.144681 -0.0961185 0.226471 4
-1.5781 -1.65309 -1.45007 4
-0.209027 0.0901745 -0.236319 4
-0.948885 -0.911698 -0.59456 4
0.593021 0.418471 0.282293 4
-0.0824843 0.268826 0.186912 4
0.710336 0.521123 0.796636 4
1.99362 0.898667 2.48461 4
0.293561 0.0729184 0.773938 4
5.80093 0.842049 7.47793 4
9.58187 2.06719 12.6135 4
-4.45515 -0.408772 -5.80455 4
-8.11451 -0.826809 -11.0509 4
-0.225406 -0.576613 -0.373265 4
0.424131 -0.403477 0.485649 4
0.156592 0.319108 0.328697 4
5.09886 1.01915 6.4941 4
-0.306104 -0.103167 0.19528 3
-0.233817 -0.130883 0.0419383 3
0.12467 0.104792 0.145286 4
1.52581 0.0164538 1.78538 4
-0.0526901 0.0182864 -0.0896987 3
-0.0203518 -0.0989562 -0.0311496 3
-0.069787 0.113327 -0.161218 3
0.0245095 -0.0171221 -0.0937927 3
-0.0707241 0.0820467 -0.111693 4
0.0957871 -0.225724 -0.0783362 4
-0.0495626 0.00399425 0.0608951 3
0.099516 0.0102724 0.203484 3
0.680333 0.148655 0.781085 3
