# 1 = ball
# 2 = lepton
# 3 = photon
# 4 = PID > 100
# 5 = neutrino
# 6 = other
-0.000226284 -0.000684385 0.000144005 3
0.816956 0.381895 -0.736165 4
-0.720837 0.0832999 -0.592306 4
-2.90975 -1.10247 -2.21513 4
-4.12686 -1.5724 -2.64685 4
1.9993 0.544558 1.55061 4
0.202167 0.40313 0.988156 4
-0.10135 0.488256 -0.237777 4
-1.79084 -0.323255 -0.389035 4
-8.8573 -3.58789 -5.98772 4
-0.44561 0.0112107 -0.241165 4
5.93568 1.47561 3.81427 4
0.886996 0.26648 0.601594 4
-0.2278 0.174255 -0.321963 3
-0.18996 0.0384104 -0.126346 3
-3.74341 -1.28852 -2.61329 4
-8.37319 -2.41934 -5.69405 4
5.16676 1.63172 3.55866 3
13.9463 4.61336 9.53036 3
0.108827 -0.0212813 -0.0130281 3
0.0548466 -0.128885 0.0604619 3
-0.314999 0.0257671 -0.330117 3
-0.219374 0.0310812 -0.428578 3
-0.0335856 -0.0700188 -0.0294353 3
-0.638135 -0.429805 -0.438382 3
-0.622693 -0.34678 -0.424504 3
-1.15635 -0.574639 -0.576037 3
1.5428 0.524135 1.15422 3
4.82835 1.50171 3.34161 3
-0.317295 -0.0399618 -0.148616 3
-0.699365 -0.288948 -0.409587 3
