# 1 = ball
# 2 = lepton
# 3 = photon
# 4 = PID > 100
# 5 = neutrino
# 6 = other
0.0597344 2.58082 2.12402 4
-0.426018 3.95875 3.19796 4
-0.123146 2.77116 2.76158 4
-0.350019 0.0841112 0.750059 4
0.022505 -0.0995356 0.622736 4
-1.04712 0.376723 -0.346565 4
-0.213518 -0.733916 -0.536902 4
0.278424 -1.81554 -1.83475 4
1.18533 -9.60643 -9.35498 4
1.44828 11.3319 9.87255 4
0.361207 5.27241 4.65178 4
-0.0317241 1.55466 0.986478 4
-1.16136 0.166907 0.198388 4
0.291191 -0.472128 0.586795 4
0.320351 -8.34161 -8.83005 4
-0.0318848 0.595494 0.949184 4
0.174387 1.17548 0.93752 4
0.227284 0.301313 0.353994 3
0.362243 0.317669 0.626007 3
-0.538012 -0.373945 -0.419193 4
-0.400876 -0.616718 -0.298495 4
-0.0198689 -0.391133 -0.140331 3
0.0304142 -0.58699 -0.382826 3
0.221024 -0.983474 -0.80135 3
0.0141089 -1.57362 -1.70511 3
0.146787 -2.74516 -3.17371 3
0.137621 0.0179093 0.184042 3
-0.00142943 -0.0514971 0.119067 3
0.0420515 0.306304 0.295414 3
0.229673 0.45832 0.427347 3
-0.00500949 -0.00855269 0.0229615 3
-0.274277 -0.493001 -0.0251248 3
-0.0395007 -0.0789946 -0.0267588 3
-0.0956793 -0.024325 0.0908323 3
-0.12631 -0.162021 0.0504966 3
-0.119552 -0.461948 0.0471999 3
-0.0238945 -0.0458764 -0.0410839 3
0.00258829 0.0630153 0.0343758 3
-0.149092 -0.379802 -0.537929 3
-0.37691 -1.28672 -1.43562 3
