# 1 = ball
# 2 = lepton
# 3 = photon
# 4 = PID > 100
# 5 = neutrino
# 6 = other
-0.0757686 -0.0242966 -1.55994 3
-0.00667464 -0.00427253 -0.357615 3
-0.271082 -33.5359 16.3004 4
-0.14212 13.3256 -4.96338 4
-0.0859161 1.55828 -1.13726 4
-0.52358 -0.553592 0.31833 4
-0.123966 -2.51418 0.782661 4
0.503255 6.63611 -2.4201 4
0.161141 0.802838 -0.0381561 4
0.385792 -3.95911 1.83733 4
-0.609603 2.34722 -1.83192 4
-0.238538 -0.392461 0.101141 3
0.00869546 0.00396209 0.0099476 3
-0.0704349 0.960838 -0.333968 4
0.372593 1.55222 -1.03633 4
0.313565 0.828196 -0.178529 3
0.0522015 0.372561 -0.0481186 3
0.340738 6.1778 -2.61709 3
0.514611 3.65837 -1.25719 3
-0.0204097 0.145669 -0.113973 3
-0.253854 0.930485 -0.374729 3
0.012037 -0.00687018 0.00220168 3
-0.0545719 0.366236 -0.150015 3
-0.0492674 0.060956 -0.0449464 3
0.0340577 0.418295 -0.218183 3
-0.0762895 0.217751 -0.150555 3
-0.00120276 0.434562 -0.433166 3
-0.0395867 0.00649355 0.0217633 3
-0.0558213 0.186226 -0.108648 3
