# 1 = ball
# 2 = lepton
# 3 = photon
# 4 = PID > 100
# 5 = neutrino
# 6 = other
-2.45775 0.346669 5.74348 3
0.245604 0.722251 -0.53918 3
-0.00128263 -0.00159769 -0.119502 3
-2.26023 1.07888 0.919029 4
-1.66759 0.381493 0.365486 4
-3.80505 1.23276 0.685655 4
-1.71584 0.632843 0.567288 4
-2.4655 0.65782 0.373708 4
-4.11117 1.00244 0.964605 4
-0.670923 -0.118065 0.458329 4
-0.118953 0.583193 0.251239 4
1.28224 0.0416874 0.0153397 4
20.2762 -5.20978 -8.43532 4
-4.96108 1.66523 0.897152 4
-5.47787 2.33938 1.82624 4
-0.254688 0.187618 0.0815131 4
0.159931 -0.0219281 -0.0379285 4
0.530579 -0.191129 0.370538 4
-0.293181 -0.324269 -0.195593 4
-0.423486 -0.712805 0.167879 4
1.09975 0.0251459 -0.136212 4
0.251122 0.0707539 -0.0763452 4
0.349597 0.334941 0.285719 4
0.290948 -0.175248 -0.280576 4
2.60623 -1.30692 -1.23147 4
-0.877331 0.284383 0.26968 3
-0.922568 0.162531 0.315324 3
-0.443986 0.0608156 -0.0162841 4
-0.354404 0.291358 0.065399 4
-0.24691 -0.045873 -0.0701553 3
-1.97928 0.572414 0.673795 3
-0.122138 -0.0763438 0.0319603 3
-0.222977 -0.314682 -0.0750562 3
6.14198 -1.91085 -2.71762 4
0.731659 -0.30313 -0.353845 4
0.00316543 -0.00409546 0.0729333 3
-0.32002 -0.0468873 0.409445 3
-0.242047 -0.00840523 -0.0490187 3
-0.0439472 0.0478818 -0.0635361 3
-0.1052 -0.162513 -0.111745 3
0.0160033 -0.0486403 0.0240408 3
0.206361 -0.297695 -0.204103 3
0.378303 -0.817319 -0.346497 3
-0.479373 -0.0828243 0.233851 3
-0.15587 0.0104758 0.157863 3
2.43382 -0.484432 -1.10414 3
0.19713 -0.0675252 -0.0633477 3
