# 1 = ball
# 2 = lepton
# 3 = photon
# 4 = PID > 100
# 5 = neutrino
# 6 = other
-5.59442 -1.83245 -3.69433 4
-17.2796 -5.95407 -11.5001 4
-0.592759 -0.365895 -0.0283645 4
1.7266 1.06389 1.06706 4
1.35119 0.111061 0.689729 4
1.65091 0.342861 0.862044 4
-6.05115 -1.5882 -4.57168 4
-0.687042 -0.367509 0.345159 4
-0.196334 -0.53127 0.629822 4
0.851859 0.404825 2.33973 4
1.30299 0.330452 1.67867 4
0.168272 0.432619 0.522429 4
0.399831 0.174504 0.408698 4
3.35 0.999617 1.54698 4
0.141645 0.0110052 0.152889 4
10.4223 3.33552 5.6996 4
-0.000626096 0.0463662 -0.0869709 3
-2.28625 -0.444151 -1.90366 3
-0.702344 -0.386781 -0.187777 3
-0.884107 -0.722443 -0.9667 3
-0.0266115 -0.023865 0.143693 4
-0.30945 0.0798759 -0.258571 4
0.135956 0.412083 -0.00198736 3
0.742981 0.466824 0.257758 4
1.10791 0.0899694 0.554712 4
0.374976 0.185723 -0.109753 3
0.0127412 0.0451251 -0.0399751 3
-0.293706 0.0866689 -0.0465861 3
-0.104699 -0.0248923 0.0417695 3
0.300039 -0.0378018 0.117511 3
0.0965102 -0.0753002 0.114378 3
0.626096 0.101576 0.39301 3
0.241647 0.0377978 0.060417 3
1.37192 0.521102 0.408831 3
0.947895 0.482714 0.300586 3
4.13697 1.04207 2.47441 3
2.12613 0.592293 1.18848 3
-0.222845 0.0431837 -0.0351497 3
-0.248729 -0.0130226 0.0898344 3
0.420028 0.181878 0.297367 3
0.633962 0.371955 0.661529 3
0.436287 0.152093 0.252514 3
0.402978 0.221999 0.13203 3
