# 1 = ball
# 2 = lepton
# 3 = photon
# 4 = PID > 100
# 5 = neutrino
# 6 = other
-0.00266248 0.0028971 0.0348814 3
12.5116 0.975722 -0.418265 4
7.49249 0.0787624 -0.792531 4
-0.0314904 0.415381 -0.133179 4
0.390457 -0.282162 0.33069 4
-0.146547 0.166331 0.202916 4
-0.948555 -0.0157025 -1.51811 4
-0.925465 -0.526669 -0.361942 4
-1.65884 -0.336193 -2.17655 4
-2.63393 -0.260127 0.296045 4
-1.92029 -0.224542 -0.466543 4
-7.01999 0.434653 1.68175 4
-16.4106 0.309426 4.08035 4
3.37408 0.813619 -0.324049 4
5.0869 -0.245113 0.109348 4
2.50061 0.294555 -0.0867498 4
1.71665 0.153668 0.133903 4
2.13168 -0.689286 -0.540036 4
0.501052 0.228878 0.0468525 4
-0.0882016 0.0375311 0.52521 4
-0.405022 -0.202707 -0.827395 4
0.144218 -0.242495 0.0235781 4
-0.995984 -0.104235 0.689166 4
-1.42955 -0.127866 -0.0448818 4
1.70726 0.0922387 -0.0179836 3
1.94968 0.248865 -0.00126294 3
0.499994 0.227137 -0.385743 4
0.049031 0.136469 0.0811645 4
-0.420083 -0.5145 -0.147612 3
-0.105383 0.0101211 -0.334063 3
0.399989 -0.072943 -0.0235215 3
0.513314 -0.213425 -0.137557 3
0.0879977 -0.076295 0.0759358 3
0.38615 -0.559779 0.142177 3
-0.0482328 0.0453248 -0.058984 3
-0.423327 0.168125 -0.0609177 3
-0.903055 -0.126543 -0.410607 3
-0.157412 -0.0572392 -0.129232 3
-0.426497 0.0132645 0.126499 3
-4.6969 0.0766744 0.936794 3
0.0907217 -0.00586123 0.0283222 3
0.264136 -0.0459608 -0.147864 3
