# 1 = ball
# 2 = lepton
# 3 = photon
# 4 = PID > 100
# 5 = neutrino
# 6 = other
0.477137 0.489521 0.29039 3
-0.00797454 0.00816273 -0.585468 3
-3.23479 3.3077 -5.29823 4
-2.9778 2.57193 -4.19053 4
-0.892466 2.03952 -1.94043 4
4.40255 -4.045 8.2652 4
0.492038 -0.579637 0.452995 4
-0.393925 0.367083 -0.561364 4
-2.32735 2.50729 -3.424 4
-3.01272 3.14056 -6.57983 4
-0.756559 0.453867 -0.39891 4
0.725221 -0.0763861 0.0124478 4
0.116614 -0.473958 0.27756 4
0.348991 -0.117895 -0.0858084 4
1.63945 -1.94854 2.96385 4
4.29503 -4.69973 6.53604 4
-1.13375 0.718362 -0.87421 3
-0.224099 0.162529 -0.254939 3
-0.402934 0.279886 -0.319108 4
-1.20581 0.69973 -1.88219 4
-0.0656588 -0.098232 0.161533 3
-0.135853 -0.18305 0.75934 3
0.159223 -0.300503 0.479459 3
0.156706 -0.194652 0.197353 3
-2.50434 2.22511 -3.59673 3
-1.51164 1.36446 -2.34184 3
0.037198 0.0130771 -0.0325047 3
-0.0780919 -0.0971212 -0.118134 3
0.736935 -0.699782 0.904415 3
0.330012 -0.284712 0.510998 3
7.28435 -6.36521 10.4956 3
0.76348 -0.714582 1.17379 3
0.139179 -0.0785049 0.284926 3
0.0939517 -0.196341 0.236822 3
-0.478844 0.341941 -0.507464 3
-0.85347 0.463121 -1.01099 3
