# 1 = ball
# 2 = lepton
# 3 = photon
# 4 = PID > 100
# 5 = neutrino
# 6 = other
0.0126773 0.0934292 -0.565672 3
0.16949 -4.46649 4.05472 4
-0.136201 -0.351097 0.0966144 4
-0.986438 -0.532916 0.8265 4
-1.29941 17.2966 -14.0934 4
1.11036 -8.43253 6.36252 4
0.264783 -3.10623 2.39628 4
-0.359957 -0.577744 0.697884 4
0.193865 0.403802 -0.658728 4
-0.0400577 1.14583 -0.963214 4
0.687724 -9.01101 7.32963 4
0.13721 -0.750008 0.730272 4
-0.193364 -0.841341 0.52411 4
0.348138 -0.618945 0.794153 3
0.445898 -0.443042 0.32471 4
0.0200026 -0.331687 0.337185 4
0.491793 0.151555 0.0014437 3
-0.103837 -0.0748397 0.112877 3
-0.70653 3.99254 -3.34131 3
-0.0851063 0.448846 -0.319967 3
-0.285849 9.85788 -8.09508 4
-0.0691949 1.35854 -1.10556 3
0.126805 -0.385905 0.40772 3
0.411496 -0.845031 0.728304 3
0.0599554 -0.280653 0.0656249 3
0.105747 -0.0851506 0.0509562 3
-0.196637 -0.63399 0.533864 3
-0.134654 -0.931649 0.839819 3
0.0125929 -0.378079 0.226889 3
-0.176372 -1.36565 0.980999 3
0.136522 -0.254387 0.6762 3
0.0385495 -0.0507114 0.0436025 3
