# 1 = ball
# 2 = lepton
# 3 = photon
# 4 = PID > 100
# 5 = neutrino
# 6 = other
-0.065185 -0.0603663 -0.0504582 3
-0.0131986 -0.0274741 0.211546 3
0 0 -0.000426414 3
-6.88361 -0.514419 -12.8011 4
2.66402 0.382029 2.97996 4
0.828923 -0.335654 2.65994 4
0.629794 0.410679 1.57912 4
1.10217 -0.0737641 2.94878 4
-0.917144 0.0308576 -2.75837 4
-0.614517 0.118784 -0.439944 4
-0.400192 -0.207048 -0.175721 4
1.20944 -0.222034 1.19348 4
1.99997 0.957573 3.267 4
2.69718 0.409537 5.40558 4
-4.4051 -1.31933 -7.43384 2
-0.304461 0.24883 -0.757617 5
-4.29067 -0.752531 -8.17653 4
-1.27556 -0.183491 -1.71391 3
-2.44085 -0.539792 -4.71468 3
0.280411 0.353465 -0.117551 4
0.0274922 -0.142672 0.00745497 4
0.75519 0.0634004 1.79379 3
-0.00783652 0.0920625 -0.155079 3
-0.111873 0.00684683 -0.242328 3
1.49118 0.545446 1.94684 3
0.122777 0.0731322 0.130661 3
0.131653 -0.0852251 0.111318 3
0.137763 0.0376048 0.177172 3
0.423749 -0.115426 0.643653 3
0.0175502 -0.0267367 0.0715167 2
0.207932 -0.0706657 0.427667 2
0.0879989 0.0596577 -0.0335829 3
0.0809001 0.203812 0.0754359 3
2.5345 -0.185842 5.3061 4
1.19749 0.415491 2.97589 4
2.48522 0.209562 4.51257 4
0.313975 0.196142 0.618939 3
0.30293 0.0475586 0.526668 3
