# 1 = ball
# 2 = lepton
# 3 = photon
# 4 = PID > 100
# 5 = neutrino
# 6 = other
-0.376845 0.079057 4.02935 4
-0.626016 0.0209363 2.28065 4
0.427149 -0.179784 0.345659 4
0.103892 -0.0694449 -0.0427827 4
0.243269 0.127421 0.595389 4
-0.973969 -1.81631 -5.74395 4
0.991506 -0.131311 -4.65978 4
-0.159859 -0.249026 -1.98297 4
3.001 1.93366 -10.7097 4
-0.84569 1.01081 10.5141 4
-1.50909 1.0675 12.8521 4
0.116632 0.413579 0.102845 4
0.257185 -0.266759 -0.947672 4
0.010772 -0.795168 -0.726785 4
0.266207 -0.206238 -0.946665 4
0.0858463 0.484844 -3.61681 4
0.40671 0.0506979 -3.54755 4
-0.130571 0.197848 1.71484 4
-1.06211 1.4045 5.88325 4
-0.08265 -0.0165131 -0.102157 4
0.10312 -0.111734 0.445973 4
-0.0345525 -0.0252399 0.899806 3
-0.0241226 0.0574102 0.20623 3
0.139135 -0.0789367 -0.0919594 3
-0.477027 -0.290781 0.0364313 3
0.0150843 -0.00774968 -0.0173952 3
0.00280295 -0.993681 -1.0015 3
0.458801 -0.602482 -2.59515 3
0.0145414 -0.0964067 -0.344409 3
-0.158959 -0.244889 -0.896134 3
-0.400026 -1.08974 -3.80164 3
0.219535 -0.0104759 -0.56892 3
0.221823 -0.0705125 -0.330058 3
-0.285371 0.298598 2.14095 3
-0.0948285 0.147914 0.567748 3
0.0937774 0.0696237 -0.0230515 3
0.0628985 -0.0112174 0.0816704 3
