# 1 = ball
# 2 = lepton
# 3 = photon
# 4 = PID > 100
# 5 = neutrino
# 6 = other
-0.0187 -2.73229 0.665567 4
-0.0738868 0.129714 0.129028 4
0.00695909 -0.203624 0.381143 4
3.58629 -0.559075 -1.36267 4
0.348966 0.500945 0.494673 4
-0.454934 1.62798 0.40452 4
-0.431284 -0.658808 -0.0304167 4
0.22448 -0.0910256 -0.252159 4
3.62742 0.387604 -1.8272 4
0.10146 -0.104196 -0.371894 4
0.556952 0.101797 -0.256949 4
-0.0473074 0.528563 -0.345803 4
-0.501827 0.926309 0.181506 4
0.11199 -8.17062 1.05166 5
-0.0173846 -0.334133 0.0739977 3
-0.0530558 -0.922601 -0.0209739 3
0.406164 -0.332603 0.26785 3
0.117903 -0.0755536 0.00152006 3
0.0693066 -0.141247 -0.0526786 3
0.257251 -0.130891 -0.104401 3
-0.0881971 0.216401 -0.0378725 3
-0.291598 1.67385 -0.264442 3
-0.147975 0.443189 -0.0440442 3
0.181704 -0.287048 -0.131726 3
0.0227973 -0.108622 -0.12492 3
-0.050122 0.0955406 0.0824641 3
0.0870723 0.11825 0.143097 3
0.310851 -0.0446389 -0.0624324 3
0.0280475 -0.0574544 -0.0245022 3
0.0857709 -0.0918055 0.187342 5
0.98103 -10.9859 2.70292 4
-0.247523 -1.65235 0.585369 4
0.378164 -1.12802 0.3134 4
-0.405193 1.59732 -0.151171 4
-1.68212 5.45989 -0.825628 4
-1.21483 4.32805 -0.65731 4
-0.294149 0.913512 -0.141649 4
-0.325785 0.67922 0.169918 4
-0.0811931 -2.96657 0.910979 3
0.0130942 -0.384684 0.0743648 3
-0.350139 -4.12874 1.14092 4
-0.391177 1.46891 -0.244603 4
-0.0408649 0.101578 0.00422629 3
-0.53552 1.17314 -0.414116 3
0.0011636 -0.0744803 0.0669532 3
0.204826 -1.13951 0.452018 3
-1.17436 3.78423 -0.514378 2
-1.14856 6.1491 -1.43879 5
-0.97424 2.85125 -0.681944 4
-0.634721 2.19323 -0.0817798 3
-0.0330145 0.0569369 -0.0189715 3
