# 1 = ball
# 2 = lepton
# 3 = photon
# 4 = PID > 100
# 5 = neutrino
# 6 = other
-0.0033667 -0.0078911 -0.652795 3
0.756841 0.522611 1.98346 4
-1.16611 0.21682 1.50766 4
-1.23393 1.40755 6.44442 4
0.712818 -0.561826 -0.663097 4
-0.110815 -0.0961898 0.0348246 4
0.10637 1.09485 3.61076 4
-0.138503 -0.0177333 0.615423 4
-0.19298 -0.0755504 0.903893 4
0.577586 0.246161 0.577597 4
-0.47214 0.0895743 0.634278 4
0.236166 -0.099474 0.0230961 4
1.56614 1.51698 3.65886 4
1.35307 0.481946 1.51027 4
2.83411 0.333473 2.98944 4
3.94021 0.761354 5.60558 4
0.988975 0.156992 0.721074 4
0.0650261 -0.154174 0.421458 4
0.493563 0.096066 1.0228 4
-0.176578 0.38765 2.22797 4
-0.0562051 0.585324 2.28675 4
-0.172102 -0.0700996 -0.132608 4
-0.236904 0.26394 -0.17614 4
-0.114192 -0.0784656 -0.264761 3
0.107354 0.120484 0.0776945 3
0.485464 0.375004 0.5859 3
-0.082873 -0.0112479 -0.251054 3
-0.903459 -0.514267 -2.37683 3
0.293579 0.345502 2.14899 4
-0.0429222 -0.0202538 0.0969903 3
-0.0112788 0.124755 0.12113 3
-0.0319624 -0.0633527 -0.112417 3
0.0349844 0.00174657 -0.373408 3
-3.71492 -4.82892 -15.6111 5
-0.952116 -0.252 -1.14946 2
-0.769676 -0.833043 -2.516 2
-0.462582 -0.093027 -1.06124 5
-0.404755 -0.148015 -1.4742 3
-0.0190796 -0.0491539 -0.12477 3
-2.01153 -0.491777 -7.82454 4
-1.07128 -0.662323 -5.04591 4
