# 1 = ball
# 2 = lepton
# 3 = photon
# 4 = PID > 100
# 5 = neutrino
# 6 = other
-0.00306528 -0.0051737 -0.000685584 3
5.29754 -1.72458 -1.92415 4
2.83488 -0.987842 -0.535514 4
1.21356 -0.651775 -0.113965 4
-1.07256 0.286077 0.377793 4
-1.62 0.592245 0.872813 4
-4.01003 1.51955 1.22264 4
-2.11888 0.699448 0.238412 4
0.0155966 0.376199 0.715066 4
-2.19315 2.03939 1.89663 4
-0.78849 1.9822 0.773817 4
-0.673311 0.129558 0.457804 4
2.787 -0.401278 -1.27052 4
9.95372 -3.16027 -3.90417 4
-5.41312 1.22187 1.13428 4
-8.67352 1.42099 1.86982 4
-1.07997 -0.251878 0.390527 4
-3.55956 0.450704 0.739161 4
1.62201 -0.220832 -0.791032 4
1.13088 -0.517125 -0.457996 4
2.13348 -0.678024 -1.09639 3
1.08136 -0.433002 -0.623435 3
0.183238 -0.232747 -0.33009 3
0.471881 -0.318249 -0.543048 3
0.206998 -0.13741 -0.368577 4
0.0476832 0.00283951 -0.0271363 4
-2.26125 0.533355 0.667651 3
-2.98985 0.556568 0.81798 3
-0.0224949 0.0107396 -0.0211297 3
-0.83549 0.115955 0.0705058 3
-0.390068 0.0526845 0.488933 3
-0.457505 0.183342 0.478469 3
-0.128566 0.0951533 -0.110315 4
-0.405407 0.67673 0.624222 4
0.0676557 0.11795 0.0885436 4
-0.178372 0.100152 0.269261 4
0.00743031 -0.0771418 0.150539 3
0.275222 -0.779027 0.904834 3
0.411796 -0.27835 -0.164355 3
0.212676 -0.259853 -0.168939 3
1.73702 0.0355744 -0.389721 3
0.182312 0.0469495 -0.0515715 3
0.00235564 0.0014994 0.00364173 3
2.16954 -0.662666 -0.656229 3
1.49255 -0.503558 -0.518382 3
1.26035 -0.537682 -0.521933 3
1.89925 -0.50502 -0.730003 3
0.0930731 -0.0468255 -0.0154713 3
0.0999914 -0.140358 -0.0987249 3
0.13112 -0.00466208 -0.0528503 3
0.0118428 -0.00151542 -0.0127838 3
-0.0765883 0.279416 0.157387 3
-0.10228 0.0357353 0.0659221 3
0.0195209 -0.0460136 0.022463 3
