# 1 = ball
# 2 = lepton
# 3 = photon
# 4 = PID > 100
# 5 = neutrino
# 6 = other
-0.000409412 0.0005977 -0.000270445 3
0.149238 -0.694338 -0.521455 4
0.355181 -0.898363 -1.27637 4
1.98943 -2.29658 -0.737457 4
1.54631 2.53425 0.220652 4
0.149087 1.41856 1.02948 4
-3.96742 2.24428 3.73586 4
-3.03003 3.0804 5.36708 4
-4.19308 4.26219 7.11396 4
-6.304 5.10597 7.52717 4
8.76554 -10.7287 -17.3172 4
1.53843 -1.96337 -3.19288 4
0.0423644 -0.205937 -0.107518 4
0.941347 0.467914 0.30549 4
-0.035085 -0.126533 0.0600197 4
-0.157405 0.117207 0.363035 4
0.701717 -1.42355 -2.2159 4
0.332316 -0.397984 -0.242724 3
2.98338 -3.02007 -2.15757 3
-0.415587 -0.234682 -0.04659 3
-0.072734 -0.110953 -0.0476247 3
0.00306042 0.0395896 0.00027726 3
0.974754 1.51967 0.240227 3
-0.241539 0.173772 0.102831 3
-0.0231672 0.0851389 -0.0135714 3
0.684299 -0.916501 -1.33929 3
0.618121 -0.990213 -1.51878 3
-0.715117 0.686966 1.09722 3
-2.619 2.27126 3.57187 3
