# 1 = ball
# 2 = lepton
# 3 = photon
# 4 = PID > 100
# 5 = neutrino
# 6 = other
0.532813 -13.5557 -1.09802 4
0.732794 -5.55743 -0.710284 4
0.538898 -1.34964 -0.0568412 4
-0.113624 0.817785 -0.118828 4
-0.448046 6.23424 1.10729 4
-0.290213 5.97806 0.4368 4
-0.0106891 3.57318 -0.0185618 4
-0.463119 3.99835 0.203937 4
0.266872 -2.47005 0.00920536 4
0.106548 -8.80758 -1.08514 4
0.285069 -1.06118 -0.12445 4
0.0560358 -2.17945 0.0940316 4
-0.39953 -1.69197 -0.299626 4
0.211211 -4.39807 -0.119517 4
0.338168 -0.498627 -0.250877 4
-0.295428 0.0737193 0.14401 4
-0.211214 0.00505048 -0.220757 4
-0.153639 0.154156 -0.248409 4
0.167828 -0.336257 -0.0229461 3
-0.0184446 -0.113428 -0.0316822 3
0.00620575 -0.0132267 -0.0280592 3
-0.110845 0.204754 -0.0707141 3
0.0035016 0.427817 0.0637476 4
0.18652 0.674257 -0.117938 4
-0.0192782 0.759192 0.0343894 3
0.050543 0.166016 -0.0251718 3
0.00847061 0.34743 -0.00498724 3
-0.012117 4.23569 0.396465 3
-0.218906 12.3123 1.19049 3
-0.0945464 2.39892 0.20266 3
-0.200106 -0.394574 0.236638 3
0.00634851 -0.126137 0.0336886 3
-0.0106325 -0.385528 0.0148208 3
-0.0663435 -0.267554 -0.0878368 3
0.289405 -0.401678 0.0423121 3
-0.00389048 -0.0499213 -0.0217081 3
-0.129509 0.141473 0.300894 3
-0.162319 0.0110581 0.205342 3
-0.344055 1.1029 0.0177472 3
-0.0107389 0.0415789 0.0278761 3
