# 1 = ball
# 2 = lepton
# 3 = photon
# 4 = PID > 100
# 5 = neutrino
# 6 = other
0 0 -0.000213405 3
-0.0877723 0.532227 -0.00257532 4
0.0250352 -0.184509 -0.326919 4
0.29586 -0.36638 0.150086 4
-0.028354 -1.21002 -1.14882 4
0.79759 -1.9748 -4.08987 4
-1.12908 2.89373 4.67454 4
-0.149688 -0.105348 0.415098 4
1.15268 -2.1926 -3.43723 4
1.34092 -2.11678 -2.98623 4
0.280833 -5.21595 -7.82143 4
0.127232 0.653757 1.2882 4
-0.0523524 0.8179 0.48912 3
0.0890162 0.133125 0.49465 3
0.442061 -0.91089 -2.05101 3
0.179628 -0.488399 -0.881803 3
0.157233 -0.415542 -0.789994 3
0.31492 -4.86214 -6.62441 3
-0.0944964 -0.539789 -0.573421 3
0.0335062 -0.281309 -0.375845 3
-0.164515 -1.24216 -1.70401 3
-0.135427 -2.42934 -3.36801 3
-0.412962 1.93635 2.79801 3
-1.4582 7.92767 11.6528 3
-0.163564 1.25311 1.76671 3
-0.760545 4.71655 7.06354 3
-0.449206 2.45947 3.54501 3
-0.150353 1.21206 1.84408 3
