# 1 = ball
# 2 = lepton
# 3 = photon
# 4 = PID > 100
# 5 = neutrino
# 6 = other
1.15508 -1.47872 1.99283 4
-0.401313 -0.0814907 0.762879 4
0.131526 0.319294 -1.10086 4
0.524541 0.353626 -0.162115 4
0.309167 0.645566 -1.42728 4
-1.74895 -3.12583 6.593 4
-0.144261 -0.629324 1.77417 4
0.0443207 -1.25245 1.37427 4
0.140173 -0.220171 0.665442 4
1.63275 2.01266 -4.83749 4
1.0064 0.873418 -2.4167 4
0.420394 1.16188 -2.56843 4
-0.0229131 2.36814 -3.81621 4
-3.5003 -5.67914 11.6285 3
-0.341995 -0.736308 1.11002 3
-0.416131 -2.13082 3.12611 4
-0.783078 -2.90746 4.30771 4
-0.0750712 -0.720739 1.20379 3
-0.0152913 -0.0306605 0.129695 3
-0.324759 -2.79941 2.49061 3
-0.0507323 -0.213532 0.158819 3
-0.0313114 0.0137751 -0.136359 3
0.0475035 -0.0440495 -0.0178233 3
0.056893 -0.0867095 0.0493775 3
0.000157438 0.0155632 -0.0454939 3
-0.37707 1.53033 -2.12925 3
0.00610732 0.574229 -0.363402 3
0.84678 2.35974 -4.18188 3
0.453394 1.55162 -2.79018 3
-0.00380191 -0.0100419 -0.0243292 3
0.00939408 -0.00166342 0.103946 3
-0.148236 -0.0433311 0.123879 3
0.0101834 0.024989 0.0659552 3
0.0569841 0.100823 -0.0491755 3
0.136719 0.245853 -0.113014 3
0.0447118 0.0438102 0.0361259 3
0.0772349 0.0318702 -0.0648642 3
0.0424066 -0.0760019 0.0106191 3
0.251608 3.65408 -5.4208 4
0.980782 4.38661 -6.04208 4
