# 1 = ball
# 2 = lepton
# 3 = photon
# 4 = PID > 100
# 5 = neutrino
# 6 = other
0.0072892 0.0170063 -1.32331 3
-0.251 -0.16906 0.0490485 4
-0.0297134 0.184268 0.222938 4
-0.699759 -1.59732 -1.17782 4
1.28362 3.71539 2.35957 4
0.657929 1.90652 1.57671 4
0.813694 1.82644 1.24105 4
0.102992 0.322088 0.1618 4
-0.840874 0.512451 0.292457 4
-2.17186 -7.97173 -4.95395 4
-1.17446 -4.31131 -2.80509 4
1.62874 6.79853 4.55291 4
0.0570774 0.227837 0.00928746 3
0.234476 0.369858 0.139844 3
-0.543799 -2.45003 -1.57456 3
-0.0586861 -0.085166 -0.0365958 3
0.0585 -0.0268385 -0.0720449 3
-2.58858 -8.05155 -4.80436 4
-0.747889 -3.58412 -2.5319 4
1.80176 4.77273 3.57654 4
1.1257 3.95959 2.52181 4
3.00798 10.6966 6.96822 3
0.483607 1.54823 0.9908 3
-0.284923 -1.53029 -0.769921 4
-1.60418 -6.21822 -4.12184 4
-0.201712 -0.67508 -0.317578 3
-0.0659287 -0.186816 -0.174039 3
