# 1 = ball
# 2 = lepton
# 3 = photon
# 4 = PID > 100
# 5 = neutrino
# 6 = other
0.00391687 -0.00432628 0.0175622 3
-5.7529 10.0341 5.09463 4
0.880032 -2.65339 -1.58719 4
1.6488 -1.19038 -1.07546 4
-0.000535833 0.626372 0.0424852 4
2.14877 -2.62638 -2.00577 4
0.321987 -0.704891 -0.628266 4
0.27469 -0.99399 0.286616 4
-0.0472409 0.10453 0.147612 3
-0.477477 0.432724 0.561392 3
-0.332265 0.640826 0.34555 3
-0.658454 0.890385 0.639542 3
-1.18283 1.46884 0.910234 3
-1.33614 1.85028 0.861064 3
-0.106206 0.163525 0.116069 3
-0.0319828 -0.00626006 0.0410916 3
-0.139706 -0.0438573 -0.106226 3
-3.94064 9.43926 7.37969 2
-0.911169 1.16261 1.18935 5
-3.58359 7.43206 4.84181 4
8.02627 -16.2128 -10.1131 4
0.988267 -1.91989 -1.4301 3
1.84839 -3.21941 -2.39995 3
1.48017 -2.82729 -1.61603 3
0.171896 -0.359512 -0.254134 3
0.503475 -1.12015 -1.00291 3
0.204469 -0.362951 -0.255515 3
