# 1 = ball
# 2 = lepton
# 3 = photon
# 4 = PID > 100
# 5 = neutrino
# 6 = other
-0.613568 0.278398 -0.948844 4
-0.15002 0.0729637 0.0753682 4
0.76399 -0.385249 -0.78262 4
6.08074 -4.20347 1.38757 4
6.76841 -3.59504 1.07363 4
9.81171 -5.18302 2.11344 4
-0.84134 0.747198 -0.337842 4
-1.92975 1.59974 -1.09755 4
3.35976 -1.6242 0.297155 4
-3.62984 1.90714 -0.441763 4
-1.02433 0.58043 0.00746068 3
-1.30379 0.675935 -0.131297 3
-6.22397 3.7007 -0.924342 4
-2.30903 1.12219 -0.323266 4
-0.895684 0.082983 0.238198 3
-0.717262 0.0983268 0.0729286 3
0.23182 -0.25509 -0.163092 4
-0.18954 0.0872874 0.0103009 4
-0.193794 -0.0161413 -0.18561 3
-0.146305 0.0240273 -0.0162819 3
0.649021 -0.493716 -0.179713 4
0.675565 -0.313513 0.221877 4
2.21713 -0.925718 0.751742 3
0.452871 -0.152566 0.0980133 3
-4.21535 2.30992 -0.830122 3
-1.09652 0.644453 -0.278718 3
-0.167767 0.0965263 0.019008 3
-0.365889 0.0170573 0.105858 3
1.95717 -0.997116 0.58205 3
4.14948 -2.2663 1.10421 3
-9.94092 5.58917 -1.26848 3
-2.02978 1.07291 -0.266464 3
0.0144487 -0.0349385 -0.0337716 3
-0.0824008 -0.0176533 0.0791792 3
-0.00114296 0.00516708 0.00431224 3
0.935874 -0.248792 -0.0325326 3
