# 1 = ball
# 2 = lepton
# 3 = photon
# 4 = PID > 100
# 5 = neutrino
# 6 = other
0.842148 0.248012 5.61506 3
0.000479718 0.00274853 -0.322937 3
-0.341844 1.61344 -3.0497 4
-0.782906 5.58011 -12.6826 4
-0.127274 -0.0716087 -0.721418 4
0.456326 -0.321659 0.0385839 4
-0.301401 -2.96079 4.98051 4
1.18301 -3.8371 7.21965 4
-0.233673 0.874154 -1.05487 4
-0.418548 3.2631 -8.39576 4
-0.121505 0.0202941 0.811283 4
0.918446 -7.42541 13.2494 4
-0.152391 -0.432668 0.560012 4
0.46388 -3.49626 6.80119 4
-0.134097 1.72007 -3.82979 4
-0.355985 3.38746 -7.16538 4
0.0519807 0.108271 -0.15718 4
-0.201765 0.449751 -0.401483 4
0.024107 0.0427198 0.995037 4
-0.11935 0.0842929 0.31301 4
-0.0756459 0.811421 -1.64422 3
-0.0774668 0.238976 -0.402626 3
-0.111516 0.388317 -1.00133 3
-0.00845246 0.223854 -0.364453 3
0.0732966 -0.226001 0.196703 3
0.0027664 0.0189176 0.0294482 3
-0.0296887 -0.094855 0.171557 3
-0.108788 -0.0551596 0.0498644 3
-0.217232 0.0101301 0.0779238 3
0.0088517 0.0260367 -0.00942984 3
-0.102672 -0.0976432 0.109114 3
-0.00308822 -0.0929025 -0.0151676 3
