# 1 = ball
# 2 = lepton
# 3 = photon
# 4 = PID > 100
# 5 = neutrino
# 6 = other
0.000216904 -0.000451912 6.47434e-05 3
0.645862 2.37128 0.000962464 4
0.28976 0.171342 -0.33761 4
-0.0085545 -0.0198779 -0.161998 4
0.183354 -0.502796 0.16622 4
0.666743 0.00585227 -0.45734 4
-0.415906 -0.581631 1.31316 4
-1.86551 -0.650874 3.08816 4
-0.853259 -0.788369 2.85608 4
0.256825 -0.282492 0.0923762 4
0.167784 -0.302925 0.140325 4
-0.717994 -0.691996 0.836666 4
-0.0394433 0.144813 -0.0991896 4
0.111873 -0.0887995 0.10933 4
-0.777124 -3.10599 -1.60538 4
0.236352 0.543981 -0.426807 4
0.598552 0.374657 0.511557 4
0.0465458 0.570135 -0.154728 4
0.281094 0.06887 0.182324 4
1.27402 -0.691449 -0.194101 4
0.0579382 0.12661 -0.371222 4
-0.128565 -0.66798 0.310923 4
-0.127505 -0.220561 -0.019676 4
-2.04551 -3.65716 -1.64994 4
1.02821 -0.456082 -0.220111 4
0.582732 -0.467334 0.275168 4
0.810655 -0.269398 -0.566794 3
0.0964455 -0.0670619 -0.126946 3
0.755081 0.164703 0.089377 4
0.898408 -0.157453 -0.361954 4
0.735492 -0.0156231 -0.594527 3
-0.0343041 -0.135727 -0.00971253 3
0.445266 0.0490761 -0.508214 4
0.227267 -0.236035 -0.755751 4
-1.39599 -0.454224 2.692 3
-1.68838 -1.20286 4.16746 3
0.147179 0.761691 0.321644 3
-0.00896177 0.00818375 -0.00700914 3
0.390835 -0.521394 0.0444281 3
0.109633 -0.0521843 0.0125293 3
0.885373 4.48169 -0.446354 4
1.31749 6.30944 -0.511839 4
2.74346 11.2985 -0.746892 4
0.442327 2.92731 -0.100377 4
0.0839557 -0.0807484 -0.0514685 3
0.181205 -0.0108323 0.0330378 3
0.378602 -0.199443 -0.277566 3
-0.00430342 -0.00891593 0.00889715 3
-1.22915 -2.18177 -0.839419 4
-2.5146 -4.92596 -1.98524 4
-0.0498326 -0.0559555 -0.0704732 3
-0.311475 -0.647977 -0.244311 3
-0.243094 -0.650269 -0.363488 3
-0.00116595 -0.19972 -0.12625 3
-1.78144 -3.48298 -1.87318 3
-0.834474 -1.64488 -0.986826 3
