# 1 = ball
# 2 = lepton
# 3 = photon
# 4 = PID > 100
# 5 = neutrino
# 6 = other
-0.004622 -0.0266978 0.0707765 3
0.000887709 0.00325561 -0.012814 3
0 0 0.000323592 3
-0.0985615 -0.97382 1.69647 4
0.0277315 0.000737606 0.22751 4
-0.352463 -1.00621 2.05712 4
0.114446 -0.834954 0.97821 4
0.31019 0.0609411 1.66751 4
-0.262511 0.112666 0.128053 4
0.118581 0.383229 -0.313214 4
0.216037 -0.018591 0.250815 4
-1.05952 0.369086 -1.80388 4
-1.21115 0.414215 -2.38706 4
-0.26937 0.10751 -0.103651 4
-0.57367 0.771117 -2.01703 4
2.1275 3.27111 -4.7312 4
2.69925 3.63722 -6.25647 4
-0.0603228 -0.848218 0.89453 4
-1.41045 -2.72602 4.11925 4
-0.289109 -0.794333 1.15274 4
-0.896247 0.333367 -1.76718 4
-0.280854 -0.0223958 -0.157806 4
-0.389177 -0.00189799 -0.274427 4
-0.318557 1.36221 -2.00683 4
-0.452291 0.238843 -1.27399 4
2.72263 2.02686 -4.747 4
-0.143728 -0.106574 0.493255 3
-0.0815821 -0.253185 0.812207 3
-0.0679455 -1.24593 2.13825 4
0.0421733 -0.202319 0.421876 4
0.0577311 -0.313795 0.326901 3
-0.69023 -3.47617 5.51998 3
-0.103444 -0.863479 1.34747 3
-1.2878 -1.6194 2.79752 3
-0.162528 -0.224239 0.460737 3
-0.465579 -0.148444 0.897993 3
-0.037014 -0.0629566 0.134055 3
0.201395 0.134916 -0.561801 3
0.3469 0.332546 -0.746344 3
1.13852 1.54298 -2.36635 3
1.54057 2.25209 -3.57449 3
-0.583514 -1.88533 3.61709 3
-0.300663 -0.77325 1.38946 3
0.0470531 -0.568905 2.18093 3
0.0511065 -0.126222 0.765183 3
0.0601534 0.427148 -0.376 3
0.0380175 0.646114 -0.37121 3
0.0754135 0.246998 -0.176953 3
-0.043461 0.241211 -0.250973 3
-0.0131629 0.219678 -0.22888 3
-0.0267417 -0.012729 -0.0406501 3
