# 1 = ball
# 2 = lepton
# 3 = photon
# 4 = PID > 100
# 5 = neutrino
# 6 = other
0.000863332 -5.95739e-05 -0.139593 3
1.36759 -1.98041 -0.643836 4
-6.11086 6.31639 0.100865 4
2.15312 -1.70065 0.0563868 4
0.210496 -0.147323 -0.113452 4
-0.197227 0.441465 -0.146473 4
0.862415 -0.422353 0.712273 4
-0.0364514 0.0289992 0.0232262 3
1.20991 -1.52408 -0.0512049 3
2.62966 -3.37581 0.0836533 3
0.567138 -0.727458 -0.0117516 2
2.7993 -4.27915 -0.0690511 5
1.41636 -1.15112 0.0566594 4
-4.6415 4.58719 0.615026 5
-0.22531 1.36991 0.0204139 2
9.25786 -8.84912 0.171332 4
2.76799 -2.87371 0.269878 4
1.03025 -1.0203 0.00803453 3
0.0340319 -0.0763555 -0.00953279 3
0.0412577 -0.0641741 0.035946 3
0.161444 -0.523308 -0.0758414 3
1.60124 -2.03071 0.00258311 4
1.3985 -1.75512 -0.336425 4
0.316929 -0.533343 0.0786639 4
-3.89897 3.60645 -0.0751611 4
-7.43384 8.53561 -0.65724 4
-0.483386 0.304922 -0.0939905 3
-0.0235145 -0.0083687 0.0140883 3
0.179034 -0.248332 0.0102312 3
0.681567 -0.558468 0.0487149 3
-2.64803 3.09905 0.0305966 3
-4.98786 5.55972 0.0849849 3
