# 1 = ball
# 2 = lepton
# 3 = photon
# 4 = PID > 100
# 5 = neutrino
# 6 = other
0.00196235 0.0205151 0.0433393 3
-0.00924648 0.83704 -1.31812 3
1.06554 -7.452 -0.676208 4
-0.388448 0.613238 -0.279782 4
0.477711 0.448021 0.0336448 4
-0.0886936 1.58758 -0.0582588 4
-0.677894 6.69527 0.635524 4
-0.643696 5.86225 0.683315 4
-0.0100208 0.0616533 0.244326 4
-0.428077 1.759 0.302152 4
-0.110819 0.194475 0.014796 4
-0.441845 6.53354 0.543179 4
-1.80649 18.4521 1.86137 4
0.0117011 1.48258 0.0735993 4
0.0244856 -0.696543 -0.0948565 3
0.495967 -4.575 -0.536338 3
0.355289 -4.18475 -0.317175 3
1.31726 -15.1456 -0.892661 3
-0.00653926 -0.860113 0.144743 4
0.112692 -2.66116 -0.252242 4
-0.00962615 -0.0282525 -0.00136896 3
-0.142993 -5.67681 -0.989095 3
0.131166 -0.206729 0.480939 3
0.0388385 -0.237184 0.29886 3
0.259874 -0.582635 0.127734 3
0.012295 -0.124171 -0.0194614 3
0.180196 -0.5784 -0.10979 3
0.0245761 -0.274125 0.0199827 3
0.00729194 -0.00315003 -0.03291 3
0.00484459 -0.294483 0.00307295 3
0.0485266 -0.350872 0.0761356 3
0.194171 -0.615239 -0.00843976 3
