# 1 = ball
# 2 = lepton
# 3 = photon
# 4 = PID > 100
# 5 = neutrino
# 6 = other
-1.57567 0.744619 -0.666713 3
0 0 0.000330565 3
-1.42678 -2.90473 -1.20883 4
-0.567666 -1.59539 -0.0136296 4
-0.040813 -0.343903 0.0392065 4
-0.0261561 0.360327 -0.0432955 4
0.741357 1.50442 1.15689 4
0.374351 0.613229 0.464226 4
0.313453 0.367257 0.0447691 4
0.181554 0.130644 0.22698 4
0.509932 0.247135 0.762447 4
4.57679 7.96793 2.98644 4
-11.3892 -15.3274 -6.66586 4
-3.77314 -5.03539 -2.59062 4
-0.717016 -1.03618 -0.263026 4
-0.0387362 -0.854106 -0.735192 4
1.84829 -0.758021 1.37143 4
0.411698 -0.164919 0.401728 4
0.107218 0.15231 0.85258 4
0.519339 0.271831 0.384771 4
4.12007 9.13612 1.6408 4
0.395757 0.882429 0.0302751 4
-2.72682 -4.00196 -2.30009 4
-0.46522 -0.381259 -0.409647 4
-0.30498 -0.289771 -0.159923 4
0.131367 -0.107692 0.108123 4
0.154232 -0.0906929 -0.140987 4
0.0166371 -0.0295284 -0.0477335 3
0.417027 -0.475679 -0.174298 3
0.509464 0.861863 0.298241 3
0.5666 1.34469 1.14942 3
1.38317 2.68261 1.35365 4
0.172509 0.378073 0.16979 4
0.100247 -0.282955 0.0598896 3
-0.0395357 -0.0772962 -0.00623334 3
0.172076 -0.0950542 -0.0684477 3
0.0869535 -0.0858353 0.0586816 3
-0.0755451 -0.2381 -0.0493674 3
-0.0375784 0.00552634 0.0111732 3
0.00155122 -0.066447 0.0122855 3
-0.0393488 -0.0242458 -0.126535 3
0.563052 0.0314358 0.0869193 3
0.234607 0.101666 0.0534971 3
0.775501 1.04656 0.498024 3
0.858924 1.41377 0.643556 3
0.431287 0.517797 0.0390018 3
0.252384 0.261672 0.118293 3
0.929921 1.09623 0.154053 3
0.134062 0.250085 0.0337437 3
0.842751 1.23245 0.240665 3
0.410018 0.663828 0.218533 3
