# 1 = ball
# 2 = lepton
# 3 = photon
# 4 = PID > 100
# 5 = neutrino
# 6 = other
-0.0519336 0.0553111 0.016473 3
0.000593217 -0.000397034 -5.58193e-05 3
-29.1177 -5.08397 8.00799 4
-4.36954 -0.51912 1.4749 4
-4.2819 -0.0992954 0.963392 4
-0.764492 -0.0305624 0.199461 4
0.925983 0.935742 -0.884865 4
0.495134 0.517999 -0.0975045 4
3.01164 -0.0367401 -1.22859 4
3.63024 -0.592183 -1.09149 4
-1.14746 0.253627 -0.184685 4
0.0439154 0.251193 0.062774 4
0.0176345 -0.372413 0.176233 4
0.717245 -0.241108 -0.087342 4
0.551923 0.514753 0.000605812 4
0.854177 -0.00616928 -0.107894 4
0.94354 0.613149 -0.840718 4
3.94188 0.991219 -0.695801 4
0.534258 0.364739 0.0361726 4
-0.473495 -0.16006 -0.0144891 4
-0.340208 -0.294267 0.258359 4
-0.24135 -0.0187671 0.263529 4
-0.443742 0.0718089 0.0718239 4
0.742279 0.142328 -0.0132041 4
0.690466 0.223077 -0.120967 4
4.24395 1.97952 -0.91884 4
0.570202 0.238158 -0.166846 4
0.34416 0.0482423 -0.460227 3
0.00163501 -0.0192513 -0.00657479 3
0.821062 -0.169211 -0.227849 3
1.76144 0.328833 -0.076285 3
1.80237 -0.196571 -0.413807 3
4.91529 -0.753953 -1.19156 3
3.81837 -0.781627 -1.29472 3
1.46276 -0.274341 -0.579113 3
0.00381322 -0.00213616 0.0171218 3
0.253816 0.381089 -0.0639005 3
1.6149 0.451009 -0.443841 3
1.344 0.309567 -0.257715 3
-0.494926 -0.0304275 0.233397 3
-0.485703 -0.0897909 0.105084 3
-0.0195886 -0.00128767 -0.0322569 3
-0.189116 0.0929384 0.113415 3
1.61985 0.496639 -0.385576 3
0.047037 -0.00853396 -0.0129246 3
0.197724 0.219519 -0.0626078 3
0.497839 0.30172 -0.0384795 3
