# 1 = ball
# 2 = lepton
# 3 = photon
# 4 = PID > 100
# 5 = neutrino
# 6 = other
-0.698082 0.545035 -0.251507 4
-16.2134 10.2754 -6.73537 4
0.403904 0.23291 0.0111401 4
0.48745 -0.579532 0.0701511 4
-1.21926 0.882142 0.23346 4
-1.05875 0.265257 -0.655165 4
-2.89283 2.1641 -0.88454 4
1.52031 -0.787206 0.731461 3
1.78316 -1.08929 0.868896 3
12.8237 -7.78153 5.1802 3
17.9576 -10.963 7.42427 3
0.0675049 0.0027454 -0.0421131 4
0.0905256 -0.19468 -0.0206228 4
0.136652 -0.0516524 -0.0379675 3
0.747797 -0.652743 -0.266443 3
-6.54067 3.90004 -3.1123 3
-7.01899 3.94195 -2.73166 3
-0.385928 -0.103062 0.198707 3
0.00931735 -0.0068524 0.0193915 3
