# 1 = ball
# 2 = lepton
# 3 = photon
# 4 = PID > 100
# 5 = neutrino
# 6 = other
-0.00210932 0.00569107 0.00995111 3
-0.108789 -0.384253 -1.74006 4
-0.751521 0.357725 0.538465 4
-0.0109435 0.278882 -0.0139714 4
-0.40161 0.200397 0.0355415 4
-1.21674 1.9421 0.913788 4
-0.00125336 -0.0762774 -0.16228 4
0.224228 0.598557 0.681265 4
-0.51779 0.910669 1.08097 4
-0.185404 1.94984 1.92097 4
-0.336994 -0.00850726 -0.162371 3
-0.462074 0.127061 -0.322 3
0.27517 -0.93241 -0.409458 3
0.0514237 -0.218717 -0.0286666 3
0.0182859 0.213382 0.257227 3
-0.221283 0.269367 0.295963 3
-0.23065 0.376613 0.208767 3
-0.184723 0.105215 0.174943 3
-0.346959 0.222909 0.12623 3
-0.116741 0.243655 0.149977 3
-0.597111 1.13343 0.395715 3
0.0229223 0.116473 0.518393 3
0.0979032 0.0613976 0.212037 3
-0.0897598 -0.286617 -0.278748 3
0.217149 -1.21097 -1.75826 4
0.179157 0.749838 1.83318 4
0.287139 1.48327 1.44938 4
-0.164029 -0.155755 -0.153688 2
0.24166 -1.56277 -1.27016 5
-0.0220052 0.0660342 0.31003 3
-0.032683 0.475776 0.879199 4
0.24819 1.16974 1.41578 4
0.279154 1.16565 1.31723 3
0.19952 0.573565 0.783494 3
0.321982 0.707376 1.57656 4
0.043162 -1.83427 -2.0137 4
0.279169 -1.40776 -1.66863 4
0.569265 -4.17178 -5.82354 4
1.27124 -4.85258 -7.44951 4
0.154192 1.28452 2.02618 3
0.259901 1.11206 1.75754 3
0.0142222 0.138596 0.176552 3
-0.240638 0.817348 1.17311 3
0.262376 -1.45321 -1.85482 4
0.1149 -3.17686 -3.45152 4
0.0391701 -0.680955 -0.689471 3
0.231887 -2.11521 -2.90877 4
0.0407757 -1.24564 -2.12531 3
-0.0448787 -0.176497 -0.297159 3
0.422613 4.01915 6.20203 4
-0.44599 0.939261 1.94179 4
0.0500976 0.535656 1.15744 3
0.0666801 0.095102 0.20644 3
0.162944 0.581969 1.14005 3
0.0862026 0.922749 1.71589 3
