# 1 = ball
# 2 = lepton
# 3 = photon
# 4 = PID > 100
# 5 = neutrino
# 6 = other
0 0 -0.000307791 3
5.95671 28.1748 7.11166 4
0.264075 -0.0253929 0.0964035 4
0.121841 0.326297 -0.112782 4
-0.476647 0.17923 -0.0873456 4
-0.865175 -3.74884 -0.619511 4
-1.26238 -5.61327 -0.912089 4
-0.409977 -3.85552 -1.30925 4
-1.25127 -9.72023 -2.04991 4
-0.483538 -0.166428 0.237827 4
-0.0502103 -0.23062 -0.171208 4
0.00921165 0.0218865 -0.0142622 3
1.09189 1.88579 0.00564802 3
0.93032 3.53556 0.277776 3
0.398791 1.61703 0.214367 3
0.254753 3.33991 0.998821 3
0.0466669 0.747661 0.158378 3
0.0798076 0.294481 -0.0107872 3
0.45255 1.30215 0.222083 3
-0.0101974 0.069177 0.00109949 3
-0.286588 0.251508 0.184862 3
-0.620079 -1.63019 -0.16589 3
-0.178811 -0.617981 -0.124701 3
-0.127432 -0.403269 -0.181187 4
-0.006161 -0.0242862 0.0669558 4
-0.133626 -0.950778 -0.330354 4
-0.694228 -1.94946 -0.24408 4
-0.0815651 -0.34792 -0.485048 3
-0.0203843 0.00123607 -0.0738584 3
-0.0366041 -0.0379047 0.00592573 3
-0.157266 -0.542718 -0.291385 3
-0.00918547 -0.209259 -0.0371013 3
-0.575827 -2.56472 -0.58081 3
-0.220232 -0.7149 -0.11236 3
-0.619707 -2.91009 -0.496139 3
-0.000461622 -0.00557293 0.00311321 3
-1.02906 -5.47733 -1.17456 3
