# 1 = ball
# 2 = lepton
# 3 = photon
# 4 = PID > 100
# 5 = neutrino
# 6 = other
0.00945267 0.0154525 -0.00885182 3
-0.776032 -0.59701 -1.05021 4
0.656211 0.689847 0.30617 4
0.772977 1.9266 0.816695 4
0.778065 0.46988 0.597746 4
0.723867 0.244022 0.102766 4
0.401473 0.0675231 -0.33739 4
0.0309436 0.355228 -0.000359948 4
0.0017151 -1.11034 -0.883477 4
0.447298 -0.403069 -0.338345 4
-0.325335 -0.326989 -0.414668 4
3.54096 4.61567 6.07769 4
-0.0340486 0.0184289 -0.00466599 3
-0.0259313 0.25626 0.235718 3
0.280448 0.19695 0.139092 4
0.379087 0.632823 -0.0914981 4
0.00437923 0.0791881 0.0222195 3
-0.0544186 0.965531 -0.188305 3
-0.00778912 -0.474256 -0.182642 3
0.0185643 0.0002535 -0.00531235 3
-0.158649 -0.126889 -0.172751 3
-0.0302734 0.0330614 0.039808 3
0.0751305 0.013022 0.335216 3
-0.0724354 0.0747735 0.17168 3
0.00954596 0.236873 0.254888 3
0.122171 -0.22677 -0.0435346 3
0.0777913 -0.0167663 0.0210095 3
0.0190516 -0.00316997 -0.00152823 3
-0.0887596 -0.397025 0.155708 3
-0.00515524 -0.0732089 -0.184399 3
-0.225664 -0.212632 -0.433524 3
0.0490675 0.0280419 -0.0553004 3
0.0132863 0.034825 0.0747502 3
0.419977 0.320833 0.404312 3
0.836053 0.889176 1.89405 4
0.627417 1.17752 1.41806 4
2.34722 3.64253 4.53925 4
2.51431 3.22783 3.93509 4
-0.0132313 -0.0766776 -0.0839799 3
-0.0158213 0.0522539 -0.0133705 3
-4.75645 -6.37913 -6.33989 5
-7.76379 -8.12663 -7.34656 2
1.59769 1.78309 1.46233 4
0.248985 0.39464 0.645903 4
0.130419 0.0740424 0.0978119 3
0.0104853 0.0833235 0.15905 3
-0.359861 -0.575106 -0.667477 4
0.837373 1.38739 1.65998 4
0.164536 0.265012 0.20303 4
0.604557 0.848436 0.967092 3
1.13279 1.45278 1.49687 3
-1.99884 -2.79101 -2.81081 4
-0.9933 -1.22032 -2.00338 4
-0.935623 -0.873173 -1.38392 4
-1.2419 -2.54295 -3.18785 4
