# 1 = ball
# 2 = lepton
# 3 = photon
# 4 = PID > 100
# 5 = neutrino
# 6 = other
0.0242338 0.025833 -0.266051 3
-0.0238627 0.0236228 1.77675 3
0.692778 5.67859 -6.23687 4
0.681338 6.13169 -7.40624 4
0.0168338 0.0717594 -0.359001 4
1.51344 -3.57911 3.8851 4
0.817698 0.892947 0.460938 4
1.24193 0.986919 -1.44543 4
-0.71226 2.8288 -2.1058 4
-0.176145 1.05154 -1.24952 4
-0.380474 0.81513 0.0145984 4
-0.445593 -8.6361 7.69687 4
-0.526565 -4.29171 2.46606 4
0.64013 -1.37255 2.46389 4
-0.0980887 -0.269841 0.342807 4
0.759094 -0.557627 1.02064 4
0.66178 0.0814056 -0.361241 4
0.500137 -0.210593 -0.526967 4
0.390875 -0.0673184 -0.428862 4
0.81653 1.18965 -0.799601 4
0.263815 0.0538145 -0.438252 4
-0.318262 0.214468 -0.564737 3
0.167949 0.020553 -0.0285828 3
-0.0736558 -0.884043 0.719885 4
-0.497811 0.667515 -0.950415 3
-0.213317 0.441906 -0.629846 3
0.0643494 -0.123451 -0.0505709 3
0.283137 -0.279869 0.0488522 3
0.0732091 -0.024474 -0.0144687 3
0.0735537 -0.0856184 0.145794 3
-1.34695 1.37827 -1.19254 4
-3.50778 6.19777 -3.82931 4
0.390674 -3.17019 3.04779 4
-0.0878505 -0.505393 0.390725 4
-0.113728 0.317449 -0.100778 3
-0.716183 1.34424 -0.64915 3
-0.3369 -1.35816 0.908843 3
-0.0345483 -0.424157 0.310878 3
-0.241871 -2.41079 1.98459 3
-0.221637 -2.16286 1.9492 3
