# 1 = ball
# 2 = lepton
# 3 = photon
# 4 = PID > 100
# 5 = neutrino
# 6 = other
0.00994212 -0.0148446 -0.45196 3
-0.000337315 -0.00339181 -0.0324391 3
0.360788 -0.0530244 0.551302 4
-34.7008 0.460799 -7.06879 4
6.45876 0.654988 0.380603 4
0.767724 0.00370691 -0.0967696 4
1.41813 -0.0920467 0.237681 4
1.94252 -0.688127 -0.308901 4
9.9315 -1.57901 4.4513 4
0.461964 -0.118647 0.0755102 4
1.32255 -0.181766 1.29123 4
-1.12555 0.513597 -0.368768 4
1.20462 -0.196255 0.633563 3
0.994795 0.145163 0.11229 3
1.59986 -0.0773067 0.0866522 4
0.0651812 -0.0292145 0.0746173 3
0.00314806 0.0976371 -0.204866 3
-0.0400777 -0.00351474 -0.00247967 3
-1.97822 -0.211336 -0.152581 3
-2.50709 0.080727 -0.708071 3
0.398427 0.187051 0.0774212 3
0.327878 0.132384 -0.0572053 3
1.23952 0.294134 0.0679979 3
5.36026 1.04856 0.467584 3
0.0857603 -0.00203378 -0.0146154 3
5.46509 0.752126 -0.311691 3
0.385376 -0.0194171 0.277283 3
1.19557 0.00828905 0.593283 3
0.288605 -0.290275 0.323534 3
0.826112 -0.698572 0.615331 3
-0.767414 -0.138367 -0.262017 3
-0.115031 0.0315696 -0.040773 3
-0.197395 0.0405964 -0.0484645 3
-0.283253 -0.0552044 -0.195615 3
-0.340162 0.0376099 0.041405 3
-0.0587891 -0.036594 -0.0325819 3
