# 1 = ball
# 2 = lepton
# 3 = photon
# 4 = PID > 100
# 5 = neutrino
# 6 = other
0 0 -0.000262732 3
-0.498742 -0.617658 0.47131 4
-1.31612 -0.391917 -0.714651 4
1.21962 1.07289 0.611953 4
4.67523 5.28954 6.05544 4
3.53597 7.37081 7.26981 4
0.566088 0.843238 0.560898 4
-0.43763 -0.921184 -0.763339 4
-0.917304 -1.3045 -1.60736 4
-0.480286 -1.12489 -0.566076 4
0.24915 1.03712 1.03464 4
0.603794 1.19685 1.04364 4
1.40731 1.57638 1.40171 4
0.527828 1.07923 0.855349 4
-7.92425 -14.5851 -13.9202 4
0.952571 2.0566 1.51326 4
-0.300911 -0.711929 -0.556039 4
-1.69323 -3.27383 -3.14544 4
-0.258653 -0.59448 -1.22732 3
-0.0523179 0.47883 0.373091 4
0.324357 0.761593 0.902484 3
0.418898 0.665514 0.919101 3
1.06281 1.00146 0.636704 3
0.234634 0.182803 0.191158 3
0.279549 0.622642 0.560219 3
0.933857 1.59469 1.64654 3
-0.442586 -1.0703 -0.932857 3
-1.84618 -4.12486 -3.34561 3
0.0188637 0.112918 -0.0406825 3
-0.064687 0.00894103 0.0171282 3
-0.0563252 0.195528 0.0681317 4
0.127607 0.251944 0.274251 4
0.0881582 0.109625 0.316047 3
0.220002 0.0279568 0.419722 3
-0.118902 -0.0427342 -0.224177 4
-0.0312197 0.0118162 -0.0765955 3
-0.021597 0.088508 0.0349485 3
-1.21493 0.844545 -0.422603 4
0.109918 0.185282 0.13033 3
0.119661 0.0961577 0.235381 3
