# 1 = ball
# 2 = lepton
# 3 = photon
# 4 = PID > 100
# 5 = neutrino
# 6 = other
-0.370523 -0.267552 -0.527404 4
-0.638938 0.470959 -1.12534 4
-0.339932 -0.448093 -0.823269 4
0.644731 0.682686 -1.19132 4
3.98521 1.48064 3.77179 4
0.30619 0.420367 0.400136 4
2.04802 0.715512 1.59156 4
0.963146 0.865552 2.58943 4
-0.308939 -0.0238489 -0.365993 3
1.65024 0.282658 0.756634 3
0.529925 0.0146266 0.228202 3
0.0614156 -0.0419096 0.0272045 3
1.62129 -0.59165 1.18298 3
3.4117 0.541003 5.42125 3
0.174421 0.0105377 0.311525 3
0.0425395 -0.0901721 0.144766 3
-0.0409221 -0.28686 0.193475 3
0.360535 0.0168542 0.287193 3
-0.00301783 0.0152722 -0.0032775 3
0.576247 0.00116128 1.58914 4
1.62258 0.344396 2.18175 4
-5.074 -2.04836 -5.60801 2
-17.7412 -2.40607 -23.5867 2
-0.245012 -0.424378 -0.363075 4
2.27122 0.751849 4.53983 4
0.0557479 -0.00112663 0.334312 4
0.503776 0.0827424 0.657316 5
-0.820366 -0.154111 -1.23479 4
1.90374 0.40397 2.64465 3
0.0124934 -0.0079387 0.026949 3
0.0217426 -0.101369 0.0929727 3
-0.0155071 0.0408696 0.0277822 3
0.0568853 -0.426518 1.00978 5
0.649195 0.0205565 0.752844 4
0.555947 -0.146198 1.01517 4
1.56942 0.303946 3.05052 4
