# 1 = ball
# 2 = lepton
# 3 = photon
# 4 = PID > 100
# 5 = neutrino
# 6 = other
-0.00348141 0.00283701 0.057199 3
0 0 -0.000219882 3
-0.741909 0.445685 3.07376 4
0.495398 0.105585 1.29031 4
0.0425109 0.153446 -0.0218591 4
0.290018 -0.232046 -3.17654 4
-0.894965 -1.1926 -6.22216 4
0.315352 -0.293005 -1.67717 4
-0.925717 2.23446 13.4686 4
0.0185708 0.829167 4.87914 4
0.511372 0.399582 0.536849 4
-0.249605 0.277005 0.137545 4
0.297617 -0.652604 -0.750097 4
0.177285 -0.00618483 -1.91497 4
0.289066 0.659357 3.91601 3
0.0753626 0.0553183 0.486279 3
0.0445833 0.5518 0.00183417 4
0.450295 0.390265 -0.0385178 4
0.0255594 0.179455 0.00352195 3
-0.0707647 0.154046 -0.0880778 3
-0.191889 -0.317637 -1.36808 3
-0.0111329 0.00237492 -0.00537414 3
-0.0198731 -0.305129 -0.826117 4
0.42855 -1.2357 -3.9659 4
-0.0455098 -0.0789577 -0.233793 3
-0.0535695 -0.182196 -0.903352 4
0.231801 -0.848324 -3.00813 4
0.0225893 -0.374571 -2.98305 3
-0.136297 -0.614412 -4.96168 3
0.153628 -0.273855 -0.649992 3
0.613738 -1.04405 -3.17691 3
-0.541064 1.54648 11.1692 3
-0.0293882 0.117282 0.615228 3
-0.00483549 0.0719678 0.254676 3
-0.227069 0.14265 1.34372 3
-0.393921 0.00416475 0.741785 3
-0.0701655 -0.0582022 0.209995 3
0.354194 0.518789 -0.474377 3
0.027195 0.0242596 -0.0803243 3
0.0853621 -0.245174 -1.40618 3
-0.0324599 -0.0547178 -0.18224 3
-0.338589 -0.275555 -1.44942 3
-0.319249 -0.423642 -2.04299 3
0.125307 0.171245 0.172832 3
-0.0328074 0.0161083 0.0287488 3
0.212132 -0.230552 -0.652998 3
0.0467752 -0.114208 -0.126741 3
