# 1 = ball
# 2 = lepton
# 3 = photon
# 4 = PID > 100
# 5 = neutrino
# 6 = other
-0.00186116 -0.0118612 -0.32153 3
-0.000555346 -0.00091782 0.132732 3
0.226567 -0.162258 0.0873829 4
0.67162 -0.996985 0.0423721 4
0.629134 -0.0589773 0.452661 4
-0.030008 -0.26477 0.117846 4
0.073841 -0.35295 -0.421317 4
-0.616131 1.50803 0.517416 4
-1.31251 2.58385 0.415852 4
0.189542 -0.255004 0.126885 4
0.337282 -0.204433 0.0740569 4
-0.514783 0.199764 0.372745 4
-1.71418 2.32123 -0.289803 4
-2.23233 3.81012 0.0603501 4
1.77196 -3.90658 -0.248216 4
0.744136 -1.24273 -0.139837 4
0.141162 -0.307928 0.126987 4
0.861236 -0.833694 -0.277528 4
-3.30568 5.4643 0.663273 3
-0.60791 0.947655 0.165627 3
-0.792935 1.42321 0.0581885 4
0.365274 -0.599798 -0.0438403 3
1.6754 -3.09097 -0.465467 3
0.330246 -0.528631 -0.0668 3
0.963005 -1.86674 -0.405011 3
-0.206704 0.685703 -0.17359 3
-0.062631 0.0785265 0.00909878 3
0.102933 -0.206489 0.0295688 3
0.964584 -1.65287 -0.122707 3
0.0493199 -0.0231076 -0.00366431 3
0.0589138 -0.364963 0.0404184 3
-0.0509827 -0.0519973 -0.0185119 3
-0.0311967 0.0765271 0.0189398 3
-9.48902 15.4933 0.807262 4
-0.0898555 0.202156 -0.0616627 4
3.0145 -4.24053 -0.131881 4
1.12344 -2.2674 -0.206679 4
0.663579 -1.24331 -0.205819 4
-0.519334 1.12743 0.0291253 3
-1.03383 2.02683 -0.105088 3
5.75091 -9.83964 -0.438107 3
1.90386 -3.3731 -0.201728 3
