# 1 = ball
# 2 = lepton
# 3 = photon
# 4 = PID > 100
# 5 = neutrino
# 6 = other
0.000846506 -0.000400286 6.73224 3
-4.86076 1.92415 -0.179758 4
-2.02084 1.12626 0.839583 4
-0.577304 0.199185 0.504741 4
-0.516798 1.18954 0.7294 4
-0.137155 0.393486 -0.16537 4
0.102237 0.322448 -0.157561 4
11.7195 -7.06453 -3.52561 4
-9.92993 5.70022 0.638945 4
-5.58896 2.70204 0.549053 4
-0.815822 0.850881 0.801606 4
-1.65553 0.579084 0.12392 4
-0.463651 0.235933 0.287417 4
-0.52029 1.3795 0.575771 4
-1.04265 2.05677 0.436737 4
0.42726 -0.29747 0.123114 4
0.755977 -0.292241 0.0143293 4
-0.058253 0.0553409 0.00261949 4
4.22853 -3.01919 -1.50017 4
0.271841 -0.370108 -0.150376 4
4.4918 -3.45561 -1.80124 4
-4.95763 2.34464 0.218104 4
-0.50372 0.179873 0.0735815 3
0.213053 0.128505 -0.0505185 3
0.148826 0.0888314 -0.163498 3
1.20362 -1.17478 -0.628264 3
0.0298007 -0.0439528 -0.0448385 3
0.696367 -0.0161126 -0.492628 4
0.502548 -0.227392 -0.15512 4
3.98349 -3.28237 -1.39135 4
0.518729 -0.492458 -0.268076 4
0.149385 0.183274 -0.104222 3
0.0109041 0.181074 -0.0381027 3
0.287747 -0.189426 -0.0143769 3
0.785313 -0.357623 -0.204381 3
1.17857 -0.512047 -0.839458 3
0.46667 -0.113508 -0.323087 3
0.325574 -0.217612 -0.159485 3
1.15071 -0.694216 -0.293667 3
