# 1 = ball
# 2 = lepton
# 3 = photon
# 4 = PID > 100
# 5 = neutrino
# 6 = other
-0.279173 -0.105359 0.0280042 4
-0.0375084 0.07469 -0.204393 4
1.76996 3.63161 -1.29093 4
0.221587 0.117245 -0.764048 4
-2.1224 -3.61339 4.0324 4
-1.19005 -2.5974 2.17379 4
0.770313 1.97192 0.035491 4
0.294886 0.158659 -0.0302379 4
0.475071 1.0469 -0.10235 4
0.134941 0.0706579 -0.325141 4
0.882635 1.4289 -1.69035 4
1.17623 2.64958 -4.01816 4
1.53789 3.4371 -4.89867 4
-0.404003 -1.05185 0.976774 3
-0.204417 -0.376155 0.293391 3
-0.936352 -1.90033 2.12774 4
-1.00408 -2.5278 2.59583 4
-0.0520563 -0.290832 0.513143 4
-0.397133 -0.834409 0.723633 4
-0.23791 -0.636653 0.628466 4
-1.3804 -3.60623 4.30338 4
-0.187013 -0.475692 0.443532 4
-0.231948 -0.418577 0.176888 4
-0.18274 -0.327612 0.56456 3
0.20574 0.0474819 0.119812 3
0.0680373 0.253224 0.278922 3
0.00161048 0.0187584 0.00405477 2
0.00344507 0.0863027 0.0130178 2
0.34707 1.94471 -1.58117 3
0.140442 0.877211 -1.25184 3
1.71708 3.4218 -5.41132 3
2.18368 4.06147 -6.39607 3
0.694267 1.1201 -1.53247 4
0.189832 0.225504 -0.191812 4
-0.00441018 0.0229717 -0.0465689 3
-0.0341597 0.258364 0.0324134 3
-2.23396 -4.02437 4.89563 3
-0.887006 -2.33272 2.38899 3
-0.598334 -0.608654 1.08003 3
-0.0665184 -0.109783 0.101117 3
-0.17394 -0.521925 0.623847 3
-0.596736 -1.82584 2.57874 3
0.300946 0.72014 -1.02985 3
0.32657 0.540268 -0.968225 3
