# 1 = ball
# 2 = lepton
# 3 = photon
# 4 = PID > 100
# 5 = neutrino
# 6 = other
-2.14373 -6.20559 9.68324 4
-0.458765 -2.55709 3.156 4
0.162164 -0.205415 0.202999 4
0.582282 2.2088 -3.93248 4
-1.77393 -6.90738 10.7217 4
-0.50405 -1.70432 2.16748 4
-1.24269 -1.77049 2.6748 4
1.17912 -0.898292 1.05085 4
-0.165487 0.0198671 -0.569778 4
0.608667 2.57514 -3.09255 4
0.526126 1.85343 -2.80118 4
-0.10917 0.251443 -0.502293 4
-0.0481913 0.170074 -0.165224 4
2.64847 7.41314 -10.4303 4
0.419892 1.50694 -2.79795 4
0.492846 0.99257 -2.6722 4
-0.171537 -0.573198 0.703499 3
-0.335678 -1.32227 1.9231 3
-0.269826 -0.180056 1.26526 3
-0.395236 -0.265557 1.29868 3
0.106545 0.988522 -1.95168 3
0.0376794 0.264772 -0.696859 3
0.635089 1.93735 -2.93301 4
0.106026 0.9196 -0.941481 4
-0.0690474 -0.361797 0.461098 3
-0.0454502 -0.591296 1.02399 3
-0.00342405 -0.124984 0.0911798 3
-0.140464 -0.119723 0.0601589 3
0.139363 0.327952 -0.0754384 3
0.045107 0.441185 -0.0217767 3
-0.0203296 0.0555732 -0.0546728 3
-0.0257575 0.150191 -0.638621 3
0.107521 1.16315 -1.55009 3
0.125865 0.547762 -0.656451 3
