# 1 = ball
# 2 = lepton
# 3 = photon
# 4 = PID > 100
# 5 = neutrino
# 6 = other
0.20804 1.49366 0.710075 3
-0.284779 0.701121 -0.197243 4
0.0627139 1.37435 -0.807657 4
0.90454 -1.43464 0.612417 4
0.598 -0.375872 0.265921 4
-1.55298 1.76558 -0.73639 4
-2.19662 4.42106 -1.54009 4
-0.410675 0.150947 -0.0772677 4
-1.77109 2.50616 -0.255633 4
-0.0347046 0.202999 0.273889 4
0.095534 0.498547 -0.482332 4
-0.118032 -0.0860809 0.0860768 4
1.35606 -2.19205 0.622743 4
0.791122 -1.71742 0.513612 4
4.37624 -8.04807 1.61235 4
-1.99987 3.87665 -0.403113 4
-0.28732 0.46144 -0.0829219 3
2.23524 -4.06759 0.804646 3
3.03106 -5.39897 1.22129 3
-8.48444 12.7792 -3.16561 3
-5.35132 7.99499 -1.88277 3
3.67037 -5.34599 1.09755 3
0.665439 -0.986708 0.143863 3
0.0453681 -0.122016 0.0276966 3
4.07588 -8.59321 1.20682 3
0.064281 0.0183037 0.0229123 3
0.0377936 -0.120028 0.112247 3
0.142945 -0.0175492 0.0702742 3
0.055562 0.0895844 0.0758102 3
-0.0156771 -0.015504 0.00802862 3
0.0913146 0.187098 0.142806 3
