# 1 = ball
# 2 = lepton
# 3 = photon
# 4 = PID > 100
# 5 = neutrino
# 6 = other
-12.0289 27.133 -17.527 4
-0.122222 1.17068 -0.123569 4
-0.238153 0.566062 0.465949 4
-0.297596 0.94031 -0.540428 4
0.255438 3.91034 -0.199233 4
0.349296 -0.265575 0.151371 4
1.31796 -4.42379 6.30157 4
0.0457395 0.758115 0.39455 4
4.68131 -11.2179 -1.2238 4
0.903321 -2.48514 -0.0177561 4
1.59749 -5.07806 0.724085 4
0.206824 -0.601147 -0.167902 4
0.922413 -2.59455 0.870388 4
1.11876 -2.09735 2.48472 4
0.268027 0.517914 -0.0370122 4
0.0326573 -0.309484 0.420792 3
-0.0694335 -1.73213 2.02947 3
0.361907 -1.07077 1.42558 3
0.182076 -0.868676 1.21137 3
-0.0791877 -0.284692 0.300694 4
0.497377 -0.974254 1.51834 4
-0.0517131 -0.0564922 0.139879 3
-0.0138261 -0.147757 0.0478604 3
0.0638915 -0.255373 0.855636 3
-0.0194524 0.00511973 0.0309776 3
0.078905 -0.486361 0.449536 3
0.0370651 -0.0520299 0.0139537 3
