# 1 = ball
# 2 = lepton
# 3 = photon
# 4 = PID > 100
# 5 = neutrino
# 6 = other
-8.51482e-06 0.000507306 -9.56321e-06 3
-4.47103 13.6119 6.13075 4
-1.6192 6.6453 1.83523 4
-0.208926 0.47136 1.23051 4
-0.613237 0.938373 0.379723 4
0.251938 0.882602 0.209941 4
-0.0365183 -0.340021 1.509 4
1.70197 -0.848718 1.28012 4
1.57749 -0.223517 0.279691 4
1.70606 -1.12033 -0.353311 4
0.111079 -0.539152 0.169158 4
-0.196918 -0.19395 -0.335176 4
-0.315722 -4.00462 -2.19054 4
-0.471065 2.65663 1.04687 4
0.0200424 -0.479765 -0.0400184 4
0.525602 -0.131718 0.440598 4
0.381831 -0.530629 -0.0116053 4
0.332703 -0.278086 0.0429208 4
0.120037 -1.13839 -1.20589 4
-0.578854 -3.01175 -2.00849 4
0.0930613 -0.119135 0.710026 3
-0.017047 -0.0318411 0.0367254 3
1.17536 0.375631 0.137692 3
0.187117 0.0902761 -0.023942 3
0.586436 0.228179 0.194685 3
0.74674 0.21898 0.103101 3
0.0730523 0.126559 0.0590495 4
1.01751 0.0898115 -0.116218 4
0.855087 -0.554737 -0.250794 3
0.387204 -0.15279 -0.126893 3
0.0145921 0.0475598 0.0463503 3
-0.0276962 -0.0728954 0.00138591 3
0.0350415 -0.58148 -0.0698005 3
0.0616758 -0.42003 0.0584882 3
-0.496896 -2.39443 -1.46207 4
-0.532946 -4.86153 -2.71521 4
-1.58959 4.7409 1.93496 3
-1.22505 3.8164 1.66875 3
0.0979637 -0.327726 -0.789091 3
-0.025785 -0.126286 -0.184551 3
0.744133 -0.360907 -0.830959 3
0.17145 -0.145292 -0.169781 3
-0.00420852 -0.122563 0.000764474 3
-0.163331 -0.225885 -0.123458 3
0.511231 -0.0734837 -0.0327723 3
0.232701 -0.025746 0.0764546 3
-0.00320884 -0.7874 -0.370209 3
0.0172219 -0.840812 -0.553681 3
0.0192178 -0.196647 -0.103603 3
-0.165532 -0.644725 -0.453656 3
-0.0566043 -1.62097 -0.96173 3
0.0225631 -0.554252 -0.253403 3
-0.038587 -0.269966 -0.182168 3
-0.920145 -6.58876 -3.6639 3
