# 1 = ball
# 2 = lepton
# 3 = photon
# 4 = PID > 100
# 5 = neutrino
# 6 = other
-0.000550059 0.00120599 -2.3986 3
-4.14436 -2.78669 -7.26962 4
-5.93041 -3.16161 -10.805 4
-4.11985 -1.83249 -7.01008 4
-0.0264015 0.302764 -0.339856 4
-0.284746 -0.552994 -0.214175 4
0.885454 -0.712314 0.489558 4
3.07164 -2.61154 2.75101 4
-1.05073 -0.436323 -2.20394 4
-0.217565 0.389911 -0.268372 4
-0.638269 0.179819 0.00979218 4
0.445399 -0.235018 0.321413 4
0.399815 -0.491849 0.148625 4
0.240478 0.0451082 1.18857 4
0.33323 -0.0525381 -0.014809 4
0.438437 1.4037 1.04017 4
-0.365574 -0.279217 -0.725715 4
1.324 -1.75774 2.46941 4
-0.713155 0.289282 -0.537185 3
-0.231009 0.154171 -0.269666 3
0.935106 -0.382421 0.639798 3
0.531689 -0.268271 0.491279 3
0.371941 -0.383987 0.367291 4
0.509933 -0.504337 1.08808 4
0.353191 0.61776 0.478817 3
-0.0440643 0.199751 0.604484 3
0.935929 2.63222 2.59106 4
0.88146 2.01879 1.9039 4
1.12405 4.46495 4.07513 4
0.794275 3.3835 2.90199 4
-1.13953 -0.498364 -0.836759 3
-0.222113 -0.165213 -0.199276 3
-0.0723465 -0.176105 -0.0322543 3
-0.0152669 0.0197573 0.0194233 3
0.112855 -0.162866 0.137351 3
0.0224588 -0.275921 0.112702 3
0.12832 0.672535 0.824185 3
0.106676 0.248462 0.430527 3
1.61389 -1.03396 1.57091 3
0.391593 -0.301447 0.476921 3
0.721417 -0.49945 0.659098 3
0.159054 -0.0405659 0.116218 3
0.97081 -0.84279 1.09709 3
0.316433 -0.205728 0.392535 3
0.0695931 0.0593983 0.0660764 3
0.0063388 -0.0190618 0.177211 3
0.0918643 0.186559 0.163046 3
0.0561926 0.630887 0.54789 3
0.300813 1.21125 1.25695 3
0.34353 0.90148 0.938593 3
0.0980267 0.463951 0.415451 3
0.130045 0.193616 0.162768 3
