# 1 = ball
# 2 = lepton
# 3 = photon
# 4 = PID > 100
# 5 = neutrino
# 6 = other
-2.10092 -4.80841 6.71092 4
-0.331148 -2.70324 3.94808 4
0.532297 -0.405168 -0.666327 4
0.025509 -0.0638053 -0.0992617 4
0.710212 8.9279 -8.16705 4
0.139353 0.454879 -0.463789 4
-2.01876 -3.62364 5.61225 4
-0.164123 -0.872693 1.55653 4
0.037072 -0.48887 0.216771 4
0.284941 -2.3552 2.32073 4
0.398892 -2.79487 2.05853 4
0.618933 -2.45676 1.4445 4
0.366163 -2.03978 0.861683 4
0.00383448 -0.70585 0.000546494 4
-0.221292 -0.160163 1.02432 4
-0.110643 1.11415 -1.81115 4
0.281725 1.06184 -1.14411 4
-0.130305 0.792292 0.162296 4
-0.0460895 -0.51065 0.628722 4
0.00642633 -0.668493 0.160373 4
0.31786 -0.521957 0.925897 4
-0.123442 -0.222547 0.313666 4
0.100028 0.253103 -0.386192 4
0.0216945 0.251012 -0.113577 4
0.478551 5.58716 -5.30358 4
0.279517 6.97858 -6.66746 4
-0.132583 -0.92123 0.591311 3
-0.0002294 -0.135817 0.149233 3
0.0213773 -0.121238 -0.0241733 3
0.187743 -1.13035 0.186704 3
0.0770215 0.112362 -0.287578 3
0.0709768 0.0677112 -0.0401335 3
0.23709 -0.879537 0.571616 3
0.340313 -1.15392 0.580561 3
-0.104525 -0.25899 0.199947 3
0.0230972 -0.289373 0.2515 3
0.0179138 0.170033 -0.10179 3
-0.0774998 0.321256 -0.396479 3
-0.0693144 0.531883 -0.618232 3
0.02594 0.18614 -0.324563 3
-0.0196575 0.145438 -0.217053 3
-0.14465 2.19722 -2.44139 3
-0.014219 0.0357194 -0.0601484 3
0.204917 1.10387 -1.14265 3
