# 1 = ball
# 2 = lepton
# 3 = photon
# 4 = PID > 100
# 5 = neutrino
# 6 = other
0.0691901 -0.107161 -0.260348 3
0.861464 -0.201247 3.52369 4
2.0869 -0.955932 5.48225 4
-0.472649 -1.57694 -8.15902 4
-0.91139 0.974185 -1.42605 4
-0.22929 0.277054 -0.447869 4
-0.388339 -0.14 1.26847 4
-0.186695 -0.0636245 0.794567 4
-0.973964 -1.47116 -6.52634 4
-0.938993 0.876878 -3.39091 4
-0.0340055 0.413243 -1.63346 4
-0.0180574 -0.231256 -0.0356117 4
-0.877697 0.0667009 -0.431689 4
0.896791 0.158829 3.47105 4
0.179016 0.0331341 4.14787 4
5.58815 -2.08658 13.0169 4
0.0169819 0.410739 -0.428336 3
-0.138673 0.595937 -0.639229 3
-0.375921 0.241197 -1.8265 3
0.00170671 0.037685 -0.114213 3
-0.0945359 -0.210309 -0.219594 4
0.21991 0.159402 -0.48697 4
-0.333952 -0.133031 -0.0414258 3
-0.222466 -0.0469351 -0.131876 3
2.14396 -0.865248 5.85736 3
0.796177 -0.406015 2.34544 3
-0.69019 -0.62759 -5.29675 3
-0.134233 -0.0646194 -0.676879 3
-1.02188 1.08692 -1.84665 3
-0.657283 0.784014 -1.11986 3
-0.45455 0.655983 -0.984793 3
-0.375853 0.370791 -0.57617 3
-0.308103 0.247418 -0.523363 3
-1.58942 1.53636 -2.53639 3
-0.324491 0.00397828 0.0334135 3
-0.187467 -0.10295 0.00910901 3
-0.410481 0.0537575 -0.0282412 3
-0.24071 0.140291 -0.0316759 3
-0.26626 0.0572717 -0.0124533 3
0.00440315 -0.0236321 0.00145728 3
0.0578131 0.0650704 -0.024202 3
-0.0472805 0.0497435 -0.0684842 2
-0.0176329 0.0176523 -0.0262763 2
