# 1 = ball
# 2 = lepton
# 3 = photon
# 4 = PID > 100
# 5 = neutrino
# 6 = other
0.128935 0.0186319 -0.595309 4
0.121138 -0.386762 0.780983 4
0.349781 0.209454 -0.244484 4
0.347476 -0.753522 0.915653 4
-0.167325 0.215766 -0.106047 4
-0.970977 0.195412 0.166999 4
-1.28348 -0.282111 -0.710174 4
-0.552048 -0.384018 0.195551 4
2.29299 1.43801 1.41241 4
-0.00208927 0.445948 0.409881 4
0.301858 0.191361 0.0684227 4
-0.462289 -2.04153 -0.455527 4
-0.52973 -0.153914 0.64147 4
-0.242795 0.464915 0.34048 4
-1.20715 0.472385 -0.0674352 4
-0.683952 0.385883 0.636832 4
0.147389 0.168715 -0.122302 4
0.151441 -0.282693 -1.30861 4
-0.404112 -0.391283 -0.376043 4
-0.0324949 -0.695776 -0.509363 4
-0.816239 -1.19696 -2.19461 4
1.26523 1.24514 1.22253 4
-2.08742 1.3455 0.838293 4
0.000601814 0.028507 0.00790693 3
0.00270478 -0.0095159 -0.0130249 3
0.355419 -0.278126 0.297584 3
0.345116 -0.483832 -0.0789204 3
-0.208607 -0.419847 0.00182294 3
-0.100408 -0.0686493 -0.719505 3
0.234893 -0.383427 -0.393871 3
-0.0960758 -0.178589 -0.0936263 3
-0.00980313 -0.510003 0.160723 3
-0.163351 -0.677615 0.267438 3
-0.307964 0.075552 -0.065149 3
0.00269215 -0.014643 -0.0220407 3
-0.166061 -0.220728 0.0971611 3
-0.16693 -0.0684716 0.122342 3
-0.916895 0.464242 -0.0245608 3
-0.563349 0.21918 0.0707055 3
-0.0772821 0.214065 0.0800651 3
-0.737941 1.0942 0.459005 3
-0.298464 -0.498132 -0.758658 3
-0.0459243 -0.0188766 -0.0317499 3
-0.0536138 -0.455924 -0.376383 3
-0.0206138 -0.0510519 -0.121711 3
-0.03117 -0.0188243 -0.0449833 3
-0.352227 -0.457598 -1.82653 3
1.39937 1.77615 1.09435 4
-0.503282 -0.530503 -0.306227 4
-0.261039 -0.411901 -0.0711515 4
-0.280942 -0.311821 -0.079034 4
1.28761 1.10328 0.469866 4
0.676309 1.35832 0.452268 4
-0.235193 -0.312475 -0.107517 4
-1.32665 -1.9625 -0.040159 4
-1.03267 -1.48601 -0.711731 4
-0.42051 -0.559308 -0.289117 3
-0.042449 -0.0537905 -0.0814689 3
-1.79921 -2.43808 -0.76467 4
-1.42073 -1.66046 -0.34209 4
9.8762 8.59502 3.03852 4
-0.0200707 0.070021 0.30344 3
0.00977978 -0.0179252 -0.00386588 3
-0.572239 -1.12831 -0.805566 4
-0.463771 -0.837394 -0.0522997 4
-0.00627221 0.014399 -0.0132536 3
-0.25191 -0.30818 -0.344429 3
-0.109951 -0.170426 -0.0995772 3
-0.12976 -0.381478 -0.398966 3
-0.235485 -0.16682 -0.0949458 3
-0.390879 -0.495033 -0.30075 3
-0.457438 -0.484447 -0.123403 3
-1.99487 -2.45735 -0.764699 3
2.72513 2.77421 1.0605 4
1.40441 1.26794 0.43621 3
1.0689 1.02423 0.456262 3
0.167959 0.149567 0.0800319 3
1.0508 0.53063 0.469861 3
