# 1 = ball
# 2 = lepton
# 3 = photon
# 4 = PID > 100
# 5 = neutrino
# 6 = other
0 0 -0.000118697 3
-2.34376 0.185905 1.33059 4
-0.285573 -0.122957 0.456975 4
0.0598536 -0.104169 0.458991 4
1.4434 0.729256 -0.955942 4
0.287722 0.144937 -0.0211756 4
1.57507 0.497875 -0.302278 4
-4.17615 -0.752118 1.43244 4
-3.47318 -0.884757 1.79087 4
1.97872 -0.122679 -1.37189 4
0.997455 -0.0359288 -0.411025 4
6.99487 0.299326 -4.44388 4
0.519169 0.300064 -0.255529 4
2.97704 -0.0951976 -1.95908 4
7.85719 2.03801 -2.03174 4
1.14938 0.474315 -0.499303 4
-2.556 -0.160704 0.865629 4
-2.14326 -0.300056 0.846324 4
-12.562 -2.25792 4.82108 4
-7.12024 -0.962936 2.94238 4
0.159879 -0.495056 0.219087 3
0.14306 -0.165597 0.0814866 3
0.0929349 -0.0626122 -0.0236187 4
1.17623 0.0935858 -0.391261 4
1.06647 -0.583847 -0.145768 3
0.363488 -0.157316 -0.116709 3
2.03329 0.593273 -0.546878 4
1.8025 0.631494 -0.711622 4
-0.268442 0.0447858 0.136195 3
-1.00138 -0.0464762 0.339982 3
-1.96497 -0.349266 0.734884 3
-2.43846 -0.288275 0.856935 3
0.267223 -0.00370809 -0.212605 3
0.323245 0.143735 -0.240358 3
2.1171 0.543956 -0.737542 3
4.94818 1.23106 -1.93552 3
