# 1 = ball
# 2 = lepton
# 3 = photon
# 4 = PID > 100
# 5 = neutrino
# 6 = other
0.640637 -0.389361 -0.217747 3
0 0 0.000133899 3
-0.21886 -0.45243 -0.44522 4
-0.568674 0.472523 -0.160478 4
-0.700972 0.332475 1.1085 4
2.1944 -1.55771 -3.24219 4
0.39038 -0.00688357 0.185977 4
-0.171825 0.411834 0.0606634 4
-0.510567 0.108268 0.0272008 4
-0.086309 0.519834 -0.311315 4
-0.00130685 0.00439145 -0.00256893 3
-0.301546 0.218034 0.357087 3
0.152077 -0.00719591 -0.219036 3
-0.00881057 0.0445789 -0.0386104 3
5.22524 -4.11494 -7.60272 4
1.85651 -1.17617 -2.04947 4
-4.31233 3.3678 7.16787 4
-0.980596 0.932318 1.2342 4
0.7312 -0.616451 -0.869503 4
1.77914 -2.46541 -2.6292 3
2.97802 -3.94168 -4.09695 3
-0.835147 0.742262 1.30969 4
-6.38243 6.0606 8.30628 4
-0.45458 0.429916 0.942276 4
-0.463035 0.584779 0.745905 4
-0.379206 0.159828 0.325785 4
6.23439 -5.28568 -7.33712 4
-1.45482 1.2827 2.28662 3
-1.00214 0.924629 1.44417 3
-0.206992 0.178304 0.22278 3
-3.23485 2.7891 4.20016 3
-0.178333 0.225277 0.185973 3
-1.40254 1.22251 1.17111 3
0.97798 -0.934164 -1.54804 4
0.0321391 -0.0276327 -0.0094462 3
0.663762 -0.0362436 -0.50277 3
