# 1 = ball
# 2 = lepton
# 3 = photon
# 4 = PID > 100
# 5 = neutrino
# 6 = other
-0.00197279 0.00763213 -0.0165784 3
0.11488 -0.20936 0.148699 4
2.55077 -6.16737 5.72873 4
0.93846 -2.27982 1.76611 4
0.517026 0.891733 -0.485169 4
0.0539486 0.595398 -4.22276 4
1.54135 0.828192 -7.78627 4
-2.60334 -0.421053 4.40399 4
-0.521041 -0.0970463 1.77178 4
0.893569 -2.0982 1.62821 4
-0.291573 0.226582 0.238024 4
0.275125 0.794397 -1.24075 4
0.911852 0.632194 -0.00581917 4
0.517091 0.952155 -0.473636 4
-0.0819803 0.0157282 -0.996265 4
0.195487 0.413034 -0.370593 4
-1.48288 -0.118499 2.26926 4
-1.86858 -0.178092 3.27688 4
-1.84534 -0.23516 3.46453 3
-3.23766 -0.592 6.08085 3
-0.478822 -0.414075 0.878024 3
-0.577439 -0.58466 1.39574 3
0.181756 -0.0610017 0.042832 3
0.0879408 -0.0277659 0.138767 3
0.101197 0.305039 0.105611 3
0.150202 0.181112 0.00039829 3
-0.427026 -0.103052 0.119206 4
-0.0528281 -0.0372078 -0.0348037 4
-0.191595 -0.068677 0.420913 3
-0.299269 0.402231 0.156141 3
0.209772 0.452895 0.891548 3
0.0757341 0.108413 -0.0698274 3
0.280233 0.532676 -0.295527 3
0.262335 0.454974 -0.125509 3
1.04345 0.962018 -0.828695 4
0.319758 0.314844 -0.41918 4
-0.24317 0.336116 -0.336811 4
0.120798 0.192009 -0.422803 4
-0.215363 0.177666 -0.32212 3
-0.0637251 0.113983 -0.0524982 3
-0.0104733 0.175992 -0.624862 3
0.178712 0.493564 -2.24768 3
1.55524 1.68587 -12.0723 3
0.117648 0.0789647 -0.773603 3
0.0163035 -0.163542 0.15095 3
-0.0770051 -0.433872 0.183636 3
0.126351 0.0225632 0.125796 3
0.317316 0.205354 0.156439 3
0.0129652 -0.0379973 0.0845029 3
0.0298282 0.118796 0.214618 3
0.643185 0.494978 -0.21078 3
0.315851 0.370965 -0.102423 3
0.0072986 0.0870754 -0.230258 3
-0.0923464 0.703299 -1.07463 3
