# 1 = ball
# 2 = lepton
# 3 = photon
# 4 = PID > 100
# 5 = neutrino
# 6 = other
-0.00342034 -0.00117301 0.00933753 3
6.30715 10.575 12.5197 4
2.19173 5.3729 5.09247 4
1.0662 2.06799 2.36543 4
0.348293 1.4744 1.15743 4
-0.105074 0.215414 0.501467 4
-0.149393 0.563766 0.171344 4
0.139545 2.36987 1.82859 4
0.0709704 1.92317 0.983976 4
0.818799 1.66668 1.19653 4
0.317099 0.346833 -0.727233 4
-0.260448 -0.250586 -0.395934 4
0.0213834 -0.873215 -0.529434 4
-0.640278 -1.22672 -1.34271 4
-2.70394 -9.35005 -8.17614 4
-2.20867 -6.51272 -6.4239 4
0.249417 2.75914 1.72515 4
-0.314257 0.998279 0.84549 4
-0.0372313 -0.0456541 -0.012886 3
-0.118035 0.0950175 -0.0702344 3
-0.226556 -0.381351 -0.796421 4
-0.372659 -1.7374 -1.64666 4
-0.93106 -2.90886 -2.19602 4
-1.33533 -3.05154 -2.71627 4
0.440119 1.33306 1.13347 3
0.201586 0.530252 0.357118 3
-0.542342 -0.728383 -0.6305 3
-0.458676 -0.638286 -0.400105 3
-0.644038 -0.837472 -0.366373 3
-0.360846 -0.332155 -0.210561 3
-0.0466537 -0.525113 -0.44951 3
-0.418961 -1.93994 -1.81169 3
-0.0215803 -0.0626004 -0.174629 3
-0.0855627 -0.456596 -0.516589 3
-0.194697 -0.322943 -0.198402 3
0.00741114 -0.109043 -0.0953128 3
