# 1 = ball
# 2 = lepton
# 3 = photon
# 4 = PID > 100
# 5 = neutrino
# 6 = other
0.0460756 0.0416049 0.053661 3
3.57094 2.16118 0.829756 4
0.64398 0.443125 -0.188034 4
0.579866 0.259739 0.17427 4
0.377491 -0.437256 -0.0898375 4
0.347181 -0.16283 0.109913 4
0.53675 -0.819791 0.167093 4
0.120007 -1.00535 -0.555398 4
0.0489575 0.240274 0.253237 4
-0.0194693 -0.448376 -0.418786 4
3.57468 1.83402 -0.273908 4
6.66014 3.32784 -0.255676 4
1.84942 1.37677 -0.157927 4
1.027 -1.00025 -0.446215 4
0.185973 -0.282765 0.0499105 4
-0.221403 0.244703 0.341664 4
-3.82043 -0.665193 0.0434603 4
-0.475671 -0.471976 -0.126353 4
-3.40646 -1.02805 -0.12028 4
3.01829 1.62938 0.215386 4
2.22334 0.971136 0.150237 3
1.48749 0.7028 0.20224 3
0.113172 0.0782527 0.0173896 3
1.11785 0.586711 0.553018 3
5.25257 2.65895 1.16426 3
4.12368 1.57743 0.738867 3
1.33357 -1.6346 -0.434105 3
0.324139 -0.33778 -0.149296 3
-0.083484 -0.0487456 -0.0333589 4
-0.0456336 -0.303602 0.316561 4
-0.374883 -0.46194 0.0389976 3
-0.0153175 -0.0245145 0.0361278 3
-0.00409995 0.0319042 0.0104079 3
0.328608 0.296251 -0.143284 3
-0.0131839 -0.0148561 0.0162223 3
-0.889296 -0.621152 -0.126644 3
-2.14347 -0.741575 -0.208263 3
-2.06291 -0.760169 -0.328205 3
-0.411543 -0.22263 -0.0139161 3
-2.36106 -0.982304 0.103122 3
-5.59696 -1.50251 -0.41014 3
-16.3761 -4.17661 -1.28671 3
-0.24878 -0.207128 0.0671276 3
-0.321038 -0.100136 0.1134 3
