# 1 = ball
# 2 = lepton
# 3 = photon
# 4 = PID > 100
# 5 = neutrino
# 6 = other
0.004536 0.000787019 0.00855858 3
-26.9809 0.748216 -12.9329 4
-0.491736 -0.263452 -0.197588 4
-0.0930104 -0.0198314 -0.362524 4
1.54845 0.174526 0.0189536 4
0.0535847 -0.110821 0.232771 4
4.82781 -0.474085 1.67675 4
2.04756 0.412445 1.49104 4
0.24194 -0.162951 0.0509006 4
1.64306 0.383517 1.32796 4
1.10812 -0.116903 -0.366761 4
1.43367 -0.280938 0.459303 4
0.552208 0.517612 0.0468479 4
0.284429 -0.153435 -0.135396 4
1.41773 -0.384494 -0.0436019 4
2.26891 -0.213576 0.120828 4
0.518404 0.0134967 -0.166249 4
5.45347 -0.239046 3.05432 4
7.62412 -0.789514 5.07534 4
-0.102728 -0.0818293 0.0281703 3
-0.11913 -0.0714011 0.201428 3
-1.13253 0.189944 -0.855267 3
-0.0198261 -0.00620124 0.000728552 3
0.0491645 -0.127784 -0.019718 3
0.0300424 -0.0513632 -0.129402 3
0.56362 -0.101757 0.24601 3
0.716935 -0.0714306 0.162027 3
1.415 0.0627254 1.06288 3
2.96785 0.316121 2.15767 3
0.0226261 0.0426691 -0.013343 3
-0.00860268 -0.00628836 0.13595 3
0.777685 -0.0560757 0.308639 3
1.75613 0.0608796 0.613024 3
-0.0221609 0.00594183 0.00160651 3
-2.78706 0.119629 -1.18226 3
-0.440284 0.0811805 -0.20034 3
-2.42288 0.177329 -0.904778 3
-1.73172 0.122662 -0.578343 3
-1.9491 0.275321 -0.701741 3
-0.00418484 0.0424692 0.000156864 3
-0.26363 0.0725592 0.150432 3
-0.366184 -0.0738973 0.118888 3
-0.153348 -0.0432309 -0.0366964 3
-0.250334 0.0884843 0.0836627 3
0.0122281 -0.0082099 -0.00793982 3
