# 1 = ball
# 2 = lepton
# 3 = photon
# 4 = PID > 100
# 5 = neutrino
# 6 = other
-0.0152689 0.123417 -2.5615 3
-5.07737 0.938323 13.8943 4
-2.0997 -0.101206 4.56299 4
0.920783 0.645645 0.105805 4
0.662134 -0.732454 -0.3806 4
0.000774709 0.223244 -0.0316839 4
3.2364 -0.278862 -3.96905 4
-0.149047 -0.491674 -1.97704 4
-0.855076 -1.65705 -2.06005 4
0.558256 0.176671 -2.07557 4
0.650491 0.43673 -1.44281 4
-4.16275 0.413998 11.4258 4
-0.219736 0.154039 0.499417 4
0.0393572 0.0750897 -0.203304 4
0.274529 -0.0846794 -0.475174 4
2.88203 0.410327 -4.607 4
-0.573343 0.637276 -2.31794 4
0.125259 0.111431 -0.309203 4
-0.192016 -0.902763 -2.33402 4
1.62338 0.0470123 -4.28277 4
-1.29716 0.758466 3.88104 3
-0.00338911 0.00755305 0.0601032 3
-0.141859 0.0519699 0.326878 4
-0.405062 -0.0480026 1.90383 4
0.36632 -0.135419 0.360278 3
0.175211 -0.175978 0.211295 3
0.39775 0.156927 -0.829301 4
-0.0511176 0.0817311 -0.0536908 3
-0.099528 0.202557 -0.435747 3
0.652112 0.304144 -2.85139 3
1.5595 0.31753 -3.9251 3
-0.1436 -0.0158722 0.855065 3
-0.44138 -0.117944 1.62327 3
0.211687 -0.285816 -0.337067 3
0.321519 -0.679991 -0.903289 3
0.264114 -0.0611949 -0.212615 3
0.126698 0.0117033 -0.232204 3
-0.0445666 0.014813 -0.0229481 3
-0.00717148 -0.0634083 0.0999207 3
-0.0756035 -0.06477 -0.0320027 3
-0.148028 -0.273432 0.110029 3
0.0503956 -0.0652402 0.017433 3
-0.0880749 -0.0994256 0.0552025 3
0.0241263 0.0083104 0.0624537 3
0.059044 -0.175882 0.0682926 3
0.627799 0.352731 -0.393554 4
0.26062 -0.146774 -0.544639 3
0.220559 -0.00380607 -0.32212 3
