# 1 = ball
# 2 = lepton
# 3 = photon
# 4 = PID > 100
# 5 = neutrino
# 6 = other
-0.000717483 0.000555338 -0.000159932 3
-0.000321012 -0.00108451 2.24587 3
0.30342 0.173528 -0.528994 4
-1.13626 0.603378 -1.07334 4
0.165686 0.364479 0.481645 4
0.0768514 0.209028 -0.462978 4
-2.6093 1.10515 -3.38226 4
-0.316418 0.148211 -0.839235 4
0.050029 -0.103691 -0.0587528 4
0.627695 0.313124 0.400759 4
-0.0293539 -0.160132 -0.0234853 4
0.548038 -1.11772 1.78125 4
-0.0351715 -0.00924347 -0.0678982 3
-0.0540596 0.484017 -0.00839752 3
-0.180399 -0.109578 0.0555842 3
0.0529383 -0.00442355 0.105925 3
-0.23893 -0.338486 0.799942 3
-0.00980962 -0.140937 0.320678 3
5.07945 -1.97608 6.41606 4
-4.85809 3.25611 -9.60536 4
-0.645868 -0.0174335 -1.12875 3
-0.68259 -0.153242 -1.29908 3
0.711458 -0.367514 1.02926 4
1.10418 -0.371976 1.28907 4
1.88091 -1.28462 3.50553 4
1.55342 -0.79359 1.63353 4
1.42433 -0.725498 1.77647 4
2.49898 -1.23102 3.51844 4
0.209969 -0.153951 0.351075 3
0.217529 -0.0274754 0.209168 3
-4.32676 1.82874 -6.77452 4
-2.10508 0.905767 -2.33048 4
-0.427615 0.205107 -0.490317 3
-0.440918 0.259591 -0.740304 3
-0.207181 0.286188 -0.365559 3
-0.141492 0.0600937 -0.114017 3
-0.358905 0.3471 -0.675888 3
-0.311238 0.153773 -0.414031 3
-3.44106 1.68828 -4.37999 3
-1.19423 0.667454 -1.61515 3
1.63984 -0.795438 1.72145 4
1.54345 -1.09217 2.7857 4
3.94282 -2.10073 5.58185 4
0.0936048 -0.049538 0.264744 3
0.0271669 0.0658881 0.104938 3
