# 1 = ball
# 2 = lepton
# 3 = photon
# 4 = PID > 100
# 5 = neutrino
# 6 = other
0 0 0.00020098 3
-0.235542 -0.319208 0.259249 4
0.60307 0.318944 -0.846084 4
0.914651 0.762039 0.00938245 4
0.0795888 0.0895995 -0.2828 4
-3.23665 -2.60795 0.539871 4
-2.93661 -2.45601 1.38839 4
-2.5201 -1.25364 0.719109 4
-3.39021 -2.40334 0.858209 3
-1.88461 -1.33895 0.375084 3
0.0689558 0.0841898 -0.0431432 3
-1.0247 -0.491745 0.367018 4
-5.21087 -3.70221 1.4408 4
3.2395 3.86797 -1.70689 4
1.98167 1.23275 -0.504586 4
-8.073 -5.33697 2.49179 4
-0.0872073 -0.0380415 0.0478258 3
-3.08302 -2.13209 1.40552 3
-2.3204 -1.45001 0.772529 3
-0.330901 -0.255972 0.152018 3
0.00286059 0.0185382 0.0282747 3
-0.136066 -0.196075 0.175979 3
-0.315878 -0.207079 0.301186 3
-0.12896 -0.121585 0.0437061 3
-0.136999 -0.0752678 0.0908974 3
-0.717286 -0.785899 0.557719 3
2.59887 1.5829 -1.13863 4
5.99858 4.08458 -1.42172 4
0.587168 0.592475 -0.164209 4
7.15373 4.66191 -2.16418 4
4.4237 2.45746 -1.57674 4
7.14554 4.82224 -1.92594 3
0.971122 0.596444 -0.249847 3
