# 1 = ball
# 2 = lepton
# 3 = photon
# 4 = PID > 100
# 5 = neutrino
# 6 = other
-0.0236785 0.0713833 0.150256 4
-1.4106 0.83089 0.623108 4
0.282963 0.06756 0.15666 4
-0.588654 0.156158 0.0393301 4
0.208369 -0.116434 -1.33876 4
0.582715 -0.0927956 0.452447 4
0.0436296 -0.363234 -0.208651 4
-0.583224 0.205434 -0.520336 4
-0.552047 0.255037 0.361576 4
-0.0890704 -0.1074 -0.399125 4
-0.782847 -0.570883 2.11867 4
-2.15878 -2.11787 5.87945 4
-0.55036 -0.0470426 0.955741 3
-0.915368 0.0575163 1.81611 3
0.0986377 0.279455 0.406019 3
0.0160406 -0.00954612 0.00382701 3
-0.0466354 -0.179766 -0.116048 3
0.0642139 -0.9478 -0.625763 3
0.117862 -0.0497488 -0.124052 3
0.847292 -0.736555 -0.842507 3
-0.118191 -0.149892 -0.466215 3
-0.164538 -0.0486542 -0.660247 3
0.0879903 0.00967917 -0.257999 3
-0.421899 -0.205963 0.417569 3
-0.0203789 -0.0224582 0.00144155 2
-0.0118481 -0.0180235 0.00263296 2
-0.0788281 0.0783119 0.038616 3
0.0250077 0.0122826 0.0966539 3
-0.0485921 0.134943 -0.0598627 3
-0.364131 0.502411 -0.51769 3
-0.396587 0.0227816 0.0348742 3
-0.707197 0.101213 -0.107956 3
-0.348388 -0.220206 1.41315 4
-0.0134854 -0.000430073 0.0169706 3
-0.41826 -0.796804 2.47471 3
0.0727336 0.0390517 0.285861 3
-0.0219399 0.0760328 0.0817699 3
-1.84387 -0.502221 4.33491 4
-0.0799342 -0.0726977 0.752183 4
-1.24229 -0.168508 3.74383 4
7.13208 4.75795 -17.0767 5
3.19748 1.16058 -7.38849 2
-1.50672 -0.377957 4.53989 4
0.0208325 -0.0269727 0.108918 3
-0.21281 -0.241364 0.832102 3
-0.287795 -0.143948 1.36851 3
-0.511575 -0.217106 1.71 3
1.46341 0.203951 -3.08826 4
0.20019 0.25208 -0.559739 4
-0.0733398 -0.18478 1.15464 3
-0.266785 -0.314661 1.69198 3
1.06461 -0.0702605 -1.73656 4
0.207181 -0.173647 -0.554789 4
0.907703 0.0167357 -1.21864 3
0.219725 0.00418376 -0.196041 3
