# 1 = ball
# 2 = lepton
# 3 = photon
# 4 = PID > 100
# 5 = neutrino
# 6 = other
-0.00240693 0.00214767 0.00561798 3
7.00738 -4.41192 -14.0836 4
1.18385 -0.377918 -1.22441 4
-0.194022 -0.0189139 -0.731923 4
-0.220023 0.0340605 -0.146861 4
0.173291 0.149035 -0.181016 4
-1.02175 0.979782 3.06209 4
-2.28152 1.80005 3.25088 4
-0.38941 0.422705 1.58791 4
-2.83774 1.0895 5.09187 4
-0.482547 0.231754 0.773544 4
0.477396 -0.187536 -0.608257 4
2.59102 -2.00763 -5.38058 4
2.0298 -1.07009 -3.01118 4
0.936291 -0.449066 -2.5294 4
0.651513 -0.132018 -1.07028 4
0.250989 -0.256206 0.644927 4
-0.96859 0.304589 2.13747 4
0.231893 0.349447 0.00900651 3
0.0589839 0.133826 -0.0746578 3
-0.0235213 -0.0126185 0.0145262 3
0.18055 -0.210533 0.0970537 3
-0.564362 1.46233 1.5521 3
-0.0343424 0.170083 0.126997 3
-0.45703 0.401103 1.55241 4
-0.38625 0.107292 0.798852 4
-1.12314 0.708168 2.79678 4
-1.44882 0.601685 3.00778 4
1.87683 -1.33791 -4.27551 3
0.850221 -0.528314 -1.99208 3
0.0324076 -0.0184317 -0.32767 3
-0.109637 0.0159117 -0.466732 3
0.546293 -0.624125 -2.22339 3
0.305735 -0.452708 -1.23645 3
-2.66242 1.05771 4.73508 3
-3.15441 1.32299 5.91385 3
-0.0352687 0.00977259 0.057623 3
-0.156475 0.471075 1.14914 3
-0.145658 0.00198417 0.158512 3
-0.685099 0.268927 1.03998 3
