# 1 = ball
# 2 = lepton
# 3 = photon
# 4 = PID > 100
# 5 = neutrino
# 6 = other
9.8378 2.5679 7.55158 4
11.0357 2.11914 7.82459 4
1.80402 0.458666 0.842492 4
5.2167 1.38561 4.20766 4
0.96709 -0.409786 1.04445 4
-1.25058 0.118367 -0.401925 4
-2.59801 -0.673928 -2.94646 4
-1.37541 -0.0397353 -1.25921 4
0.0886524 -0.112554 0.0798782 4
-0.266707 -0.0115952 0.00240421 4
-0.419993 -1.00268 -0.0404122 4
-4.35719 -0.901918 -2.79733 4
3.63642 1.61441 3.38015 3
0.478588 0.267219 0.467046 3
-0.0152968 -0.00229227 0.00637228 3
0.180063 0.294467 0.0156288 3
0.262985 0.196901 0.142544 3
0.144012 0.133582 -0.0184569 3
-0.104889 -0.0693466 -0.165039 3
0.00457386 -0.0741523 -0.0109615 3
-0.124858 -0.043454 -0.0336325 3
-1.24267 -0.66025 -0.771114 3
-0.0183698 -0.00648997 -0.0403985 3
-2.02677 -0.574896 -1.94032 3
-6.12764 -1.50399 -4.76893 3
-11.6951 -2.83766 -9.32728 3
0.0389067 0.12443 1.1141 3
0.0469929 0.0352001 0.128419 3
-0.307845 -0.0168884 -0.289454 3
-1.81123 -0.374269 -1.99639 3
