# 1 = ball
# 2 = lepton
# 3 = photon
# 4 = PID > 100
# 5 = neutrino
# 6 = other
0.587761 -1.74061 -1.70268 4
1.11034 -3.65563 -3.99489 4
-0.79261 1.11694 1.01507 4
-0.819499 2.64404 3.14109 4
-1.15125 2.04096 2.83477 4
-1.65487 3.72858 4.56242 4
0.537814 -0.778615 -1.61266 4
0.348765 -1.07181 -1.8075 4
-0.237956 0.0192628 -0.561573 4
-0.311642 0.0470861 -0.427338 4
-1.02178 0.951965 0.596169 4
-0.181482 0.35938 -0.0696714 4
0.284023 -0.683771 -0.71066 4
0.968199 -1.2688 -2.31599 3
0.390499 -0.561778 -0.853571 3
0.334409 0.291197 -0.185124 4
-0.15974 0.0694259 0.0586569 4
0.501046 -0.659042 -0.96474 3
0.410759 -0.722779 -0.853516 3
0.19348 -0.456608 -0.290522 3
0.344691 -0.568424 -0.539832 3
0.384672 -1.0631 -1.31532 4
1.31136 -2.35453 -2.30506 4
0.164647 -0.262625 -0.329242 3
0.454145 -0.408838 -0.530665 3
0.0792877 -0.101561 -0.195006 3
0.841944 -1.23755 -1.54298 3
0.483687 -0.65325 -0.806104 3
0.457197 -0.862312 -0.935759 3
0.144065 0.0571532 0.0542693 3
0.0505352 0.128539 -0.0164889 3
-4.45488 9.82631 12.2079 4
-0.335117 0.765676 0.923418 3
-0.0666824 0.157267 0.29308 3
2.55058 -5.72309 -6.68768 4
0.363894 -1.57529 -1.47673 3
0.0525892 -0.0851562 -0.0802949 3
0.000691343 0.00611016 -0.0217225 3
0.0950208 -0.517217 -0.427312 3
-0.241517 0.465229 0.846919 3
-0.0602218 0.089719 0.0830922 3
-0.46175 1.1802 1.84967 3
-0.739819 1.49602 2.33638 3
-0.742224 1.56405 2.74686 3
-0.0130561 0.00728619 0.0108289 3
