# 1 = ball
# 2 = lepton
# 3 = photon
# 4 = PID > 100
# 5 = neutrino
# 6 = other
5.46279e-08 -5.05506e-09 -0.000259953 3
-2.70699 -0.0212836 -2.87742 4
-2.05381 -0.547592 -2.38207 4
-1.55254 0.880736 -0.479286 4
-0.619604 0.151069 -0.204474 4
0.43638 -0.022164 -0.0204962 4
1.07475 0.466844 1.49489 4
-0.0483518 -0.0139461 -0.0113682 3
-0.0268247 -0.1077 -0.267733 3
-0.0268515 -0.037921 0.109846 3
0.15764 -0.103052 0.48946 3
0.0131572 0.0803995 0.0175025 3
-0.0315629 0.0979137 0.223097 3
1.13338 0.00760429 1.41556 3
0.964572 -0.400771 0.844776 3
2.47874 -0.730836 2.6824 4
-1.55896 0.478635 -1.24092 4
-1.32271 0.541951 -2.25218 4
-1.70678 0.371035 -1.72244 4
-3.50674 1.58167 -3.96959 4
-1.32712 0.0704211 -1.59381 4
-0.0846168 -0.0858641 -0.0879832 3
-0.217569 -0.00681875 -0.27352 3
-1.05713 0.315515 -1.23801 3
-0.109093 -0.0107456 -0.116103 3
-0.768232 0.118935 -0.789879 3
-0.402444 0.0354302 -0.287171 3
-0.63423 0.0319467 -0.540485 4
4.58857 -1.81566 6.17132 4
1.12849 -0.576674 1.94791 4
-0.741481 0.2855 -1.23354 3
-0.0719732 -0.0144612 -0.117462 3
-4.21623 1.4279 -4.6525 4
-2.83211 0.619996 -2.88852 4
-0.295729 0.294032 -0.559225 4
1.41387 -0.374198 1.2927 3
0.729985 -0.276397 0.61575 3
0.0665247 -0.0120199 0.113646 3
1.51039 -0.31757 1.53445 3
0.437208 -0.0126458 0.365918 3
0.65825 -0.181922 0.623649 3
1.22664 -0.323029 1.32818 4
1.69942 -0.111297 1.46328 4
4.52778 -1.2973 4.1111 4
3.69207 -0.457338 3.08535 4
0.0724162 -0.000142792 0.00842963 1
0.0145519 -0.161639 0.00440815 1
0.00356012 0.0478042 0.140525 1
-0.0988644 -0.0963913 -0.0680249 1
0.105786 -0.0297492 0.149231 1
-0.393286 0.0366922 -0.0600062 1
0.0337506 0.0957521 -0.154282 1
0.0594947 -0.03844 0.0310133 1
-0.131781 -0.338701 -0.129543 1
-0.0108233 0.0061382 0.0644741 1
0.207609 -0.21951 -0.137992 1
0.0639177 0.0607361 0.0175099 1
-0.0606718 0.0790381 0.0811569 1
0.0579741 0.0310668 -0.101951 1
0.0464424 -0.0348392 -0.0482027 1
0.0343077 -0.025638 0.0224599 1
-0.189598 -0.00489439 -0.0120709 1
0.0719038 0.170243 -0.0771858 1
0.0218413 -0.00714412 0.0449929 1
-0.030494 0.128025 0.155793 1
0.0543421 0.301716 -0.0375863 1
0.0494901 0.0015542 -0.0176827 1
2.93089e-05 -2.71213e-06 0.000201309 1
