# 1 = ball
# 2 = lepton
# 3 = photon
# 4 = PID > 100
# 5 = neutrino
# 6 = other
0.349417 -0.220573 1.83622 4
0.320131 -0.0245145 1.33807 4
2.7852 2.39718 5.32436 4
0.905718 0.0658952 1.07034 4
0.261319 0.44281 0.672486 4
0.363354 0.464019 1.40552 4
0.0248289 0.0357525 0.1136 4
-4.44383 -4.85729 -11.3401 4
-1.44195 -1.45363 -3.51434 4
-0.193055 -0.224861 -0.13912 4
-0.364384 0.0244664 -1.35955 4
0.163353 -1.22358 -0.615467 4
0.0504441 0.0132312 0.070487 4
0.217401 -0.105738 0.308643 4
0.179279 1.98349 3.22858 4
1.55759 8.01466 14.5232 4
-3.55954 -4.36714 -10.2649 4
-2.62213 -3.41815 -7.58289 4
-0.0779512 0.0523157 -0.0808873 4
0.247689 0.239491 0.247326 4
0.647622 0.321386 1.03566 3
0.388214 0.204262 0.462187 3
0.0221192 -0.02161 -0.0356516 3
-0.162482 -0.503702 -0.559087 3
1.78251 0.690339 1.3967 3
0.46174 0.206732 0.292753 3
0.21319 0.236322 0.870489 3
0.0244625 0.124742 0.22279 3
-0.0924743 0.28771 -0.0842442 3
0.0296015 0.0146295 -0.0218545 3
-0.00231804 0.00603682 -0.0103436 3
0.180528 0.289445 0.3943 3
0.385887 0.444731 0.717073 3
0.340349 0.345687 0.796833 3
0.036953 -0.0128618 0.0549426 3
0.0637735 0.211648 0.257103 3
0.0809617 0.160175 -0.133192 1
-0.0938825 -0.0139307 0.062496 1
0.0583667 0.0465628 0.160213 1
0.0711692 -0.0762296 0.0386245 1
-0.0622877 0.0328585 -0.0236958 1
0.113787 -0.00782378 -0.0549665 1
-0.239549 0.012338 -0.221624 1
0.137733 0.0120227 -0.108666 1
0.0126969 0.0794462 0.0858832 1
0.0277025 -0.0777128 0.0875622 1
0.141956 -0.081165 0.050077 1
0.342803 -0.240235 -0.0154966 1
-0.124583 -0.0543606 -0.0199257 1
0.010482 -0.0896019 0.0706352 1
0.0753987 -0.239548 -0.156566 1
0.0547316 -0.069599 -0.026824 1
0.0803556 -0.0283883 0.0415941 1
0.00552097 -0.34834 -0.092519 1
0.174908 0.190405 -0.755392 1
0.0891632 0.109799 -0.0193647 1
