# 1 = ball
# 2 = lepton
# 3 = photon
# 4 = PID > 100
# 5 = neutrino
# 6 = other
-1.41348e-06 -1.49834e-06 0.000394386 3
-0.988209 -0.771178 -1.30906 4
2.11343 4.38681 -2.95494 4
0.4128 -0.0171027 0.500699 4
-1.30024 -1.90241 2.44628 4
-1.2179 -1.06107 1.21512 4
-0.0764353 -0.150805 0.31471 4
-0.782529 -2.07703 -0.00749361 4
-0.983566 -4.25487 -0.978821 4
-0.477607 -3.27686 -1.73911 4
0.645207 -2.1586 -0.644938 4
-0.077534 -0.241368 -0.480148 4
0.268387 1.17472 -0.193796 4
3.94836 12.4849 2.01702 4
1.78781 4.98562 1.37545 4
-0.119666 0.0326821 -0.320828 4
0.474942 0.256319 -0.186582 4
0.919987 2.00783 -0.942035 4
-0.0427336 0.351527 -0.259789 4
-0.903436 -0.346161 0.985274 4
-1.38519 -2.26922 1.91475 4
-1.67957 -1.97412 2.28031 4
0.374766 -0.127802 -0.0819184 4
0.288545 -0.136998 -0.142275 4
-0.734696 -1.63036 -0.216816 4
0.118602 -0.191357 -0.0112703 4
0.143988 0.033188 0.112499 4
-0.278666 -0.500544 -0.707458 4
0.420198 0.745819 -0.280654 4
0.387511 1.20775 -0.827942 4
-0.617618 -0.34365 0.0935162 3
-0.401986 -0.24384 -0.0464768 3
-0.658881 -0.661528 1.20307 3
0.0418588 -0.186269 0.0436649 3
-0.549422 -0.608286 0.458045 3
-0.246118 -0.318034 0.127157 3
0.229485 -3.78098 -1.33251 3
0.194702 -1.72404 -0.6274 3
0.0631498 0.227297 -0.351873 4
0.325081 0.436849 -0.209205 4
0.182505 2.60613 -0.0531794 4
0.0358824 0.212106 0.0717706 3
-0.110791 -0.458375 -0.0750499 3
-0.0186271 -0.196854 0.0513568 3
0.0241417 0.233246 -0.110639 3
-0.112186 0.407813 -0.306483 3
-0.143312 -0.253028 0.0347145 3
-0.482781 -0.675571 0.316254 3
0.284568 0.360012 -0.228475 3
0.259457 0.16416 -0.197975 3
0.0642889 -0.0989135 -0.0306375 3
0.0718627 -0.00423038 -0.130251 3
0.180846 0.306837 -0.249684 1
0.00853081 -0.0707838 -0.00101295 1
0.0698944 0.0753206 -0.00233515 1
0.0058847 -0.0032821 -0.00254946 1
-0.121862 -0.0665558 -0.14241 1
0.0558798 0.0686869 -0.00595693 1
-0.0303487 -0.0216657 0.0389833 1
-0.0788788 -0.0313162 0.0133498 1
-0.00806027 0.173177 -0.143966 1
0.159698 -0.0992284 0.363166 1
0.156075 -0.288535 0.157222 1
0.0173675 0.00297426 0.0818828 1
-0.110967 0.145769 0.0529394 1
-0.0725308 -0.132838 -0.0361143 1
-0.0404375 -0.0217548 -0.0223259 1
0.278878 0.0123543 0.00736678 1
0.0416602 -0.0318736 -0.000194252 1
-0.0345729 0.0449297 0.150842 1
-0.122456 -0.0041464 0.0179585 1
-0.0426877 -0.0477461 -0.101785 1
-0.00323106 0.31689 0.249289 1
-0.00049899 -0.000528948 -0.000686483 1
