# 1 = ball
# 2 = lepton
# 3 = photon
# 4 = PID > 100
# 5 = neutrino
# 6 = other
-1.3875 0.592105 33.0562 3
-1.20631 -0.930812 -1.12444 4
-0.355249 -0.341755 -0.0869263 4
-0.104906 -0.0496266 -0.240279 4
-0.01846 -0.207846 -0.219987 4
-0.631145 -0.374113 -1.04502 4
0.0506655 -0.555323 -0.435192 4
0.823625 1.19163 -2.57763 4
1.47929 2.80573 -5.04189 4
0.513846 0.433518 -0.215023 4
-0.356064 0.103456 -0.157833 4
-1.21242 -1.5224 -1.30373 4
-0.326322 -0.507172 -0.466235 4
-0.112054 -0.0463255 -0.150255 3
-0.222124 -0.0673933 -0.0615146 3
-0.0148702 -0.013628 -0.0411588 3
-0.43341 -0.213124 -0.101005 3
2.52766 2.07038 -4.95789 4
0.117419 0.0951886 -0.373721 3
0.100898 0.279734 -0.562557 4
0.589132 0.279863 -1.05118 4
-1.94912 -2.10945 -1.90724 4
-0.745093 -0.927124 -0.755793 3
-0.853988 -0.990985 -0.994912 3
-0.36088 -0.25514 -0.266586 3
-2.13806 -1.8788 -1.91232 3
-0.284766 -0.168847 -0.283831 3
-0.385372 -0.285273 -0.225834 3
0.101731 0.111945 -0.234673 3
0.420837 0.631404 -0.731545 3
1.62752 1.6825 -1.33169 4
1.10324 2.35195 -3.59178 4
0.1362 0.205963 -0.185812 3
0.0896285 0.0764409 -0.229349 3
-0.0808932 -0.116898 0.182099 1
0.228155 -0.382061 -0.495994 1
0.34997 -0.335369 0.54248 1
-0.263027 0.663698 0.191404 1
0.0739819 -0.798667 -0.418224 1
0.316941 -0.11408 0.419935 1
0.0515027 0.175458 0.0890603 1
0.045206 -0.0174805 -0.0263647 1
0.0453142 -0.0556282 -0.121918 1
-0.134155 -0.229081 0.403977 1
0.564314 -0.35292 -0.242719 1
-0.101244 0.128717 0.00416639 1
0.484988 0.244627 -0.451259 1
0.245215 -0.842924 -0.919623 1
0.288521 0.388819 -0.110439 1
0.962126 -0.105408 0.344948 1
0.350255 0.616261 0.337026 1
-0.0107392 -0.333744 0.0801172 1
