# 1 = ball
# 2 = lepton
# 3 = photon
# 4 = PID > 100
# 5 = neutrino
# 6 = other
-0.0222716 0.0171439 0.450489 3
0.571662 1.05204 -0.18652 4
2.0863 1.90949 -1.48277 4
-0.11061 0.119733 0.123948 4
0.0836438 0.8539 -0.149832 4
0.416352 0.857494 -1.99797 4
-0.400021 -0.411645 -0.541715 4
-0.350286 -0.699103 -0.46306 4
-2.83709 -0.761972 1.28511 4
-0.508416 -0.619403 0.0192675 4
1.86638 1.15787 -0.355417 4
0.41735 0.319514 -0.182183 4
0.115858 0.516299 -0.222763 3
-0.0342974 0.0901698 -0.0244528 3
0.563314 0.497412 0.098142 3
0.167394 0.220884 -0.0245565 3
0.0513726 0.0592504 -0.0186295 3
-0.0211791 0.0436945 -0.16195 3
-0.775265 -0.278429 -0.0346811 3
-0.490153 -0.286701 0.0163268 3
4.6227 3.14721 -0.241214 4
0.478035 0.811922 0.0618505 4
4.19879 2.77183 -0.829448 4
1.94982 1.60395 -0.589332 4
0.124334 0.432036 -0.0471101 4
0.342893 0.2385 -0.000802979 3
0.185905 0.228601 -0.0792136 3
0.0302373 -0.0163573 0.00658084 3
0.41211 0.246652 -0.0773209 3
2.64636 1.92781 -0.281059 4
-0.253944 -0.288791 0.111738 3
0.584113 0.284421 0.107041 3
0.0233126 -0.0156767 0.00584537 3
1.38277 0.743589 -0.192197 3
0.223398 0.0697817 -0.0561348 3
0.196838 0.0863474 -0.0259897 3
0.902297 0.317019 -0.400713 3
-1.67833 -0.640858 1.18123 4
-6.9722 -6.2835 2.29407 2
-0.477387 -0.71583 0.145376 5
-0.958434 -0.820929 0.30172 3
-0.0170298 -0.00998943 0.0247785 3
-0.161661 -0.193326 0.122198 3
-0.183907 -0.178641 0.124137 3
-0.215642 -0.0470459 0.143285 3
-5.06021 -4.07995 2.25746 4
-3.68504 -2.18937 0.628685 4
-0.945235 -0.367958 0.459734 4
-0.00456303 -0.049999 0.0813379 3
-0.176321 -0.136708 0.0682622 3
0.177411 -0.671333 0.545039 1
-0.0381477 -0.128091 0.400785 1
0.156415 0.240894 -0.536767 1
0.308503 -0.549973 -0.396867 1
0.0473436 0.119205 0.0101558 1
0.0419313 -0.25362 0.0564229 1
0.0530594 -0.26583 -0.212652 1
0.352661 -0.00384655 -0.278054 1
0.448144 -0.599461 0.274605 1
-0.140525 -0.223689 -0.0227628 1
0.680164 1.51769 0.464627 1
0.124306 -0.573136 -0.384761 1
0.101735 -0.932391 -0.345446 1
-0.703268 0.290451 0.249326 1
0.0580581 0.185975 0.123846 1
-0.857006 0.00966569 -0.265965 1
-0.414837 -0.401433 -1.20393 1
0.422538 -0.15142 -0.344777 1
-0.691287 -0.663932 -0.0945087 1
-0.355373 0.055317 0.843556 1
0.143828 -0.0369295 -0.0803218 1
0.46162 -0.0578137 -0.421608 1
0.109578 0.242985 -1.14921 1
0.505461 0.0735374 -0.16055 1
0.0571913 0.153762 -0.050708 1
0.363535 0.628909 0.544017 1
-0.323375 -0.149074 0.135421 1
0.0876365 0.0462042 0.107132 1
0.494434 0.176385 0.813762 1
0.0242348 0.388613 -0.0713771 1
