# 1 = ball
# 2 = lepton
# 3 = photon
# 4 = PID > 100
# 5 = neutrino
# 6 = other
0.21546 -0.0390791 1.30761 3
0.0207973 -0.0168219 -0.763644 3
-5.20699 5.56463 7.50284 5
-1.23107 0.888851 1.88389 2
-8.9823 10.7654 14.7234 5
0.0161044 -0.180708 -0.161157 5
7.95896 -7.97551 -11.1432 4
7.82999 -8.86359 -12.0693 4
1.18243 -1.47878 -1.93709 4
-0.312778 0.0426298 0.235815 1
0.084104 0.329759 0.200166 1
-0.157215 -0.304578 -0.242345 1
-0.825443 0.032868 -0.900761 1
-0.0918291 0.1324 0.0980977 1
0.0517895 -0.0281068 -0.457265 1
-0.00977275 0.386032 -0.141367 1
0.157087 -0.554127 0.703994 1
-0.0809804 -0.266797 0.0900236 1
1.09353 0.366373 0.380774 1
-0.0348625 -0.173951 0.418524 1
-0.16145 0.0516381 0.286278 1
0.290872 0.0248963 -0.246546 1
-1.03324 -0.156452 0.739423 1
-0.171568 -0.0989297 -0.0102574 1
-0.35949 -0.196127 0.00311994 1
-1.37779 -0.010211 0.439833 1
0.0865544 0.0712911 -0.147902 1
-0.873257 -0.348528 -0.911594 1
0.956327 -0.594197 -0.515776 1
-0.18101 0.234023 0.271553 1
-0.0925471 -0.235214 0.193815 1
-0.203978 0.20457 -0.386549 1
0.23604 -0.0251296 -0.378736 1
-0.508322 0.317781 0.170865 1
0.143622 0.54519 -0.000243294 1
-0.208447 0.109075 0.137933 1
0.0990803 -0.0206925 0.0192119 1
0.405534 -0.176181 0.308757 1
0.0895556 0.00505895 -0.207436 1
0.428645 0.891864 0.0438903 1
0.121173 0.329158 0.0116954 1
0.636692 0.450217 0.449621 1
