# 1 = ball
# 2 = lepton
# 3 = photon
# 4 = PID > 100
# 5 = neutrino
# 6 = other
0.873687 1.56664 -1.21243 4
0.434247 0.20012 -0.20166 4
0.13553 -0.0566433 0.322332 4
-0.631879 -0.249026 -0.369731 4
-0.704047 -0.595983 0.612108 4
-2.02014 -3.40308 1.42331 4
-0.435723 -1.22831 1.0115 4
1.75443 3.01459 -1.36047 4
0.0876295 0.190999 -0.313352 4
-0.291715 -0.115346 -0.285493 4
-0.580353 -1.47023 -0.423647 4
0.0260305 0.0901077 0.149642 4
-1.35289 -2.05367 0.21778 4
-0.333057 -0.968269 0.13106 4
0.19531 0.412932 -0.142006 3
0.210016 0.689798 0.277487 4
0.379379 0.371905 -0.082917 4
0.718374 0.394513 -0.0920888 4
0.575445 0.517314 -0.221312 4
-0.199227 -0.00120793 0.0567068 3
-0.313617 -0.158747 0.184806 3
-0.203209 -0.813743 0.589576 4
-0.160669 -0.132396 0.0800291 4
-0.0344711 -0.127837 0.0871008 3
-0.891742 -0.596059 -0.118508 3
-0.172418 -0.19416 -0.0226932 3
4.86831 8.86532 -1.66732 5
0.856462 4.1354 -2.3166 2
0.0324364 0.0749773 0.019121 3
0.0281801 0.305592 -0.174173 3
0.1874 0.161059 -0.0755602 3
-0.0230638 0.0118277 -6.56607e-05 3
-0.501443 -0.553903 0.463987 3
-0.295155 -0.433764 0.227703 3
-1.60915 -4.33495 0.956007 4
0.406935 1.01905 -0.318884 4
-1.27138 -4.20914 1.65611 4
-1.40932 -7.07414 1.46819 4
-0.618451 -1.45726 1.00503 3
-0.591391 -1.11389 0.741351 3
0.368502 1.10603 -0.395045 4
1.20736 3.20296 -1.41434 4
-1.46346 -2.95419 1.00327 4
0.771434 2.82848 -0.995379 4
0.657229 1.71224 -0.353203 3
0.136707 0.466191 -0.152533 3
0.157969 0.186298 -0.0600021 3
0.695421 1.32054 -0.442248 3
0.496926 1.21195 -0.29644 3
0.170539 0.473856 -0.198504 3
-0.0394858 -0.697614 0.244112 3
-0.00853633 -0.0376462 0.053332 3
0.0888854 -0.0297113 0.141604 1
-0.217304 0.0792876 0.122957 1
0.0373914 0.0780641 -0.0318797 1
0.0652284 0.00624482 0.0739696 1
-0.0235137 -0.0149867 0.0107444 1
-0.314175 0.0553962 0.0183972 1
-0.139653 -0.0465835 -0.0232396 1
0.228313 0.165606 0.0622669 1
0.0341851 0.143448 -0.138664 1
-0.0513394 0.117879 -0.0741257 1
-0.21827 6.44348e-05 0.10178 1
0.0268752 0.0367224 0.0425188 1
-0.11007 -0.0021299 -0.0151249 1
0.112717 0.170873 0.0774054 1
0.048322 -0.00217458 -0.0351358 1
-0.0253714 -0.00794323 -0.0226332 1
-0.0950906 -0.0872949 -0.138237 1
-0.0970769 -0.361611 0.202442 1
0.00850249 -0.00231757 -0.00428298 1
0.0921268 0.0162939 0.022915 1
0.0600317 0.0109095 0.0959133 1
0.212951 0.175275 0.236521 1
0.000446702 -0.000810383 -0.00117378 1
