# 1 = ball
# 2 = lepton
# 3 = photon
# 4 = PID > 100
# 5 = neutrino
# 6 = other
0.0257544 0.00262162 0.7671 3
1.48139 -0.595562 0.587097 4
0.0475627 -0.0695601 1.00792 4
-1.02689 1.53557 0.07991 4
1.27277 -1.28478 -0.923256 4
1.86013 -2.96067 -1.11295 4
0.549497 -1.33415 -0.252086 4
1.71141 -2.34939 -0.670722 4
-0.0286867 0.0729923 0.259542 4
0.651154 -1.16934 -0.744508 4
-0.753897 0.756884 0.074012 4
-1.49623 2.4979 0.686068 4
-0.569912 1.10563 -0.0206856 4
0.650116 -1.13528 -0.435775 3
5.68556 -10.4025 -4.29938 3
-0.394028 -0.0115703 0.303749 3
-0.843149 0.165564 0.733432 3
0.0493046 0.144448 0.191893 4
-0.234895 0.542774 0.488805 4
-2.26837 4.17228 0.93343 3
-2.00504 3.83026 0.961509 3
0.233518 -0.331452 -0.158253 3
2.14419 -3.7304 -1.62977 2
0.417377 -0.731442 -0.316116 2
0.317647 -0.607122 -0.512181 3
0.201325 -0.432211 -0.227171 3
-0.0496904 0.112385 0.416708 3
0.000819601 -0.0368813 0.191226 3
-2.41477 5.34034 1.33497 3
-0.963663 2.21556 0.632043 3
-0.648825 2.01714 0.316222 3
-0.515828 1.44471 0.334696 3
-0.803952 1.2946 1.67651 3
-0.0513861 0.126806 0.105435 3
0.677368 0.126649 0.283114 1
0.0326933 0.0387427 0.144708 1
-0.111307 -0.191437 -0.037662 1
-1.44151 0.215364 -0.699539 1
0.370772 0.866204 0.00728981 1
-0.139072 0.0106627 0.561191 1
0.0598045 -0.120027 -0.157981 1
-0.0765148 -0.0813561 -0.400885 1
0.385576 -0.387723 0.453625 1
-0.0542337 0.0783601 -0.0121031 1
0.117779 -0.236299 0.0567924 1
0.158324 0.162947 0.153921 1
-0.505783 0.453119 0.00241234 1
0.107527 0.528064 0.427518 1
-0.0685485 -1.42884 -0.310738 1
-0.294953 -0.246018 0.115731 1
-0.668258 0.569044 0.493446 1
0.0666013 -0.141942 -0.266361 1
0.0628769 -0.210461 -0.0785551 1
-0.0935983 0.0969391 0.178362 1
-0.0428177 -0.710013 -0.111762 1
0.00777381 0.177963 0.0219785 1
-0.371533 -0.101595 -0.124886 1
-0.478751 0.024195 0.142411 1
0.165385 0.487256 0.0885654 1
-0.45492 -0.0160604 -0.155348 1
0.2937 0.240188 0.0820198 1
0.339575 0.383572 -0.249508 1
0.229784 0.286705 -0.39621 1
-0.0777232 -0.56642 -0.868523 1
0.726716 -0.507837 -0.0186157 1
-0.269435 0.203451 0.163796 1
-0.0284843 -0.0939954 0.339136 1
-0.859497 -0.105904 -0.608285 1
0.00437197 0.00038445 0.00152786 1
