# 1 = ball
# 2 = lepton
# 3 = photon
# 4 = PID > 100
# 5 = neutrino
# 6 = other
-0.0954044 -0.057509 -0.633309 3
-3.83705e-08 -9.31313e-07 -0.00020833 3
-0.0557955 -0.128445 -0.175644 4
-0.341304 -0.0256726 -0.311701 4
0.0443217 -0.10744 -0.0584898 4
0.0929691 -0.0520491 0.420219 4
0.196711 0.476976 0.285452 4
0.415406 2.62401 2.3934 4
0.372713 2.50065 2.44795 4
0.227451 1.92041 2.9384 4
-0.949864 -2.99955 -3.5387 4
0.160425 -0.579372 -0.211501 4
0.64437 -0.385036 -1.4303 4
0.0693688 -0.430737 -0.318591 4
2.0939 0.209 -0.883062 4
0.15226 0.441002 0.615159 4
1.68949 4.32571 2.80114 4
-0.0805035 0.962062 0.845383 4
-0.304367 1.20834 1.31354 4
-0.124221 -1.00186 -0.987517 3
-0.173682 0.14609 0.230996 3
0.0798629 0.061969 -0.250334 3
-0.646258 1.24883 4.26222 4
-1.00719 7.50591 13.5717 4
0.0962196 -0.0833963 -0.125881 3
0.00192346 -0.199184 -0.259388 3
0.359196 -0.0972435 -0.282724 3
0.234693 0.0405635 -0.223831 3
0.334336 0.18427 -0.0808754 3
0.00370087 0.0517353 -0.00626849 3
0.00434836 0.0371985 0.0183519 3
0.365569 0.161486 0.439259 3
-0.834713 -3.26288 -3.20651 2
-0.717107 -3.3435 -3.92876 5
-0.217994 -0.739062 -0.934785 3
-0.129316 -0.952514 -1.10713 3
-0.140075 -1.00783 -1.26572 3
-0.0285209 -0.100438 -0.206033 3
-0.297693 -3.19385 -3.95065 3
-0.0554288 -0.218533 -0.266099 3
-0.467116 -2.13151 -1.92988 4
-0.988453 -3.39131 -4.82698 4
-0.0325318 -0.219664 0.201422 1
0.120342 0.178284 -0.111097 1
-0.34442 0.145177 0.481071 1
0.10211 -0.207787 -0.229133 1
0.323971 -0.709891 -0.632429 1
0.13193 0.10312 -0.491721 1
0.0450611 -0.000940483 0.0478818 1
-0.169234 0.171075 -0.1991 1
0.186123 0.674275 -0.554585 1
-0.129356 0.176849 0.159798 1
-0.218227 0.0722253 0.145579 1
