# 1 = ball
# 2 = lepton
# 3 = photon
# 4 = PID > 100
# 5 = neutrino
# 6 = other
0.00164913 -0.00268365 0.0206351 3
-1.23301 7.57365 7.5459 4
-0.538288 3.99222 3.77857 4
-0.359612 2.03304 2.53031 4
-1.28602 2.16105 1.67373 4
1.32443 -1.91006 -3.17828 4
0.294095 0.62156 0.41041 4
-0.293986 0.0247786 0.357168 4
-0.308542 -0.0938033 0.149544 4
-0.651632 0.13522 -0.922297 4
0.964778 -1.42988 -1.90496 4
2.22808 -8.68734 -8.15347 4
0.122596 -0.66734 -0.687502 4
2.65999 -11.3468 -10.0554 4
-1.5114 9.82915 10.296 4
-0.0804865 0.760749 0.891901 3
-0.0782587 0.175888 0.216158 3
-0.258336 0.179784 0.406981 3
-0.0875588 -0.011233 0.0381385 4
0.0379778 0.245337 -0.114806 4
0.0167024 -0.344586 0.034143 3
-0.013849 -0.157677 0.11088 3
0.0282134 0.0145605 0.0353861 3
-0.109019 -0.00695946 -0.0187446 3
0.31734 -0.349091 -0.266513 4
0.247078 -0.473366 -0.548928 4
-0.0188619 0.0482336 -0.147312 3
-0.124176 0.0873334 -0.0715734 3
-0.0809236 0.319093 -0.0562873 3
0.0188453 0.0281816 -0.0463865 3
0.0626506 0.147918 -0.140168 3
-0.0619405 0.114034 -0.180575 3
0.050254 -0.238027 -0.286397 3
0.699662 -2.64776 -2.59559 3
0.145727 -0.087022 0.190322 3
0.0748784 -0.0427079 -0.00864497 3
0.295879 -0.826751 -0.604358 3
0.0019968 -0.056185 -0.00702208 3
-0.0861447 0.0923871 -0.04286 1
0.142283 0.747727 -0.0838783 1
-0.143956 0.459798 0.130385 1
-0.0197283 -0.28966 0.23938 1
-0.149479 -0.320893 -0.0437931 1
-1.67358 0.116151 0.275244 1
-0.0951963 0.174572 -0.020904 1
0.209449 0.406084 0.279798 1
-0.680573 -0.498711 0.575704 1
