# 1 = ball
# 2 = lepton
# 3 = photon
# 4 = PID > 100
# 5 = neutrino
# 6 = other
-2.13129 -0.0797355 -2.62416 4
-0.252169 0.234626 -0.673776 4
-0.568319 -0.0769764 -0.833674 4
-0.493658 -0.397517 -0.260448 4
-0.170864 0.439201 0.738769 4
2.33426 0.700225 3.79478 4
-0.18041 -0.0167187 0.130273 4
0.294954 0.0346195 0.469404 3
3.20544 0.802586 5.31154 2
0.336688 0.0850271 0.553014 2
0.492419 0.0348539 0.891521 4
0.0185364 -0.0721209 -0.114372 3
0.1327 -0.394855 -0.202589 3
-4.36931 -1.62169 -6.23747 4
-3.98486 -0.843976 -6.15222 4
-0.760019 -0.167988 -0.991101 3
-0.14688 -0.0947129 -0.250555 3
-0.0264551 0.033718 -0.078974 3
-0.0447806 0.119481 0.0317605 3
-0.22033 0.232447 -0.000505723 3
-0.316234 0.232321 -0.13452 3
-0.0468722 0.0633272 -0.0376393 3
-0.255329 0.206202 0.106493 3
0.301507 0.0358489 0.374906 3
0.32244 0.064343 0.665927 3
0.389406 0.117037 0.570613 3
0.102264 0.0159429 0.295881 3
0.908452 0.116669 1.39899 3
1.55756 0.139848 2.7055 3
1.54186 0.321337 2.47882 4
1.37536 0.275487 2.03093 4
-5.90458 -2.05581 -8.01159 4
-0.517609 -0.0173787 -0.762395 4
0.556011 0.291251 1.72819 4
3.58783 0.138772 6.17844 4
-0.373455 0.123231 -0.0945686 1
0.307181 0.0848943 -1.33828 1
-1.34348 -0.256032 -0.0220218 1
0.207473 -0.25428 -0.0363167 1
0.257472 0.335136 -0.101821 1
-0.136419 -0.186083 -0.130987 1
0.304798 0.105485 0.237462 1
0.181042 0.130892 -0.187488 1
0.616908 -0.609133 0.128773 1
0.235982 -0.117761 0.619547 1
-0.358946 0.0706045 0.421047 1
-0.292729 -0.134593 -0.602189 1
0.508286 0.505331 -0.268736 1
0.272666 0.211256 0.213656 1
0.496282 0.0437887 -0.594564 1
0.04805 0.765899 -0.431781 1
0.00444362 0.0237401 -0.00904219 1
-0.0832529 0.0361982 -0.0561696 1
-0.529564 0.305717 0.956364 1
-0.358565 -0.539082 -0.0246688 1
0.102034 0.143619 0.203686 1
-0.176848 0.591074 -0.0570876 1
0.468615 0.240538 0.0191774 1
0.230845 -0.179102 -0.405518 1
0.143901 -0.119206 -0.190296 1
-0.157682 0.16511 0.543059 1
0.140203 -0.156465 -0.220205 1
-0.0310428 0.0291161 0.0479355 1
1.29582 0.295466 -0.0826357 1
-0.343995 -0.527476 -0.227142 1
1.27882 0.203265 -1.35884 1
0.0174375 -0.226837 -0.0401316 1
