# 1 = ball
# 2 = lepton
# 3 = photon
# 4 = PID > 100
# 5 = neutrino
# 6 = other
-0.000445296 0.0012149 -0.00040387 3
0.0445616 -0.844573 -0.518689 4
-0.229261 -6.28099 -4.45251 4
0.367479 -1.51019 0.307554 4
0.964049 0.418458 1.52016 4
0.287212 1.25957 0.088826 4
0.492128 2.15173 1.9087 4
-0.0042142 0.783663 0.443519 4
-0.40034 2.7575 1.65315 4
-0.717471 -8.61979 -6.21541 4
-0.0132109 -0.463699 -0.494537 4
-0.305014 -3.98967 -2.89207 4
0.414452 -1.43008 -0.960305 4
-0.209932 -1.929 -0.531674 4
-0.550763 -1.16064 -0.513686 4
-0.00257418 -0.454418 -0.186534 4
0.739102 1.77329 1.16862 4
0.185174 0.0772282 0.348566 4
-0.614795 1.66372 0.927628 4
0.332694 0.971272 0.348571 4
0.0569782 2.76575 1.49704 4
0.0578055 -0.313931 -0.24943 3
0.277143 -0.57912 -0.392568 3
-0.265907 -1.59644 -1.2525 3
-0.344718 -3.21367 -2.46098 3
-0.0474775 0.0266345 0.0125695 3
-0.311848 0.243099 0.533351 3
-0.0869786 0.280744 0.147833 4
0.00371936 2.40799 0.658936 4
0.137467 0.725241 0.615879 3
0.417675 3.73218 2.99476 3
0.192778 4.60759 2.12615 3
0.229365 5.99148 2.59737 3
-0.235418 0.693052 0.134814 4
-0.365071 0.585311 0.269929 4
-0.0446487 -0.444741 -0.248555 3
-0.277794 -0.878233 -0.557982 3
-0.426124 -0.519865 -0.158261 3
-0.212267 -0.188062 0.00880659 3
-0.0132189 0.0108587 0.0431211 3
0.162857 0.222572 0.0972062 3
0.156634 0.601803 0.166458 3
0.033207 0.467134 0.0444189 3
-0.0266717 0.00770672 0.0180532 3
0.129005 0.231521 0.225576 3
0.246007 -0.594026 0.246605 1
0.420463 0.183483 0.0982931 1
-0.119382 -0.0463435 0.117447 1
-0.248544 -0.0619428 0.212114 1
0.0128614 -0.0114245 0.0730329 1
-0.0995562 0.0228981 -0.013813 1
0.0297237 -0.191902 0.126503 1
-0.228344 -0.183135 0.181841 1
0.0983114 -0.000539425 -0.0362833 1
-0.037008 0.0555983 -0.0387645 1
-0.0481226 -0.0481106 0.0691133 1
-0.293319 -0.107607 0.178704 1
0.0606427 0.119947 0.237311 1
-0.0118419 0.0129759 -0.0638319 1
-0.013014 -0.0124149 -0.0269651 1
0.064379 -0.20199 -0.072781 1
0.0781253 -0.111218 -0.0403592 1
-0.00666797 -0.0439753 0.0473576 1
0.12 0.176853 -0.115101 1
-3.99517e-05 0.00168583 -0.00190818 1
