# 1 = ball
# 2 = lepton
# 3 = photon
# 4 = PID > 100
# 5 = neutrino
# 6 = other
-6.33134 -5.73112 -8.70325 4
7.04745 5.42699 0.660234 4
4.35889 3.28921 -0.0570292 4
3.70506 0.573513 -0.233241 4
0.0820942 -0.0585548 -0.458752 4
-0.591285 -0.0740543 0.195198 4
-1.20433 -1.32182 -0.819108 4
-0.69361 -0.534927 -0.438151 4
0.805884 -0.130344 -0.337929 4
0.542332 -0.59967 -0.45746 4
-2.15034 -0.188806 0.926243 4
-0.143024 0.505895 0.59202 4
-3.03381 0.409874 1.48016 4
-2.2116 -0.646571 1.32767 4
-0.0562096 -0.151671 -0.190045 4
-5.60201 -2.29762 1.74262 4
2.19412 1.54804 0.250506 4
3.04079 2.32241 0.179417 4
0.187163 -0.0735925 0.0123336 4
0.235588 -0.00301869 -0.185682 3
-0.27905 -0.375435 -0.0919442 3
-0.31236 -0.436573 -0.257673 3
-1.42201 -0.294243 0.300879 3
0.00069268 -0.00118005 0.00700073 3
-0.458023 0.170353 0.373545 3
-0.217725 0.28901 0.0809551 3
-0.100299 -0.15919 0.377758 3
-0.275183 0.205206 0.532654 3
-0.726543 0.000854312 0.261016 3
-0.0740194 -0.00393784 0.0521047 3
-2.81312 0.184776 1.11394 3
-0.0218821 -0.00155514 0.0104545 3
0.182913 -0.154946 0.0669994 3
-0.0830468 -0.0151828 0.0667139 3
-0.254808 -0.279328 0.124926 3
-0.272471 -0.0871348 0.00505923 3
0.0016711 0.00360249 0.0294047 3
-1.85595 -0.181393 0.890541 3
-0.16828 -0.0535563 0.0641583 3
0.111417 -0.39863 0.216627 3
0.128592 -0.689608 0.190317 3
0.39166 -0.115086 0.20259 4
0.128841 -0.088307 -0.241857 4
2.78848 0.459562 -0.467771 4
0.272071 0.109853 -0.015001 3
0.133811 -0.0391786 0.0098149 3
0.146303 -0.0933952 -0.265222 4
0.873813 -0.0210276 0.323637 4
-0.337247 -0.439985 0.513092 3
-0.0410669 -0.0408218 0.0763582 2
-0.247982 -0.242821 0.447554 2
1.30981 -0.133127 0.0808673 4
0.17292 -0.0763071 0.0660546 3
0.00405155 -0.0459684 -0.00150244 2
0.0290179 -0.0397324 0.0491907 2
-0.037998 0.0526162 0.0160096 3
-0.0507459 -0.0410566 0.157553 3
1.29516 0.660571 0.163965 4
0.330442 -0.127414 0.093411 4
2.09497 0.723835 -0.0465463 4
-0.0624818 -0.109081 -0.00543716 1
0.138522 0.179465 -0.335244 1
-1.61969 -0.625497 0.0359839 1
-0.217046 0.553662 -0.193813 1
0.351982 -0.645823 -0.183484 1
0.524772 -0.194699 -0.100967 1
-0.0599079 0.00626202 0.00551223 1
0.415212 0.387431 -0.285945 1
