# 1 = ball
# 2 = lepton
# 3 = photon
# 4 = PID > 100
# 5 = neutrino
# 6 = other
-1.97789 -0.710615 40.5535 2
-0.230905 2.44364 -32.0006 2
0.570821 -0.474869 -1.95009 4
1.25562 -0.0352813 -3.35383 4
0.525371 -0.28228 -1.63215 3
0.321805 -0.0626421 -0.954369 3
0.0162353 0.0689087 0.0858986 1
-0.418387 -0.0560516 -0.266589 1
0.133032 0.00117453 -0.12461 1
0.307698 -0.172809 0.379793 1
0.0761325 0.0219867 -0.109777 1
0.00301272 -0.052979 -0.160451 1
-0.00112228 0.0183496 0.0487917 1
-0.20824 0.0298652 -0.021189 1
-0.397835 -0.236907 0.118731 1
-0.0656452 -0.136498 -0.0648307 1
-0.0143477 0.0677217 0.101985 1
0.15366 -0.157988 -0.730799 1
0.0566891 0.152334 0.128707 1
0.00824682 0.0573264 0.118167 1
0.116507 -0.254157 -0.0695554 1
0.196329 -0.0431809 0.285113 1
-0.0839502 0.0400171 -0.00866191 1
0.00392633 0.0199642 -0.0252068 1
0.314926 -0.0456832 -0.0226109 1
-0.230292 -0.0557471 0.00935732 1
-0.0516221 -0.0283571 -0.0558927 1
0.0858389 0.00277646 0.128122 1
0.00104737 0.0134793 0.0138834 1
-0.0826762 -0.214645 -0.000487253 1
-0.0431909 0.170435 -0.0336824 1
-0.00601345 0.02188 -0.0212614 1
-0.0529727 -0.10087 0.0572323 1
-0.00187918 0.0471014 -0.0108826 1
0.0682175 0.109161 -0.144497 1
-0.0153549 -0.191996 0.131027 1
-0.0172103 -6.43853e-05 -0.154931 1
-0.0222785 0.0461594 0.123175 1
-0.0195845 0.0468754 -0.0081732 1
0.125085 -0.107336 -0.335795 1
-0.106028 -0.00629008 -0.114901 1
-0.0272001 -0.0034916 0.0202859 1
0.142764 0.00176554 0.0171642 1
-0.241781 -0.0201511 0.0629019 1
-0.167359 0.0684598 -0.00916606 1
0.000798956 0.00150906 0.00113869 1
