# 1 = ball
# 2 = lepton
# 3 = photon
# 4 = PID > 100
# 5 = neutrino
# 6 = other
0.0467176 0.338482 -0.0892523 4
-1.24172 0.897694 -0.156823 4
-1.32333 4.31516 0.337629 4
-0.154868 -1.03406 -0.721084 4
-0.161896 -0.0904169 -0.0600725 4
0.378886 -0.425361 -0.416525 4
-0.45618 1.44632 0.557785 4
-0.561528 1.02007 -0.219356 4
-0.456053 1.96598 0.518293 4
-1.25174 7.49879 0.359747 4
-0.880251 3.06063 0.373536 4
0.316176 2.79309 -0.265482 4
0.732548 -1.63711 0.253923 4
-0.0161083 -1.21526 -0.0467111 4
0.797487 -1.31153 -0.633985 4
1.30191 -2.59801 -0.187688 4
-1.16789 1.39075 0.252491 4
-0.457487 0.50493 -0.121012 4
-0.702494 5.83199 0.352496 4
0.0218949 0.46691 0.0114299 3
0.468834 -0.830817 0.422288 3
0.21168 -0.255833 0.207765 3
0.85565 -2.1878 -0.242672 4
-0.496852 0.558045 0.0889525 3
-0.0997032 0.0529934 0.0488221 3
-0.154653 0.200995 -0.00248115 3
-0.0871045 0.325997 0.0792469 3
-1.90643 2.47809 0.60974 4
-0.709225 0.679382 0.358804 4
-1.33411 1.25223 0.430444 3
-0.913837 1.00094 0.266887 3
3.65098 -8.77149 -1.35447 4
1.03658 -3.84882 -0.430459 4
2.03367 -5.77509 -0.756354 4
0.816688 -1.90125 -0.173133 3
2.68185 -6.88717 -0.640581 3
-0.0710079 -0.400497 0.0753488 1
0.269574 -0.0895458 0.424291 1
-0.647185 0.236649 0.367226 1
0.113513 0.23462 -0.0949745 1
0.197167 0.0190786 0.222454 1
-0.0703349 -0.0438044 0.0339311 1
-0.936694 0.16452 0.0529138 1
-0.416484 -0.139938 -0.0699224 1
0.690212 0.495361 0.184815 1
0.0531436 0.214128 -0.208234 1
