# 1 = ball
# 2 = lepton
# 3 = photon
# 4 = PID > 100
# 5 = neutrino
# 6 = other
-1.26303 4.74281 1.53829 4
-7.15599 20.5486 8.23842 4
-1.17811 2.73935 0.650747 4
0.061556 0.10132 0.27638 4
-0.0893354 -0.730139 -0.856015 4
0.74439 -2.45339 -0.686153 4
0.545049 -2.4124 -0.562583 4
0.831066 -2.63239 -1.04409 4
0.0484923 0.243828 0.0614696 4
0.0298593 2.89067 0.493078 4
-0.145634 0.345391 0.246249 4
-0.037616 1.37335 0.622924 4
-0.657813 0.963303 0.299858 4
0.000451872 0.417837 0.0480116 4
-0.418329 -0.317138 -0.54086 4
-0.223134 -0.415717 0.110319 4
0.902139 -4.58819 -1.72329 4
0.90645 -3.37578 -1.12445 4
0.652763 -2.30301 -1.34943 4
1.05733 -4.80169 -1.48868 4
-1.13835 3.00607 0.546066 4
-0.218892 -0.175253 -0.0595865 3
-0.0749977 0.359159 -0.121019 3
-0.117637 0.200914 0.0882716 3
-0.120548 0.048847 0.11535 3
0.0579246 -0.392294 -0.109647 3
1.35094 -5.7093 -1.75634 3
0.148061 -0.147399 0.0935039 3
0.194771 -0.0333296 0.152225 3
0.018558 0.0352797 0.0103592 3
0.17634 -0.0845602 -0.0748132 3
1.39166 -3.30905 -1.55545 3
0.0849757 -0.271476 -0.0945739 3
0.879428 -2.12909 -0.788939 3
0.439571 -1.27746 -0.530494 3
0.692534 -0.506544 -0.276991 1
0.215322 0.0244787 0.22373 1
0.106278 -0.643148 0.533783 1
-0.506474 0.517844 0.538682 1
1.7336 0.657476 -0.514768 1
0.076385 -0.507817 0.370449 1
