# 1 = ball
# 2 = lepton
# 3 = photon
# 4 = PID > 100
# 5 = neutrino
# 6 = other
-0.00395956 -0.00542851 -0.192521 3
-3.66701 -1.08252 -3.21092 4
-2.15588 -0.066978 -0.803716 4
0.950127 0.552709 0.660172 4
2.12744 1.04669 2.32357 4
0.271996 0.0679258 0.498824 4
0.439726 -0.638987 2.95043 4
0.0737037 0.088395 1.02761 4
0.826309 0.816831 -0.661378 4
0.184312 0.532682 0.521979 4
-0.310345 -0.437153 0.333553 4
0.210779 0.266472 0.0576265 4
-1.77599 0.334617 -2.38375 4
-0.584941 -0.0902192 -1.4263 4
0.115263 -0.20713 -1.01362 4
-1.20416 0.0855588 -1.61378 4
-1.63698 -0.435791 -2.35734 4
-2.18839 -1.13904 -3.32245 4
-2.0738 -0.742757 -3.81543 4
0.0763156 -0.135655 0.426322 4
-0.220606 -0.0144977 -0.0996447 3
-1.68086 -0.0155655 -1.17205 3
0.0938948 0.04528 0.146116 3
1.78461 -0.293327 4.72085 4
-0.109561 0.302628 -0.0966035 3
-0.403215 0.728911 -0.436874 3
-1.52315 -0.712613 -2.40382 4
-1.23101 -0.342064 -2.24688 4
0.536215 -0.180247 0.108762 3
0.211625 -0.137537 0.115846 3
-0.0280115 -0.010064 -0.0252587 3
-0.0916521 -0.105996 0.078946 2
-0.0876776 -0.102054 0.0760347 2
0.286514 -0.553526 0.00201317 4
0.190882 -0.71416 0.401011 4
0.332455 -0.296501 0.387142 4
-1.68775 -0.740389 -3.5302 3
-0.314414 -0.0782229 -0.651115 3
0.697057 -0.00940231 0.327111 4
0.00620087 -0.13401 0.595754 4
0.09321 0.0379252 0.151753 3
0.29221 -0.108363 0.348956 3
0.0297808 -0.0343777 0.0576434 3
0.751857 -0.729297 0.493524 3
0.806256 0.195997 0.885777 4
1.17282 0.454701 0.563918 4
0.65766 0.500333 0.352899 4
-0.0201203 -0.0120231 0.0853484 3
0.0731278 0.162061 0.259814 3
2.37682 1.256 1.79241 4
0.356578 0.309921 0.701883 4
0.583635 0.366571 0.569166 3
0.755066 0.335116 0.570815 3
1.70814 1.02788 2.15088 3
0.30491 0.123855 0.326946 3
1.55361 0.331477 1.00306 4
1.62256 1.00549 1.25664 4
0.107899 0.0358358 0.156729 3
0.606934 0.577171 1.20403 3
0.309458 0.698305 0.222031 1
0.317763 -0.363151 0.327233 1
0.140508 -0.544129 0.196913 1
-0.27322 -0.292113 -0.218973 1
0.103118 0.207118 -0.0202257 1
-0.0769404 -0.0986426 0.26303 1
-0.356807 -0.141112 0.615525 1
-0.551673 -0.782773 1.52412 1
0.118775 0.0333714 -0.137856 1
