# 1 = ball
# 2 = lepton
# 3 = photon
# 4 = PID > 100
# 5 = neutrino
# 6 = other
6.2231e-07 1.56413e-06 0.00014018 3
-0.634623 -0.889012 -2.5778 4
-1.76841 -0.343756 -1.38965 4
-0.103856 0.0862736 -0.413291 4
1.00125 0.0425351 1.10051 4
3.11244 0.878066 3.46756 4
1.27398 -1.23896 3.02145 4
-0.000245787 -0.302264 -1.56633 4
-2.32212 -0.118328 -2.33576 4
-1.29396 -0.223098 -0.562384 4
-1.09828 -0.209608 -0.348613 4
-1.00293 0.0895228 -0.982274 4
-0.380442 0.121348 -1.20207 4
-0.690307 1.83813 -3.12895 4
1.69852 0.478334 2.516 4
0.464993 0.404762 0.950642 4
1.17573 -0.122738 2.17016 4
1.44134 -0.0899988 2.24298 4
-0.178081 -0.376132 -1.02708 4
-0.841208 -0.556415 -1.31147 4
-0.366696 -0.271911 -0.894787 4
-0.0242794 -0.00410363 -0.00701964 4
-0.592236 0.0608671 -0.975923 4
-0.0564473 -0.0046021 -0.000693387 4
-0.335545 -0.0336851 -0.410333 4
-0.401658 1.54747 -0.538003 4
-0.0188631 0.19267 0.00535269 3
0.486409 0.489201 1.76464 4
-0.017009 0.00286381 -0.0166069 3
1.18313 0.484074 1.38139 3
0.15031 -0.135206 0.274523 3
-0.739434 0.0891017 -0.786248 3
-1.62729 0.392275 -1.84607 3
-0.593953 -0.0592045 -1.38964 3
-1.07554 0.0374845 -2.24029 3
0.575913 0.248071 0.915306 3
0.253597 0.159653 0.597858 3
1.20805 -0.535082 2.0769 3
2.86354 -1.33616 5.34857 3
0.00542364 -0.0388701 -0.0979116 3
-0.0834582 -0.227718 -0.106588 3
-0.0140472 -0.0992021 -0.019559 3
-0.0348952 -0.0138624 -0.126232 3
-0.0722701 0.0203976 -0.0969805 3
-0.20849 0.366207 -0.553658 3
-0.324715 0.178511 -0.0253128 1
0.0178146 0.648597 -1.6114 1
0.71419 -0.0505852 -0.37636 1
-0.0947022 -0.140513 -0.0136267 1
-0.460069 -0.10485 0.211051 1
-0.0289122 -0.0326734 -0.647197 1
-0.203797 0.210732 -0.231059 1
-0.130399 0.131071 0.0586132 1
0.616146 0.270732 0.38149 1
0.256085 -0.0266903 -0.11637 1
-0.146879 -0.0861539 0.0550546 1
-0.296174 0.898517 -0.295544 1
-0.584764 -0.215091 -0.668753 1
-0.186068 -0.59135 0.686901 1
0.093201 -2.3118 0.0324368 1
-0.116878 -0.234326 0.394967 1
0.264732 -0.420373 0.107857 1
0.0510807 -0.0538031 -0.0904292 1
-0.485524 0.559285 -0.0285478 1
0.0846606 -0.531473 0.247387 1
-0.0285347 0.449022 0.292326 1
0.108519 -0.344211 0.14275 1
-0.0813669 -0.00823909 -0.158174 1
0.553799 0.963176 -0.130755 1
0.205608 0.168483 0.116397 1
0.271246 -0.0395471 0.282385 1
0.0688374 -0.0136207 0.553557 1
0.772964 0.0180591 -0.292871 1
-0.081889 0.189088 -0.0422605 1
-1.14626 -0.279373 0.283738 1
