# 1 = ball
# 2 = lepton
# 3 = photon
# 4 = PID > 100
# 5 = neutrino
# 6 = other
-0.00151569 -0.0130047 -0.794664 3
0.828824 -1.32677 -6.526 4
2.25734 -0.60234 -8.84836 4
-0.482181 -0.64795 -1.7945 4
-0.604391 -1.59018 -0.344626 4
-0.419547 -0.446492 0.765393 4
-1.06116 1.67065 8.13468 4
-1.24027 1.2602 5.05031 4
2.78874 -0.768205 -12.1428 4
-0.463545 -0.738234 -0.619483 4
-0.283965 -0.358048 -0.307385 4
0.218967 -0.689895 0.196697 4
-0.091022 -0.00144646 0.269213 4
0.0243477 -0.678351 0.367371 4
-0.777629 0.608394 3.70378 4
-3.07616 2.70824 14.8261 4
-0.967065 1.20499 4.56378 4
0.511854 -0.138257 -0.309102 3
0.449014 -0.131018 -0.430331 3
1.93464 -0.666189 -6.93232 3
0.12325 -0.079171 -0.465458 3
0.0944053 -0.151711 -0.297733 3
-0.0376912 -0.0855863 -0.260085 3
-0.0802861 0.023229 0.0284084 3
0.00365069 0.136647 0.0947694 3
-0.0672772 0.0775244 0.0443205 1
-0.229478 -0.263135 0.623891 1
0.0516795 0.271791 1.28069 1
-0.0798344 0.100661 0.281655 1
-0.139532 0.232514 -0.305992 1
0.138489 -0.123913 0.0424685 1
-0.00820326 0.00527722 -0.0837431 1
-0.289331 -0.127154 -0.243301 1
0.786587 1.28103 0.432191 1
0.188291 0.0458888 0.000180824 1
