# 1 = ball
# 2 = lepton
# 3 = photon
# 4 = PID > 100
# 5 = neutrino
# 6 = other
-1.95613 0.738318 -1.66778 4
1.28199 0.571818 2.54633 4
-0.0465634 -0.0374953 -0.168223 3
-0.0305599 -0.016268 -0.0469019 3
-0.0859144 -0.00368219 -0.181149 3
0.0920997 0.0701561 0.0697383 3
-0.00539699 0.175096 0.0579728 3
0.125913 -0.0131369 0.295179 3
-0.863193 -0.426016 -1.24617 4
-1.56046 -0.85147 -2.16233 4
-0.542377 -0.162942 -0.219021 4
0.0846822 0.404715 0.144357 5
-1.21946 -0.384024 -1.74459 2
-0.0364396 -1.04534 -2.54183 5
-0.180758 -0.796067 -0.353451 2
-0.999706 -0.684777 -2.27103 4
-0.276924 0.0345998 -0.545878 4
0.0970707 -0.0981882 -0.206512 4
-1.66565 -1.04022 -2.8473 4
-0.473211 -0.313402 -0.92069 4
-1.13797 -0.194725 -1.67353 4
0.360641 -0.0109293 1.36704 3
0.133411 0.0706652 0.416535 4
-0.344144 -0.302194 -0.613034 4
-0.134934 0.000331397 -0.167328 4
-0.455604 -0.0502523 -1.29519 3
-0.0402098 0.0137522 -0.045052 3
0.100994 0.0244823 -0.129147 4
0.334565 0.175067 0.0388818 3
0.410524 0.0575633 0.0455182 3
-0.279082 -0.0864241 -0.629364 4
-0.0827895 0.041156 -0.545586 4
-0.115977 -0.0417967 -0.44894 3
-0.11702 0.0906338 -0.408028 3
0.810215 0.882732 3.90446 4
0.539732 -0.253327 1.86709 4
-0.506794 0.206958 -1.36995 4
-0.110536 -0.0188997 -0.253772 3
-1.33636 0.217768 -3.44159 3
-0.200933 0.113446 -1.10876 3
-0.479315 0.161581 -1.81971 2
-0.16971 0.0575324 -0.643715 2
2.56819 0.554362 7.78342 3
0.956487 0.132703 3.22352 4
0.0236105 0.0344742 0.019763 3
0.0731213 -0.118796 -0.0133379 3
-0.116123 -0.0401711 -0.0293508 3
-0.202736 -0.150984 -0.268672 3
-0.0595302 0.0690197 -0.0673179 3
0.0264787 -0.0281688 -0.104468 3
-0.115322 0.0414321 -0.122185 3
0.0216594 -0.0198146 -0.0994224 3
0.427892 0.496529 -0.504041 4
0.317795 -0.26203 -0.470139 4
0.235422 0.177023 -0.437272 4
-0.0444138 0.17466 -0.00834433 4
1.24365 0.296634 3.9529 4
0.899743 -0.203114 3.14216 4
1.13123 0.431372 2.69314 3
1.68743 0.498682 4.13954 3
-0.117468 0.0236663 -0.120496 3
-0.0053402 -0.0388946 -0.162236 3
0.848509 -0.873191 0.034309 1
-0.130424 -0.859688 -0.24213 1
-0.316392 -0.194509 0.170399 1
0.256268 -0.283006 0.37007 1
0.994667 0.376442 0.10789 1
-0.0136287 0.961167 -1.25057 1
-0.886902 0.317309 -0.530415 1
0.342539 0.256233 -0.0472968 1
0.0788349 -0.0983807 -0.140407 1
-0.248717 0.347274 0.199309 1
0.00624974 -0.118678 0.0800102 1
0.0700968 0.104519 -0.268523 1
-0.10832 0.121529 -0.191278 1
1.24141 0.598729 0.121178 1
-0.00366204 -0.0011252 0.0027239 1
