# 1 = ball
# 2 = lepton
# 3 = photon
# 4 = PID > 100
# 5 = neutrino
# 6 = other
2.42491 -0.421708 -14.9826 3
0.00675351 -0.019201 0.338523 3
-0.852959 1.42398 0.432881 4
-2.85641 3.76003 2.26961 4
-1.1932 0.6538 0.191625 4
-0.282803 0.944186 0.0316651 4
0.0956772 -0.199523 0.0423159 4
2.0512 -2.48117 0.260538 4
-1.51863 2.06615 0.568866 4
-2.30791 1.63264 1.37114 4
-0.0134291 -0.137757 0.177625 4
-0.249512 0.126747 0.225724 4
0.03084 0.111559 0.65528 4
0.0644707 -1.46255 0.572335 4
0.25616 -0.361847 0.221904 4
-0.526287 0.588834 0.684814 4
3.43914 -5.31403 1.04549 4
-0.283239 0.494297 0.259556 3
-0.855613 1.15038 0.513691 3
0.0998506 0.758339 -0.42286 4
-0.0588807 0.380654 0.0437196 4
0.0173162 -0.0911442 -0.0374298 4
-0.081967 -0.105774 0.14325 4
0.0273439 0.0309431 -0.0215775 3
0.259814 -0.0577191 0.0728458 3
0.0648722 -0.0223295 0.018247 3
0.204457 -0.205292 -0.17013 3
0.474044 -0.725612 0.188757 3
0.702598 -1.02543 0.109548 3
6.54622 -7.51031 2.00117 3
0.369505 -0.610232 0.062509 3
0.214954 0.249584 -0.0205801 3
0.00630008 0.101914 -0.0449974 3
0.22772 -0.11011 -0.123116 3
-0.0148857 0.00343308 -0.0264977 3
-1.25561 1.3501 0.61095 3
-0.124427 0.0790156 0.0557203 3
-0.32019 0.50576 0.15714 3
-1.1668 1.49498 0.656277 3
-0.0125008 0.0545886 0.0149298 3
-0.806364 0.885329 0.46624 3
-0.07826 0.0359057 -0.0139064 3
-0.108304 0.191437 -0.227978 3
-0.218703 -0.47013 -0.0821605 4
0.136012 -0.192631 -0.111118 4
0.0460314 -0.00661067 0.0059694 3
-0.16341 -0.117695 -0.222334 1
0.285389 -0.224486 -0.261886 1
0.0713041 -0.144522 1.19583 1
0.822774 0.371705 0.147375 1
0.523484 0.256473 -0.340872 1
-1.2242 -2.04109 0.167181 1
0.195817 0.071098 0.143011 1
0.332364 0.236254 0.182008 1
-0.240156 0.139056 -0.140537 1
-0.222186 0.357272 1.23368 1
0.0261508 -0.05712 -0.0266452 1
0.0487352 0.066688 0.274573 1
-1.94224 0.618822 0.517182 1
-0.201744 -0.0942127 0.50464 1
-0.667175 0.0318662 0.136253 1
-0.0352378 0.340304 -0.458498 1
-0.0112249 -0.401551 -0.34406 1
0.178541 0.288645 0.0309739 1
-0.409874 0.489782 -0.700981 1
0.0624358 -0.0626128 -0.0633108 1
0.0814454 0.250696 0.326856 1
0.415856 0.55888 -0.157052 1
-1.20806 1.22444 0.330679 1
0.129098 0.32511 -0.316407 1
0.288645 0.0656113 0.237053 1
0.226215 0.234186 -0.339102 1
0.234944 0.129198 -0.249297 1
0.00159868 -0.0340114 -0.00868603 1
-0.194646 -0.422018 0.0495905 1
0.0160435 -0.000257619 -0.0330847 1
