# 1 = ball
# 2 = lepton
# 3 = photon
# 4 = PID > 100
# 5 = neutrino
# 6 = other
-0.00142015 0.000250161 -0.190327 3
3.68471 -3.94118 1.90379 4
1.65599 -0.503973 1.73748 4
-0.562548 0.879765 -0.237568 4
0.844301 -0.988163 0.369855 4
0.0823185 0.151647 0.0983259 4
-0.100417 0.100408 -0.767169 4
0.00975077 -0.00611634 -0.0107536 3
0.0747454 0.0054928 -0.775797 4
0.177138 -0.0242301 -0.175033 4
0.0626331 -0.103259 0.184473 3
0.655742 -0.991866 1.14949 3
0.293615 -0.336341 0.30879 3
0.229156 -0.436549 0.446689 3
-0.0373612 -0.0230387 -0.00596922 3
-0.00598887 -0.388266 -0.208448 3
3.72837 -4.13522 3.11342 4
0.0190285 -0.246409 -0.458834 3
-0.0689793 -0.102208 -0.355402 3
-0.119195 0.312142 -0.0799278 3
-5.64574 4.25185 -2.77233 4
-2.35645 2.03418 -0.847719 3
-3.16169 2.93419 -1.13901 3
5.63743 -5.32347 1.25873 4
0.404653 -0.339649 0.142853 4
3.99715 -3.80021 1.81674 4
-1.77788 1.54079 -0.900919 3
-3.82239 3.50546 -1.83943 3
2.21381 -2.21105 0.915379 4
0.247065 -0.35857 0.146982 4
0.0681042 -0.154839 -0.00104981 3
0.241461 -0.140114 0.00764692 3
-2.06971 1.59265 -0.741056 3
-0.272448 0.528223 -0.207813 3
-2.87023 3.59522 -1.78739 4
1.89127 -1.66068 0.827436 3
0.925696 -0.766269 0.305017 3
-3.2563 4.73326 -1.64004 3
-1.02262 1.55714 -0.600344 3
0.084791 -0.0861271 0.0143038 1
-0.0332367 -0.0338379 0.0286654 1
0.00962451 0.0101545 0.00872509 1
0.0287671 -0.20276 -0.0387994 1
-0.0108202 -0.154574 0.232289 1
0.107061 -0.036027 -0.213798 1
-0.0439699 0.0209697 0.00655317 1
0.0998838 -0.0607811 -0.0522101 1
0.00518877 -0.0490305 0.139393 1
-0.0128521 -0.0662688 -0.113742 1
0.0587039 -0.22673 0.175791 1
-0.0620533 0.0450633 -0.099005 1
-0.00490277 0.018919 0.00446082 1
-0.00372166 0.0322341 -0.0114852 1
0.0150189 0.0841817 -0.00720224 1
-0.0227485 -0.219521 0.326746 1
0.0442768 0.186773 -0.0138385 1
-0.29167 0.253041 0.548134 1
-0.024955 -0.319177 0.069948 1
0.0643337 0.0633273 0.00987097 1
0.000216405 -0.00187586 -0.00369722 1
0.000284949 0.00105141 -0.00186598 1
