# 1 = ball
# 2 = lepton
# 3 = photon
# 4 = PID > 100
# 5 = neutrino
# 6 = other
-0.00168293 -0.00727006 -0.00270725 3
4.54416 -1.57614 1.11671 4
1.15543 -0.601915 0.57276 4
0.566828 0.0225066 0.638847 4
0.501377 -0.187661 0.172898 4
-0.568246 -0.586374 -0.582803 4
-1.85489 -1.82595 -1.76566 4
0.0580864 -0.0262918 0.0585228 4
-0.0565048 0.29455 0.235912 4
-1.65038 -0.243184 -0.691253 4
-1.01237 0.555502 -0.15058 4
5.08038 -1.45962 0.79256 4
1.44329 -0.784996 0.363688 4
2.51794 -0.101251 0.388914 4
1.65297 -0.115878 0.567777 4
1.22506 0.150498 0.0350976 4
-0.318893 -0.596272 0.250454 4
-0.491759 -0.330348 -0.0831726 4
-1.16923 -0.3766 0.0795373 4
-0.12128 0.222572 -0.0273292 4
-1.0926 -0.208048 -0.838814 4
-0.237568 0.096113 -0.463654 4
-1.23258 0.562184 0.234887 4
-0.698656 0.372562 0.480086 4
-7.8637 3.44224 -0.943512 4
-0.843028 -0.139543 -0.322192 4
0.502263 -0.213694 0.32011 3
0.227112 -0.0561134 -0.22331 3
-0.813311 -0.622119 -1.13617 3
-0.342544 -0.338273 -0.435146 3
-0.143662 -0.0216208 0.023612 3
-0.484043 0.156243 0.18411 3
-0.974701 0.552149 -0.0472601 4
-0.357358 0.158972 -0.148809 4
2.74451 -0.918051 0.831254 3
4.15823 -1.56012 1.22682 3
0.735696 -0.400215 -0.0551817 3
0.204261 -0.200037 -0.0187942 3
0.883658 -0.252855 -0.167339 3
1.52239 -0.56708 -0.167186 3
-1.53064 1.00952 0.169714 3
-0.0755913 0.046901 0.0388561 3
-0.842837 0.47148 -0.0315004 3
-2.09726 0.973575 0.0395884 3
-3.23135 1.86375 -0.470507 3
-0.431131 0.307297 -0.0661963 3
0.240851 -0.193877 0.515469 1
0.228959 -0.101811 0.168581 1
0.430061 0.138003 0.231831 1
0.113035 -0.0956065 -0.0964261 1
0.332657 0.0494525 0.321376 1
-0.384177 1.02508 -0.0249993 1
0.246264 0.0671406 -0.234337 1
0.677806 -0.14004 -1.28626 1
-0.221459 -0.0353919 0.0683956 1
0.44447 0.613345 -0.554646 1
0.480221 -0.628378 0.184993 1
-0.298398 0.948623 0.128174 1
-0.388058 -0.0161331 0.0522621 1
-0.370991 -0.0143406 -0.285027 1
-0.855491 0.376269 -0.471414 1
0.163326 0.251229 0.107795 1
0.22376 0.0893837 0.161995 1
0.648159 -0.681178 -0.694349 1
-0.230694 -0.290662 -0.0453251 1
-0.199696 -0.0704683 0.104694 1
-0.137973 -0.123636 -0.0313074 1
-0.0930275 0.256871 -0.182021 1
0.116139 -0.354495 -0.110628 1
-0.0499387 1.08524 0.968653 1
-0.0193512 0.0483404 -0.084906 1
0.109577 -0.0817757 0.229109 1
-0.190783 -0.549668 0.0464475 1
-0.359491 0.354133 -0.496884 1
-0.096598 -0.0527544 -0.268322 1
-0.246249 0.804242 0.0107767 1
0.28835 0.0983869 0.144822 1
0.574541 0.130524 1.02684 1
-0.361631 0.152852 0.410992 1
