# 1 = ball
# 2 = lepton
# 3 = photon
# 4 = PID > 100
# 5 = neutrino
# 6 = other
-0.480654 1.21446 -4.16579 3
-0.00158395 0.0722639 -3.64553 3
0.62706 2.91189 4.17144 4
0.680611 2.39852 2.61014 4
-0.294047 1.01568 0.742833 4
0.360416 1.14416 0.927039 4
0.19382 3.62394 0.95055 4
-0.145009 1.38401 0.000815575 4
-0.812978 -4.66686 -0.495213 4
-0.624421 -1.19064 -0.144816 4
0.0327882 -0.746208 -0.295749 4
-0.0736191 -0.365565 0.208836 4
0.992611 0.635488 1.29614 4
0.574132 3.95731 0.809414 4
0.0130271 0.228495 0.0661657 4
-0.052512 5.07093 0.934744 4
-0.602826 -6.46201 -1.59296 3
-0.954787 -5.01666 -1.28086 3
-0.479683 -3.49335 -0.964823 3
-0.550659 -3.34341 -0.827654 3
-0.0314019 -0.111352 0.0193342 3
0.00737518 -1.2391 -0.0669398 3
-0.406026 -1.49606 -0.402058 4
0.0389163 -1.82498 -0.507105 4
0.755809 1.49106 0.286934 3
0.551409 1.06066 0.0908425 3
0.0392112 0.212634 0.0919493 3
0.082937 3.11316 1.5072 3
-0.0146086 0.355672 0.292608 4
-0.190093 0.754276 -0.0503403 4
-0.0710858 -1.3799 -0.340494 3
-0.0815488 -0.514061 -0.193023 3
0.0860858 -0.109629 -0.341603 3
0.0958236 -0.0776029 -0.0877123 3
-0.0524802 1.01633 0.0930218 3
0.0675832 0.571732 0.0817127 3
-0.0124031 -0.295004 -0.159121 3
0.00967949 0.00951478 0.00682886 3
-0.0631135 0.967609 0.0841057 3
0.0238174 0.0770826 0.0334476 3
0.494748 0.679335 0.0764914 1
-0.06976 -0.125695 -0.047102 1
0.0226363 0.147568 -0.0200615 1
-0.103135 -0.0572974 -0.0174716 1
0.290476 -0.0830671 0.176456 1
-0.116932 0.0202481 0.0238531 1
-0.0107738 -0.227825 0.231451 1
0.0881393 -0.156182 -0.0574032 1
0.232363 -0.0763651 0.165103 1
0.0126102 -0.313336 -0.261716 1
0.0326289 -0.113525 -0.148525 1
-0.001614 -0.086452 -0.134909 1
-0.126482 0.0767334 0.210872 1
-0.170719 -0.053122 0.0304365 1
0.252907 0.0295966 -0.185612 1
-0.0447062 -0.00714847 -0.0341384 1
0.0881016 0.0578772 -0.0982927 1
-0.0805343 -0.0443142 0.0256023 1
0.0190153 -0.00136558 -0.0415036 1
0.210806 0.0436147 0.112392 1
-0.115132 -0.196898 -0.110646 1
0.140705 0.0322323 -0.0676976 1
-0.0251131 -0.475199 0.0660055 1
-0.0261768 -0.112995 0.0467573 1
-0.0215898 -0.0952673 0.0639355 1
0.142796 -0.04804 -0.0560413 1
0.0861102 0.103804 0.250321 1
-0.17806 0.0580431 -0.0701689 1
0.0206887 -0.0538723 0.0672183 1
0.043745 -0.0966034 -0.0864303 1
0.0668257 -0.0249944 -0.0216093 1
-0.0259222 -0.125179 -0.109974 1
-0.106264 0.102881 0.0234243 1
-0.215014 0.0472669 0.0147649 1
0.0274391 0.0525593 0.0429813 1
-0.0855988 0.0180567 0.0329787 1
0.0432962 -0.0393716 -0.00956122 1
-0.085896 0.0865989 0.0239504 1
0.049274 0.161292 -0.0185177 1
0.00653783 -0.0580786 0.16808 1
