# 1 = ball
# 2 = lepton
# 3 = photon
# 4 = PID > 100
# 5 = neutrino
# 6 = other
1.20838 0.22294 -2.46855 4
0.204142 -0.0423092 0.0570254 4
0.0816382 -0.315346 0.382531 4
0.265961 -0.50091 1.02454 4
2.021 -0.564143 2.57776 4
-0.773579 -0.297368 1.10608 4
-0.0527746 -0.359969 0.012642 4
-2.31982 0.998782 0.806463 4
0.731621 -0.0392133 -1.03469 4
0.54085 -0.0129454 -1.22744 4
2.6138 -0.811421 -4.46544 4
0.859828 -0.00721072 -1.00931 4
1.94505 -0.147677 -2.99783 4
0.897452 -0.158346 -0.645471 4
0.178545 -0.119804 0.112208 4
0.0493755 0.107775 -0.403018 4
0.229703 0.162694 0.665414 4
0.611995 0.215955 0.719489 4
-0.713322 -0.417406 0.483093 4
-0.0801585 -0.595152 -0.0893155 4
-0.322645 -0.119441 0.0621031 4
-1.18021 0.392963 1.27776 4
-3.19183 1.77731 1.51807 4
-0.222957 -0.0402782 0.0867375 4
-1.41483 1.31485 0.759587 4
-1.17273 0.651987 0.170221 4
0.774332 -0.0201101 -0.72694 4
0.823197 -0.322422 -0.773952 4
0.516662 -0.362087 1.69582 3
0.424969 -0.417182 1.86812 3
0.436722 -0.949457 0.511371 3
0.193412 0.000332206 -0.0163927 3
0.147185 -0.756768 0.802367 3
-0.0115499 -0.0455514 0.0172004 3
-4.50425 2.27146 0.978987 3
-0.117063 0.0808047 0.0395024 3
0.430937 -0.22427 -0.694834 3
1.4286 -1.02612 -2.42482 3
2.72934 -0.726549 -3.38361 3
0.154934 -0.0414098 -0.246434 3
0.372591 -0.333352 0.240508 3
0.303472 -0.137314 0.210088 3
0.000478162 0.0184514 -0.00307643 3
0.245638 -0.133696 0.178726 3
0.0351015 0.23572 0.742486 3
-0.0410472 0.113116 0.189656 3
-0.1159 -0.135833 0.234252 3
-0.372563 -0.137235 0.500089 3
-0.137922 -0.0321015 0.0753943 3
-0.527616 -0.048871 0.605883 3
-2.55781 1.20183 0.548946 3
-0.875857 0.326789 0.193375 3
-0.431713 0.187704 0.161936 1
-0.113484 0.298584 0.365134 1
-1.33871 0.0176141 -0.904791 1
-0.127542 -0.0565585 -0.105768 1
0.0550394 -0.0723378 -0.00890021 1
0.295444 0.0210288 -0.345324 1
-0.407151 -0.0134513 -0.218901 1
0.453652 -0.263429 0.707007 1
-0.00233425 -0.253565 0.485563 1
-0.598533 -0.297024 -0.218692 1
0.243294 0.941978 0.668847 1
-0.299481 -0.267007 0.287032 1
-0.26483 -0.3532 0.501305 1
0.235736 -0.0792161 0.137253 1
0.0735456 -0.00631767 0.0760635 1
0.229912 0.412276 0.333969 1
-0.00299748 0.369622 -0.0871238 1
-0.529893 0.132406 -0.241092 1
0.872501 -0.0781125 -0.0236652 1
0.369231 -0.0969697 0.299693 1
-0.0345357 -0.0136192 -0.045359 1
0.0660164 0.327579 0.455798 1
-0.00542957 -0.265663 0.137766 1
-0.111723 0.630334 0.184535 1
0.129533 0.132166 -0.0867975 1
-0.00545632 0.000820811 0.0170292 1
0.380406 0.0752254 -0.298823 1
0.111941 -0.419417 -0.38196 1
0.523628 -0.0682699 0.185088 1
-0.419331 0.708272 0.0856358 1
-0.59637 -0.736892 -0.20429 1
-0.0276924 0.0650077 0.0086075 1
-0.0291778 0.0314658 -0.0205512 1
-0.289784 0.196693 0.125407 1
0.218118 -0.187351 -0.581179 1
0.627693 -0.71487 -0.293834 1
