# 1 = ball
# 2 = lepton
# 3 = photon
# 4 = PID > 100
# 5 = neutrino
# 6 = other
0.00162899 0.00199584 -0.0231143 3
0.24516 -0.986815 -0.295795 4
3.53078 -5.74897 -2.27483 4
1.34794 -0.976384 -0.0844878 4
-0.0362432 -0.164198 -0.0534743 4
1.03373 1.22622 0.524131 4
2.83679 3.49062 1.46036 4
0.948924 2.67403 0.757207 4
0.153485 0.168846 0.231645 4
-0.167728 0.0239037 0.0853902 4
-1.03716 0.316057 0.63769 4
-1.32218 1.30862 0.322813 4
-5.7882 1.46572 2.09384 4
-4.92485 1.73762 1.3552 4
2.98298 -4.67414 -1.9219 4
1.80938 -2.07376 -0.580009 4
0.265011 -0.104038 -0.258981 4
0.0970149 -0.409903 0.184415 4
0.017861 -0.149244 -0.421253 4
0.362342 0.0326667 -0.361952 4
1.14227 1.33598 0.306379 4
2.21355 5.66075 0.526605 4
0.0463672 1.05371 -0.153569 4
-0.430944 0.305963 -0.239663 4
-1.99319 0.679356 0.951384 4
-5.40868 1.77841 1.54086 4
0.188938 -0.0579788 -0.135344 4
0.83239 -0.594256 -0.314209 4
1.391 0.760988 0.189043 4
0.879952 -1.39417 -0.464843 3
2.47764 -3.81285 -1.0591 3
-0.978979 0.50233 0.109627 3
-0.711214 0.386277 -0.0336086 3
0.397789 -0.50526 -0.0652339 3
0.288744 -0.446258 0.0584901 3
0.579426 -0.477852 0.0451273 3
0.334042 -0.346914 -0.0640549 3
-0.127752 0.0448796 0.0465463 3
-1.4636 0.218063 0.153291 3
-0.508013 0.265348 0.342726 3
-0.547569 0.28559 0.214499 3
-0.0675207 -0.0197504 -0.419177 1
-0.968538 -0.535158 0.101797 1
-0.18936 -1.53535 -1.26843 1
0.342244 0.157461 -0.0420922 1
0.454271 0.0308996 -0.455888 1
0.346895 -0.12123 -1.02402 1
-0.167933 0.0736557 0.421988 1
-0.306038 -0.21882 -0.355839 1
-0.729733 -0.156517 -0.761894 1
0.00267147 0.0529961 -0.0096477 1
0.427417 0.100597 -0.146684 1
-0.128595 -0.269166 0.726704 1
-0.125082 -0.113588 -0.183243 1
-0.403276 0.0679947 0.104208 1
0.432454 -0.0786975 0.0057381 1
0.0948618 -0.279039 -0.0904088 1
0.0264296 0.0427483 0.0650312 1
