# 1 = ball
# 2 = lepton
# 3 = photon
# 4 = PID > 100
# 5 = neutrino
# 6 = other
-3.52607 0.900806 31.174 2
0.610187 5.72178 -32.9065 2
0.983837 -2.61783 2.91413 4
0.480859 -0.355388 0.438044 4
1.16197 -1.06113 0.10241 4
-0.283042 0.125681 0.808674 1
-0.189612 -0.129564 0.06977 1
0.256312 -0.97785 -0.177777 1
-0.650599 0.163154 0.32031 1
0.109901 0.258437 -0.0147989 1
-0.105429 -0.0601082 -0.0509171 1
-0.059786 -0.0965143 -0.502378 1
0.185314 -0.145955 0.111711 1
-0.546439 -0.246458 0.415526 1
0.252685 0.132627 0.520749 1
0.0708988 0.459451 -0.470112 1
-0.0580903 1.18928 -0.188089 1
-0.112094 -0.194766 -0.0493542 1
0.479367 -0.428381 -0.244646 1
-0.210395 -0.990842 -0.154725 1
0.086533 -0.166345 -0.00870367 1
-0.111135 -0.756254 -0.00871478 1
0.592356 -0.429464 1.08495 1
-1.26917 0.446143 -0.03399 1
0.315093 -0.306938 -0.125983 1
-0.0582729 -0.361904 -0.114986 1
0.653745 0.0957302 -0.0834431 1
0.156835 -0.17166 0.10638 1
-0.276441 0.155102 -0.709523 1
-0.454796 -0.102831 -0.106461 1
-0.0733924 -0.0133641 -0.145152 1
0.442232 -0.0536582 -0.328751 1
0.157915 -0.107349 0.0919478 1
-0.0508005 -0.0569385 -0.0127877 1
-0.0547817 -0.142751 -1.27686 1
0.608852 0.145647 -0.253891 1
0.0647476 -0.0456524 -0.122374 1
0.420713 0.226067 -0.0676839 1
