# 1 = ball
# 2 = lepton
# 3 = photon
# 4 = PID > 100
# 5 = neutrino
# 6 = other
-0.882917 5.63934 5.97961 4
-0.425436 1.40412 1.90815 4
-0.579019 0.42077 0.685479 4
-0.197228 1.10534 0.735034 4
0.0114544 -0.0569579 0.348858 4
0.0630057 0.690133 0.246397 4
0.240698 -0.135759 -0.110307 4
1.71152 -6.37844 -8.01182 4
-0.688472 1.27502 1.9442 4
-0.326827 1.03801 0.770252 4
-0.770661 0.398471 -0.120112 4
0.0849757 -0.136266 0.0858107 4
0.501148 -0.888704 -1.02732 4
-0.118952 1.24362 1.45898 4
-0.227311 0.462043 0.94322 3
-0.366628 0.810948 1.29463 3
-0.00331774 -0.0469731 -0.128907 3
-0.0592425 -0.794774 -0.997519 3
0.827819 -3.30416 -4.08489 3
0.208251 -0.635123 -0.746374 3
0.324369 -0.935881 -1.22473 4
0.275327 -0.0640966 0.0746911 3
0.215309 0.0655553 0.0289275 3
-0.0989486 -0.0806594 0.0374412 3
0.0241547 -0.0655736 0.0932174 3
-1.91091 4.21808 6.03256 4
-0.310169 1.1005 1.69979 3
-1.80829 6.91165 10.0764 3
0.363095 -0.73308 -1.01001 4
1.15577 -2.17145 -3.09482 4
1.46278 -6.25405 -8.79993 4
1.09761 -3.47729 -4.23362 3
0.207042 -0.624369 -0.853268 3
