# 1 = ball
# 2 = lepton
# 3 = photon
# 4 = PID > 100
# 5 = neutrino
# 6 = other
-0.00205914 -0.00105552 -0.000586113 3
0.0317144 2.96557 0.417532 4
0.0395461 3.78782 0.225241 4
-0.345051 0.498743 -0.151701 4
-0.23371 2.22454 -0.620707 4
0.534162 0.94532 0.671073 4
0.487558 -0.706138 -1.51937 4
0.93733 -3.09622 -0.85575 4
0.883033 -3.17466 -0.523912 4
0.337123 -1.99869 -0.0860973 4
-0.000816312 -1.38825 -0.75578 4
-0.644073 10.5857 1.19841 4
0.16484 9.4143 1.33056 4
0.206436 0.869366 -0.182696 4
0.240281 -2.58199 -0.590872 4
-0.17038 -0.379857 -0.207098 4
-0.399866 -1.19641 -0.215872 4
0.445071 -3.11849 0.14031 4
-1.01821 -8.91793 0.619768 4
-0.604655 7.57977 1.30251 3
-0.185742 1.60081 0.253105 3
-0.00954177 0.0376591 -0.0407099 3
-0.297378 0.474512 -0.0440287 3
-0.572531 -5.11835 -0.257666 4
-0.819325 -8.1972 -0.378049 4
0.0135528 -0.0441434 0.0547435 3
0.127362 -0.111093 -0.0550049 3
0.164824 -0.517302 0.0493527 3
0.266465 -1.038 -0.0820617 3
0.227277 -0.0808662 -0.0945322 1
0.0172912 -0.0291277 0.0476057 1
0.299754 0.27483 0.0431928 1
-0.18473 -0.0762913 0.0566384 1
0.067887 -0.0348442 -0.121839 1
-0.020694 -0.0111921 -0.0133369 1
-0.0677431 0.0133602 0.0586873 1
-0.00335843 -0.00254553 -0.00551526 1
0.0095497 0.0367149 0.358752 1
0.040487 -0.0122263 0.0983189 1
0.189077 -0.0213648 -0.193472 1
-0.0420565 -0.00953091 0.0395001 1
-0.0374546 -0.0341612 0.00502208 1
-0.142323 0.25743 0.039081 1
0.054923 0.0273729 0.0676961 1
-0.070797 0.156971 -0.0969497 1
-0.0812033 0.15551 -0.0745465 1
0.136486 0.0278239 0.098886 1
-0.015002 -0.0333633 -0.00893779 1
0.154617 -0.171258 0.0857383 1
-0.125599 0.149643 -0.0756433 1
0.0183442 0.0197555 -0.00850648 1
-0.00068659 -0.000974182 -0.000494395 1
