# 1 = ball
# 2 = lepton
# 3 = photon
# 4 = PID > 100
# 5 = neutrino
# 6 = other
-0.00708368 -0.00158463 0.0136154 3
-4.15505 0.775108 1.5265 3
3.91222 -0.223299 -0.623973 4
4.61802 -0.442307 -0.741057 4
0.752025 0.496546 0.0653085 4
-0.189107 -0.034048 -0.0219306 4
-1.53132 0.601333 -0.177938 4
-5.76304 1.15745 0.460477 4
-1.1231 -0.124438 0.399776 4
3.29336 -0.439157 0.140968 4
3.888 0.0220139 -0.616256 4
0.726365 0.3666 -0.0949045 4
0.137698 -0.468845 0.299543 4
0.176283 0.468132 -0.299824 4
-0.184619 -0.188207 -0.0755968 4
-0.0210414 -0.183212 0.100062 4
-0.463846 0.768755 0.246408 4
-1.46097 0.849548 0.393154 4
-0.315328 -0.115708 0.0597563 4
-0.669032 0.180744 -0.288502 4
-1.2576 -0.49083 0.291319 4
-0.164629 0.0616899 -0.0557845 3
-2.10282 0.467451 -0.309727 3
-1.22987 -0.178461 0.229141 4
0.841624 -0.319797 0.21492 3
0.0473621 -0.0126769 0.0476056 3
-0.0324511 -0.0422793 0.0159575 3
-0.441416 -0.229421 -0.203053 3
2.99816 0.235936 -0.471878 4
1.49039 -0.0290769 -0.281027 4
0.777404 0.0275963 -0.101749 3
0.94948 -0.114645 -0.142185 3
-4.91469 -1.03591 1.04662 4
-2.83158 -0.0112063 0.18007 4
7.26236 -0.272439 -0.574576 4
0.75348 -0.0811072 -0.0283174 3
0.515684 -0.0600019 -0.132201 3
4.49134 -0.599435 -0.67822 3
0.339379 -0.0678356 -0.0822211 3
-3.7179 -0.435454 0.479384 4
-5.27981 -0.519551 1.02457 4
0.253925 0.0932724 0.0436762 1
0.117244 -0.0202014 -0.00457701 1
0.0304178 -0.184437 0.111571 1
-0.0799681 0.18317 -0.13087 1
0.0136367 -0.0299056 -0.085536 1
0.0733528 0.0622286 -0.0104265 1
-0.147176 0.118895 0.0139015 1
0.0175985 -0.0156002 0.0436744 1
-0.00775935 -0.161017 0.0534475 1
-0.279998 0.202028 -0.132676 1
-0.0302951 -0.346841 -0.220162 1
-0.12666 -0.00487103 -0.0880458 1
0.022843 0.131533 0.0102498 1
-0.0453476 0.0196468 0.0168732 1
0.00631863 0.0273749 -0.0262838 1
-0.0410897 -0.0517899 -0.0204273 1
-0.131593 0.00710864 0.131663 1
-0.00440904 -0.0682399 0.0977003 1
0.117789 0.022013 -0.16338 1
-0.00638464 -0.078879 0.00464903 1
-0.101332 -0.157108 0.12466 1
0.0595771 0.116423 0.10852 1
-0.0118585 0.0145709 -0.0430092 1
0.169486 0.0246173 -0.116276 1
-0.00726534 0.0794166 0.159571 1
0.088364 -0.0796669 -0.0013634 1
-0.0346922 -0.0476513 0.110506 1
0.146913 -0.232135 -0.330091 1
-0.106607 -0.115044 -0.154041 1
-0.0358425 0.0148107 0.0562071 1
0.033819 0.0238151 0.038276 1
-0.264416 0.209953 -0.252448 1
0.260908 0.111794 0.0325519 1
0.196896 0.0461925 -0.13351 1
0.0429599 -0.0139682 -0.0287878 1
0.00552942 -0.00442238 -0.0105767 1
-0.214246 0.395563 -0.208411 1
-0.11956 -0.0410133 -0.0308698 1
0.0196932 0.0832505 0.028478 1
0.0149188 -0.0294874 0.0032675 1
-0.0364478 -0.0390884 -0.165963 1
-0.0124431 -0.0309435 -0.0557813 1
-0.0365941 -0.0509869 -0.0325015 1
0.0752789 0.0580669 0.0202682 1
0.000196499 -0.000416016 0.00212136 1
