# 1 = ball
# 2 = lepton
# 3 = photon
# 4 = PID > 100
# 5 = neutrino
# 6 = other
0.0031682 -0.000599889 -0.0236078 3
-6.55542e-06 -0.000679441 0.000113633 3
0.235634 -0.160456 0.451749 4
0.426814 0.358628 0.896192 4
0.283721 -0.220698 -0.398955 4
-0.308373 -0.286853 -0.950101 4
0.0334022 -0.745267 0.544081 4
0.182895 -0.0399837 -0.0558035 4
-0.187123 0.0671929 0.891754 4
2.48191 2.7168 9.03621 4
1.15858 0.541356 2.22278 3
-0.585315 -0.44133 -1.47343 4
-0.186747 -0.463437 -0.952922 4
-0.00852544 0.0988028 0.0218351 3
-0.147682 0.0599155 0.0768431 3
0.195001 0.217537 0.644528 5
-2.63213 -0.793638 -5.22373 4
-0.527755 -0.239454 -1.4553 4
-0.78549 -0.349679 -1.6812 3
-0.288232 -0.19048 -0.827826 3
-0.458104 -0.185307 -1.3563 3
-0.166986 -0.0186909 -0.304173 3
5.50956 3.26449 9.33442 5
0.690778 0.101612 1.19069 2
1.78927 0.422225 3.91038 5
-4.9207 -2.91718 -12.8893 3
-0.666804 -0.408706 -1.64585 3
-2.18559 -0.895335 -4.14416 3
-0.0565144 -0.028804 -0.161709 3
0.161293 -0.29581 0.0541517 1
-0.250774 0.309734 0.212519 1
-0.0272073 0.184635 0.00288426 1
-0.0721194 0.473719 0.150409 1
0.252717 0.880562 0.101743 1
0.0330156 -0.0155933 0.0875877 1
-0.794196 -0.366008 -0.469623 1
-0.122071 0.0789114 -0.325452 1
0.0162445 0.537953 0.304511 1
-0.103938 0.126309 -0.0650427 1
-0.0544594 -0.115851 0.016213 1
-0.098279 -0.00139728 0.420024 1
-0.682472 -0.32502 0.619878 1
0.33207 -0.290161 -0.00989759 1
-0.376666 -0.0668292 0.0832901 1
0.0456902 -0.525946 0.692315 1
0.492493 1.35122 0.160418 1
-0.068087 0.0265136 -0.0151656 1
0.346743 0.322076 -0.568196 1
-0.11002 0.183501 0.308508 1
-0.211388 -0.150077 0.451963 1
0.193483 0.25955 -0.102607 1
0.552781 0.0995441 0.192105 1
0.247332 -0.0763225 0.123517 1
-0.209866 0.169318 -0.0294517 1
0.794709 -0.0799232 0.43368 1
0.00346332 -0.469232 0.526373 1
0.289697 -0.0470981 -0.348002 1
0.177808 0.541964 0.160174 1
-0.124205 -0.179983 -0.0702769 1
-1.0658 -1.23958 0.955549 1
0.238357 -0.0153831 0.257342 1
0.188219 -0.0454773 -0.126753 1
0.261793 -0.529518 -0.0445643 1
0.786765 -0.338226 0.11686 1
0.078224 0.165931 0.065822 1
