# 1 = ball
# 2 = lepton
# 3 = photon
# 4 = PID > 100
# 5 = neutrino
# 6 = other
0.461731 -0.488637 -0.503893 4
0.688152 -0.700058 -1.07458 4
0.562981 -0.506612 -1.68156 4
0.530264 -1.8545 -1.25577 4
0.0531362 -0.238216 -0.0575866 4
0.235212 -0.728763 -0.798159 4
0.411846 -0.410686 -0.491551 4
0.157821 0.668479 0.0118823 4
-1.71608 1.71807 3.57201 4
-0.0752905 0.348945 0.83207 4
2.51546 -2.18273 -5.20228 4
0.898532 -0.98884 -1.5272 4
1.27251 -1.4893 -3.49818 4
2.02402 -3.03158 -5.37606 4
0.220881 -0.227033 -0.466393 3
0.258802 -0.458977 -0.597293 3
-0.00375529 0.028957 -0.0688879 3
0.0837328 -0.0270926 0.018592 3
1.27944 -0.974117 -1.74593 4
0.934631 -1.16179 -1.935 4
0.808504 -1.11337 -0.785787 3
-0.00115037 -0.0307574 -0.0196967 3
0.224185 0.332307 0.156321 3
0.00104489 0.0819644 -0.00746349 3
0.374305 0.149083 0.905365 3
0.0832444 -0.0305051 0.200312 3
0.0589666 0.447103 0.394647 3
-0.00184013 0.291499 0.134339 3
-0.0965924 0.104327 0.473555 3
-0.461374 1.01451 3.28773 3
1.4274 -1.87135 -2.42476 3
1.40579 -1.69518 -2.13464 3
-0.248892 -0.381939 -0.255045 3
-0.123597 -0.0747074 -0.130613 3
-0.240632 0.248317 0.373224 3
-0.152432 0.287083 0.225952 3
-0.0625298 0.0688072 0.0667782 3
-0.228286 0.736649 0.81822 3
-1.69013 1.5496 2.71908 3
-0.105282 0.101703 0.125314 3
0.0589652 -0.0812274 -0.0997581 3
-0.0174931 0.0202173 0.0184431 3
-6.69017 7.76028 11.1336 4
-1.67469 1.54977 2.15435 4
-0.438854 0.585148 0.691274 3
-0.453746 0.42848 0.682815 3
-0.308365 0.370758 0.48978 3
-1.03711 0.974511 1.23581 3
-0.398539 0.498644 0.662079 3
-0.495859 0.429393 0.779263 3
-0.00768159 -0.0264139 0.0131093 3
-0.0985214 0.137385 0.275471 3
-0.00944943 0.0221529 0.00423447 1
-0.00991395 0.0109564 -0.00554104 1
-0.0975587 0.0664807 0.0446537 1
0.0709933 -0.0610473 -0.189248 1
0.229335 -0.262284 -0.101336 1
-0.380902 0.0364371 0.131235 1
0.026177 -0.0275306 -0.129671 1
-0.021567 0.0713322 0.104041 1
0.00058744 -0.0179796 0.00813672 1
0.0436762 0.0296775 -0.0340871 1
0.0917591 0.157556 -0.23154 1
-0.121534 -0.135995 -0.13627 1
0.0503636 0.0640658 0.186174 1
-0.116276 0.129555 -0.0679207 1
-0.0132453 0.0693643 0.123154 1
0.02123 -0.137951 -0.111275 1
-0.13748 -0.136021 0.0570651 1
0.00406609 0.0379982 -0.0197872 1
-0.064891 -0.0165827 0.0523556 1
0.0329949 -0.0350996 -0.0821984 1
0.136007 0.118168 -0.0120126 1
0.0299073 -0.0567074 0.0972905 1
0.0330608 -0.0841546 -0.000793532 1
