# 1 = ball
# 2 = lepton
# 3 = photon
# 4 = PID > 100
# 5 = neutrino
# 6 = other
-11.7958 -1.19758 33.4272 2
-1.04285 2.44249 -24.4235 2
2.09083 0.700709 -1.26415 4
4.11827 -0.306977 -2.68107 4
2.65459 0.646355 -1.65638 3
0.594207 0.088059 -0.32818 3
-0.44144 -0.934636 -0.411177 1
-0.154568 0.386991 -0.00207969 1
0.905412 -0.184925 -0.169589 1
-0.245629 -0.159948 -0.386237 1
0.307841 0.242687 0.0903354 1
-0.153052 -0.624664 -0.171817 1
0.69313 -0.302315 0.320273 1
0.452227 -0.347528 0.574035 1
0.0649914 0.132059 -0.00753684 1
-0.0966502 -0.387655 -0.10556 1
0.21736 0.138046 0.214434 1
0.204171 -0.0793378 -0.122072 1
0.0568829 -0.813777 -0.631012 1
0.573029 -0.111715 -0.253796 1
-0.979323 -0.509728 -0.304306 1
0.823593 -0.823046 0.0623153 1
-0.148839 -0.822652 -0.221435 1
-0.325482 -0.176869 0.18051 1
0.244827 -0.260455 0.382852 1
0.971565 0.421562 0.133632 1
-0.0478307 1.02752 -1.21253 1
-0.910392 0.362522 -0.50435 1
0.332755 0.27524 -0.036411 1
0.0740248 -0.0887363 -0.135007 1
-0.25965 0.367864 0.211367 1
0.00210356 -0.110503 0.0846429 1
0.0631382 0.118187 -0.260756 1
-0.114507 0.133505 -0.184402 1
1.21148 0.657018 0.154495 1
0.0662207 0.0975744 -0.368718 1
-0.00662716 0.00465179 0.00602558 1
