# 1 = ball
# 2 = lepton
# 3 = photon
# 4 = PID > 100
# 5 = neutrino
# 6 = other
-0.000866206 -0.00034202 -0.701481 3
-0.278884 0.39773 0.0155713 4
0.105679 0.518715 -0.135363 4
-1.04986 0.402807 -0.831301 4
1.21843 -1.16096 -0.200191 4
0.519163 -1.25272 0.0633615 4
-1.12586 1.22622 -0.12068 4
-0.000249675 0.270879 0.224327 4
0.430166 -0.13834 0.267605 4
0.451058 -0.301507 -0.0498528 4
-0.326063 -0.265388 0.257537 4
0.372325 -0.555062 0.110155 4
-0.0291476 0.0241029 0.0187929 3
-0.538758 0.366272 -0.0423479 3
-0.0776789 0.128621 -0.0189608 3
0.0529292 -0.158721 -0.0034392 4
0.378918 -0.111121 -0.109376 4
0.0693643 -0.198212 0.00563855 3
0.249991 0.160087 0.0383226 3
0.108119 0.204591 0.0122425 3
-0.148105 0.0759379 0.00161942 3
0.0145775 0.0404418 0.0427498 3
0.25175 -0.40184 0.654921 3
-0.00280654 -0.00056798 0.0557925 3
0.348685 -0.303173 -0.396788 3
0.129634 -0.123826 -0.283942 3
0.113 0.0373761 -0.0132517 3
0.0345409 -0.0635384 0.0428954 3
4.23778 -7.23381 -0.035725 5
-0.653493 0.807189 0.0559051 4
-3.85061 7.34981 0.419537 4
-1.75118 2.74035 0.366191 4
1.39107 -2.54355 -0.310512 5
2.69854 -3.86453 0.679525 2
6.98457 -10.2662 -0.190844 5
0.251474 -0.455206 -0.0129414 4
-1.91443 2.54128 0.0226613 4
-0.233633 0.186624 -0.080637 3
-0.19929 0.322313 -0.187497 3
-4.42294 7.55116 0.450374 4
0.287633 -0.79619 0.051422 4
1.10496 -1.82842 0.135896 4
-3.33331 5.01067 -0.342411 4
-2.02932 3.36123 0.221578 4
1.27674 -1.88561 -0.211804 4
0.049395 -0.49629 0.164536 3
0.070076 -0.300173 0.00208959 3
0.143358 -0.631003 -0.0888416 3
0.415186 -1.17545 -0.0516731 3
-0.557423 0.881302 -0.0500345 3
-1.2352 1.90599 0.0886469 3
