# 1 = ball
# 2 = lepton
# 3 = photon
# 4 = PID > 100
# 5 = neutrino
# 6 = other
0 0 -0.000172854 3
0.561849 -3.25411 -0.401012 4
-0.074022 -1.73515 -0.961817 4
0.158684 0.221938 0.0154335 4
-0.299996 1.99882 0.855157 4
-1.13036 5.06178 2.83356 4
0.313706 -4.7533 0.208818 4
2.03379 -7.26358 -5.79784 4
0.521162 -4.27327 -3.51567 4
0.33998 -0.609454 -0.416131 4
-0.243297 -0.485049 0.0387724 4
-0.137169 0.181309 0.385198 4
0.188448 0.330093 -0.394349 4
-0.437655 1.11991 0.373332 4
-0.318253 3.18602 2.72722 4
0.159689 0.686744 0.635571 4
-1.02102 4.48176 2.2185 4
-0.570417 2.57711 1.26745 4
-2.48493 14.2723 9.19355 4
0.368754 -0.942059 -0.390159 4
0.13526 -0.358706 -0.237352 4
0.649719 -6.16933 -5.62342 3
0.132218 -1.75324 -1.52771 3
0.058051 -0.384002 -0.618627 3
-0.067183 -0.255151 -0.364342 3
-0.064363 -0.0954691 0.0310081 3
-0.0409555 -0.258376 0.269207 3
-0.024493 0.383406 0.277242 4
-0.0159169 1.22133 0.632568 4
0.658707 -3.2857 -1.83495 3
0.21246 -0.882512 -0.56775 3
0.0773084 0.287288 0.169926 3
0.119569 0.118502 0.160208 3
0.122485 0.0136611 -0.079856 3
-0.020429 0.0539816 -0.0209235 3
0.0575697 -0.410991 -0.252882 3
-0.0401689 -0.0496114 -0.022676 3
0.0124576 0.649896 0.475054 3
0.108755 0.373203 0.259863 3
