# 1 = ball
# 2 = lepton
# 3 = photon
# 4 = PID > 100
# 5 = neutrino
# 6 = other
0.804446 -0.607417 -1.12674 4
0.653676 -1.62166 -1.54113 4
1.40005 -3.87325 -3.97971 4
1.91154 -2.76892 -3.7068 4
-2.69834 2.72353 5.37574 4
1.79536 -1.63855 -2.10299 4
2.85788 -2.83697 -6.08894 4
0.130644 -0.0332137 -0.67485 4
1.30633 -1.18016 -1.73556 4
-4.70383 6.0934 9.95307 4
-1.85197 2.34303 3.3355 4
-1.90419 2.32227 3.40671 4
0.302408 0.0735035 0.713873 4
-0.350089 -0.303938 0.507613 4
1.71152 -1.43488 -2.34852 4
0.22208 -0.238424 -0.6721 4
1.20337 -1.37379 -2.98932 3
0.55423 -0.672696 -1.26236 3
0.399727 -0.659236 -0.556847 3
1.27476 -1.95431 -3.0209 3
0.0797065 0.0865425 0.104511 3
0.00402462 0.123043 0.309681 3
0.462628 -0.465975 -1.22509 3
0.523461 -0.566965 -1.76999 3
-4.46102 5.82153 8.43593 3
-0.125775 0.199455 0.254598 3
0.0422302 0.0834539 0.0779805 3
-0.0942028 0.348603 0.382027 3
-1.1194 1.50016 1.52851 3
-0.331239 0.511825 0.41611 3
