# 1 = ball
# 2 = lepton
# 3 = photon
# 4 = PID > 100
# 5 = neutrino
# 6 = other
-0.0126602 0.0106024 -0.644176 3
5.63984 5.26747 -2.89396 4
3.106 2.46217 -0.811397 4
2.34052 1.86067 -0.976956 4
2.20362 1.6307 -0.722122 4
0.0257369 -0.165689 -0.100071 4
-1.43317 -0.0928617 1.59636 4
-12.8844 -6.53921 6.5324 4
0.227106 0.225121 -0.383846 4
5.81425 5.40251 -3.66825 4
0.522738 0.645207 -0.205526 4
0.661085 0.577439 0.0713491 4
0.332 0.485233 -0.268558 4
-3.25222 -1.93481 2.32364 4
-2.78095 -1.56698 1.1978 4
4.81824 1.36353 -0.936329 4
0.267308 0.156853 -0.0476637 3
-0.13737 -0.104253 -0.0746218 3
0.429056 -0.21044 0.205421 3
-0.61432 -0.321914 -0.0820584 4
-1.25745 -0.974774 0.438409 4
-3.65854 -2.14375 1.86282 4
-1.85129 -0.827553 0.679541 4
-1.53338 -0.822723 1.08519 4
-0.219586 -0.140965 0.0489619 4
1.31525 0.75401 -0.827372 3
0.713299 0.475039 -0.374468 3
0.0980882 0.0730948 -0.157316 3
0.497631 0.198943 -0.350688 3
0.141873 -0.0224767 0.178638 3
-0.0086483 -0.0635512 0.0956225 3
-0.0545817 0.00955932 0.0598415 3
-0.09569 -0.0598593 -0.0573821 3
-0.293854 -0.161886 0.165396 3
-0.508033 -0.114223 0.167697 3
-0.194767 -0.105738 0.131231 3
-1.30378 -0.674211 0.48828 3
0.00188637 -0.126855 -0.160813 1
-0.0245709 -0.0325979 -0.0423233 1
0.711558 0.135174 -0.487839 1
-0.00873655 0.0708576 0.00709438 1
-0.076801 -0.106234 -0.828291 1
-0.503703 -0.628819 -0.140577 1
0.200424 -0.223201 0.0326128 1
-0.071934 -0.424035 0.0196873 1
-0.457162 -0.0476967 -0.201757 1
1.0483 -1.45396 -0.413321 1
0.00648104 -0.292374 0.050204 1
1.08196 -0.425737 -0.442733 1
0.2664 -0.307092 0.11366 1
0.00987444 -0.164375 -0.317701 1
-0.188114 0.260741 0.0736326 1
0.392988 -0.413498 -0.297623 1
0.231668 -0.351956 0.253744 1
0.213476 0.305423 -0.460292 1
-0.210084 0.260539 -0.149975 1
0.317141 -0.584601 -0.353214 1
