# 1 = ball
# 2 = lepton
# 3 = photon
# 4 = PID > 100
# 5 = neutrino
# 6 = other
0.433276 1.24934 -29.1901 3
-0.34823 0.48302 0.414501 4
-2.27502 2.43763 2.6726 4
-2.55075 1.38502 2.66211 4
-0.178291 0.67337 0.814058 4
0.134763 0.252545 -0.119497 4
0.331828 1.07496 0.222022 4
-0.677834 0.612209 0.78926 4
0.0182864 -0.0818684 0.5103 4
0.00198355 -0.073472 -0.00780861 3
1.69583 -0.493252 0.729148 3
0.123832 -0.0585959 0.0913579 3
-3.67229 3.97531 5.93345 4
-4.77189 3.57424 4.56709 4
0.11934 -0.108029 0.140016 3
1.01 -0.905418 0.70442 3
0.999212 -0.667458 0.629419 4
7.17537 -6.89151 5.55507 4
2.52093 -1.96888 1.29909 4
1.12802 -1.00078 1.17737 4
0.136302 -0.399761 -0.00613954 1
0.377389 -0.176273 0.348586 1
0.322382 -0.217536 0.117345 1
-1.24483 -1.67776 -0.475161 1
-0.194554 -0.122356 0.576816 1
0.122258 0.390617 0.298334 1
-0.0829468 -0.140156 0.0673374 1
0.0717292 0.0242007 -0.100184 1
-0.00600697 0.14233 -0.469643 1
0.953029 -0.722454 0.142833 1
-0.21794 -0.157151 -0.117787 1
-0.178122 -0.0784522 0.0838779 1
-1.48747 -0.754603 0.411995 1
-0.17718 -0.0523323 -0.0530101 1
0.315066 0.26189 0.189968 1
-0.0418819 0.243401 -0.317113 1
0.114394 -0.0319782 -0.291963 1
