# 1 = ball
# 2 = lepton
# 3 = photon
# 4 = PID > 100
# 5 = neutrino
# 6 = other
-0.281134 -1.12308 14.6119 3
-0.154233 -0.348252 -0.244034 4
0.469951 -0.348947 0.018305 4
0.841386 -2.07698 1.25363 4
-0.693206 0.984265 -0.870981 4
0.0106556 0.24563 -0.476895 4
1.06671 1.16925 -1.74407 4
0.156799 0.192923 -0.00761364 4
1.32939 1.58733 -0.31511 4
-0.2984 -1.15053 0.691523 4
-0.285537 0.743032 -1.29966 4
-0.0211908 -0.0345176 -0.076156 3
-0.1099 0.0106681 0.0185506 3
-0.243266 0.238189 0.331667 4
0.13124 -0.086873 0.119982 4
-0.0103918 -0.227524 0.151185 3
0.25288 0.586038 -0.240211 3
0.0497629 0.0893558 -0.102216 3
0.16918 -0.337161 -0.0729201 3
0.0586413 -0.0246306 0.0213557 3
0.320366 1.782 -3.80268 4
0.0345193 0.146296 0.0129285 3
0.0481384 0.0884314 0.135426 3
-1.05848 3.48062 -5.00945 4
-0.127007 0.938331 -1.41058 3
-0.893834 7.39004 -11.7547 3
0.0977604 -0.0667229 0.105502 3
-0.674021 -1.179 0.177063 4
0.57143 -2.34027 0.905251 4
0.122324 -1.06619 0.829996 4
0.327073 -3.35434 1.9346 4
0.0524591 -0.693187 0.352061 3
0.0242046 -0.0323714 0.0512519 3
-1.37547 1.85704 -2.22166 4
-0.0146214 0.00249191 0.0340759 3
-0.0200175 0.163665 -0.085387 3
0.241208 -0.619856 0.464722 4
-0.0452202 -0.432382 0.430003 4
0.112621 -1.26254 0.781839 3
0.585391 -4.81106 2.74177 3
0.0350542 -0.17619 -0.0686539 3
0.130383 -0.955334 0.937334 3
-0.38716 0.208788 0.273839 1
0.45778 0.278612 0.0642494 1
0.431144 -0.525639 0.33847 1
0.0124955 -0.287634 0.40136 1
-0.214576 0.0704942 0.085371 1
0.793676 1.18529 0.0562632 1
-0.320875 -0.233206 -0.522852 1
-0.788774 -0.054162 0.782862 1
-0.206217 -0.532007 0.309997 1
-0.029859 -0.000626751 0.084631 1
0.849402 -0.600708 0.125195 1
-1.49587 1.12641 0.692045 1
0.0172357 0.0590671 -0.0973012 1
-0.105911 0.203709 0.0830714 1
0.0539025 0.153951 0.0138579 1
