# 1 = ball
# 2 = lepton
# 3 = photon
# 4 = PID > 100
# 5 = neutrino
# 6 = other
0.00414278 0.00684283 0.0310498 3
0.298073 -0.34047 0.97212 4
0.405571 0.522783 0.715409 4
5.23221 -1.8471 0.862231 4
-0.407456 0.519783 -1.26726 4
-0.117077 0.200918 -1.13445 4
-0.826615 0.298666 -0.977185 4
-1.46892 0.341548 -1.73133 4
-1.31339 2.01216 -2.07237 4
0.268698 -0.967554 0.289793 4
0.259386 -0.787372 0.505033 4
1.06518 -0.728513 0.862694 4
-0.373153 0.335523 2.35403 4
-1.68491 3.29667 8.57004 4
-0.999349 1.49586 4.35378 4
0.646444 -0.180533 -0.160745 4
1.25319 -0.803578 -0.342131 4
-0.543616 -0.0553277 -0.167571 4
-1.5858 3.29351 -3.94133 4
-0.0250826 0.0257632 -0.0457877 4
2.30669 -4.48786 2.46449 4
1.57601 -2.52786 1.33968 4
0.13135 -0.00480264 0.0851284 3
0.0446252 0.0669154 0.164122 3
-0.818811 0.131988 1.27439 3
-0.177978 0.0892271 0.357894 3
0.937975 -0.369476 0.492387 3
1.00841 -0.522555 0.648662 3
0.142093 -0.178744 0.284727 4
0.807856 -0.138605 0.426667 4
0.27315 -0.0982687 -0.357079 4
0.079127 0.0479462 0.0969519 4
0.000191999 -0.0177479 0.0110967 3
0.0971104 0.165771 -0.125064 3
-0.423746 -0.259648 -1.03607 4
-0.198728 -0.0924011 -0.145826 4
-0.590949 0.203202 -0.823228 4
-0.785431 0.0992479 -1.47948 4
-0.177226 -0.0925195 -0.388051 3
-1.14407 -0.308045 -2.77993 3
-0.514476 -0.00136821 -0.4329 3
-1.65699 -0.185779 -1.62076 3
-0.26686 0.541609 -0.533995 3
-0.947299 1.52554 -1.79795 3
-0.381746 1.40367 -2.40131 3
-0.386201 0.605895 -0.672785 3
0.181214 -0.249173 0.0623908 3
1.4568 -1.48831 0.602981 3
0.589242 -0.0936742 0.526375 3
0.0429991 0.00102271 -0.000244338 3
0.0285057 -0.0841885 -0.14907 3
0.048893 -0.174242 -0.0496072 3
-0.419327 0.106922 -0.719543 3
-0.595647 0.207227 -0.779105 3
0.361775 -0.539105 0.350815 3
0.0700227 -0.0280656 0.0278495 3
-0.126925 0.0225397 0.195139 3
-0.0282128 0.11514 0.174559 3
-0.0634697 0.0328341 0.068056 3
-0.0907688 -0.056983 0.376251 3
-0.00372488 -0.00655861 0.0530938 3
-0.504972 0.326521 1.0961 3
0.130613 0.0190671 0.0777826 3
0.0829947 0.104515 -0.0170803 3
0.3434 0.0581558 -0.245486 3
0.161955 0.124847 -0.182418 3
-0.0877401 -0.39349 -0.895147 3
0.00191124 0.00556056 0.00100334 3
-0.162416 -0.0281422 -0.233288 3
-0.438714 -0.21734 -1.06922 3
