# 1 = ball
# 2 = lepton
# 3 = photon
# 4 = PID > 100
# 5 = neutrino
# 6 = other
0.211721 0.855822 -0.750031 4
0.364464 -0.202838 0.344776 4
0.0251382 0.457878 -0.196567 4
1.15264 0.266269 0.267244 4
-0.379886 0.411274 0.105714 4
1.51853 0.926517 1.25774 4
0.644845 1.10746 0.584621 4
0.812735 1.46649 1.21408 4
-0.205515 -0.25112 1.14535 4
0.347867 0.020532 0.871437 4
0.311166 0.281651 0.397537 4
0.157508 -0.437559 0.357178 4
-0.360555 -0.432475 1.3924 4
0.0627225 0.136419 -0.426109 3
-2.18657 -2.45712 4.5208 4
0.797714 0.122831 -0.363413 3
0.0323448 -0.0228599 -0.0219194 3
-0.257954 -0.0596751 0.678196 3
-0.159757 -0.14265 0.731937 3
-0.0496686 2.75059 -9.90759 5
3.35886 3.31735 -16.6039 2
-0.704451 -1.39385 3.80043 2
-0.537361 -0.931961 2.23467 5
-0.402414 0.887174 -1.98087 4
-1.07167 -2.98078 5.63175 4
-0.173428 -0.303413 0.663176 3
-0.0249416 -0.0793654 0.0581841 3
-1.81635 -1.29369 2.84973 4
0.276415 0.323596 -1.36684 4
0.078894 0.0705523 -0.520827 3
0.238365 0.633192 -3.9392 3
-0.387599 -0.551327 0.595353 4
-0.385003 -0.581418 1.11165 3
-0.639737 -1.20634 1.93423 3
-0.259274 -0.798382 1.64764 3
-0.493568 -1.01821 2.26757 3
-0.286203 0.990844 0.19667 1
-0.561318 -0.304046 -0.403837 1
0.096614 0.212763 0.0527523 1
0.0769677 0.0272831 -0.230279 1
0.108201 0.127919 -0.0999027 1
-0.235293 -0.0971098 0.0995809 1
0.392379 0.533478 -0.743133 1
-0.0451482 -0.40957 0.287815 1
0.557742 0.0296697 0.253234 1
-0.000168022 -0.00179633 0.000949063 1
