# 1 = ball
# 2 = lepton
# 3 = photon
# 4 = PID > 100
# 5 = neutrino
# 6 = other
-0.0206244 0.0519578 0.13502 3
0.000224116 -0.00061139 -0.000158863 3
0.738237 -2.36908 -2.22631 4
2.74592 -5.17031 -5.29903 4
0.459683 -0.895271 -0.595064 4
0.120851 -0.283328 -0.474973 4
-0.088186 -0.107299 0.0570888 4
0.632608 -1.7589 -1.6203 4
0.508529 -0.0688963 -0.571009 4
-0.41621 -0.154624 -0.431252 4
-0.0625069 -0.060106 0.060682 4
0.0107816 -0.207036 -0.189152 4
-0.579183 0.78051 0.523611 4
-0.0392998 0.386392 -0.0912716 4
-0.234978 0.664889 0.832429 4
0.445739 -0.849291 -0.809836 4
-0.135712 0.127838 -0.0661034 3
-0.815518 1.61433 1.31641 4
-0.846605 1.83764 1.74689 4
1.13861 -2.14758 -1.61826 3
0.255139 -0.359016 -0.289409 3
-0.323942 0.915545 0.498322 3
0.000258509 0.119133 0.0898096 3
0.0849004 -0.173329 -0.0963193 3
0.459711 -0.404503 -0.32885 3
-0.814537 1.47904 1.1602 4
-0.830575 1.73275 1.58318 4
-5.4103 9.01111 9.2845 2
-1.17928 2.72624 2.37811 5
-0.233343 0.435647 0.488024 3
-0.484148 0.827222 0.703592 3
1.99451 -3.85281 -3.46247 4
2.69832 -4.2973 -4.21532 4
0.323666 -0.505523 -0.63138 4
0.303614 -0.793553 -0.3967 4
-0.305411 0.414225 0.353559 3
-0.78028 1.46564 1.13413 3
-1.18167 2.62368 1.94654 4
0.516055 -0.912794 -0.780924 3
0.55917 -1.30598 -1.07909 3
0.17128 -0.0491129 0.210301 1
0.0210316 -0.0670871 0.0707632 1
-0.199039 0.173918 0.0448826 1
-0.226644 0.288745 0.341695 1
0.244249 0.122567 -0.147549 1
-0.107921 0.00979747 -0.0619377 1
-0.00685533 0.249881 -0.0773776 1
-0.0306069 -0.0688801 -0.0385324 1
0.0220068 0.33029 -0.0514286 1
-0.0432862 0.0829479 0.0869189 1
0.269209 -0.348183 -0.170573 1
0.293214 -0.182421 0.182018 1
0.0839564 -0.244613 0.229554 1
0.139515 0.125202 -0.119122 1
0.044817 0.0725026 0.141209 1
0.0549845 0.0575698 -0.111394 1
0.0219768 -0.0842081 -0.0396356 1
-0.10064 0.0433113 -0.0693682 1
0.344024 -0.100215 -0.0829353 1
0.102636 0.00969757 0.335199 1
-0.0238278 0.00369802 -0.0298981 1
0.12161 0.197382 -0.0581086 1
0.0721373 -0.0778561 0.190215 1
0.0152173 0.0137338 -0.0626114 1
0.0552231 -0.152715 0.0107052 1
-0.0545755 -0.109016 -0.0391007 1
0.12145 -0.0179899 0.0487764 1
-0.175748 0.0177141 0.184896 1
0.0563056 -0.183106 -0.157219 1
0.0483377 -0.232344 0.110084 1
0.00174418 0.0101177 -0.00313149 1
-0.0105338 0.0664545 -0.0735448 1
-0.325066 -0.29564 -0.0260171 1
0.00140086 0.0329485 0.00328019 1
-0.163387 -0.0626308 0.0473811 1
0.0157491 -0.0602627 0.036117 1
-0.0824499 0.0486126 0.123474 1
0.0104754 -0.0206175 -0.000522775 1
0.00517276 -0.137767 0.00530941 1
-0.00135066 0.000922422 -0.00168633 1
