# 1 = ball
# 2 = lepton
# 3 = photon
# 4 = PID > 100
# 5 = neutrino
# 6 = other
-0.00625681 -0.0033671 -0.00168203 3
0.000666431 0.00120691 0.002137 3
0.231339 -0.135001 1.17918 4
1.25486 0.685521 3.19189 4
1.05818 0.155739 1.11938 4
1.65956 0.694596 2.36524 4
2.83342 -0.258063 3.59669 4
0.658014 0.18769 0.82614 4
2.79011 -0.235662 3.87182 4
0.0269885 -0.643739 0.691419 4
0.634556 -0.585216 0.54886 4
-1.03765 -0.801843 -1.19318 4
-0.58784 0.205995 -0.104691 4
-0.0624976 -0.104672 -0.549315 4
-0.0802228 1.20945 -2.24978 4
-0.0182532 1.44503 5.5136 4
-0.418044 0.363729 0.523676 4
0.351089 0.102559 0.381927 4
0.369023 0.824794 0.0270488 4
0.224672 -0.479158 0.939679 4
0.263153 -0.0720956 -0.0519733 4
1.10547 -0.477892 1.45797 4
-0.418907 0.00427143 0.178261 4
-1.10151 0.323159 -0.60149 4
-3.11233 -0.44405 -1.48766 4
-0.616029 0.211469 -0.397208 4
-0.176959 -0.171675 -0.86284 4
-1.88514 0.29194 -3.74628 4
-0.125108 -0.103412 -0.343992 4
-0.421765 0.732213 -1.51325 4
-0.28486 0.493191 -2.0915 4
-0.586034 -0.264784 -1.09122 4
-0.671041 0.400344 -2.31573 4
-0.284733 -0.285869 -0.535945 4
-1.20301 0.253371 -0.0249415 4
0.31828 0.397607 0.457822 3
0.0840238 0.259744 0.258769 3
1.1722 -0.516531 1.18461 4
0.550719 0.195744 0.265476 4
3.19449 -1.56678 3.8942 4
0.211905 -0.0588496 0.338064 3
0.131544 -0.0261473 0.142301 3
0.749265 -0.49553 1.01962 3
-1.40076 -0.233403 -3.34801 4
-1.34997 -0.408586 -3.5216 4
0.337135 0.216651 0.403413 3
0.0434364 -0.016473 0.0783222 3
0.0870203 -0.449297 0.712703 3
-0.0404584 -0.0752364 0.153614 3
-0.420143 -0.0185169 -0.32073 3
-0.522309 0.114136 -0.330281 3
-0.480956 -0.0477162 -0.747991 3
-0.613928 0.0839656 -1.04998 3
-0.0727931 -0.00875816 -0.0366499 3
-0.0987787 -0.162841 -0.287357 3
-0.330961 0.0219041 -0.499457 3
-0.157003 -0.0701371 -0.363317 3
-0.27051 -0.0495294 -0.657769 4
-0.253993 -0.0546899 -0.306298 4
-0.141748 -0.221155 -0.748464 3
-0.898815 -0.323991 -3.29941 3
-0.189814 -0.00535854 -0.643833 3
