# 1 = ball
# 2 = lepton
# 3 = photon
# 4 = PID > 100
# 5 = neutrino
# 6 = other
0.492617 0.291817 -0.497034 3
0.000419851 -0.00192913 -0.0951131 3
1.12436 -0.403901 3.98817 4
-0.246506 0.26691 -0.254433 4
0.102001 -0.30387 -0.530657 4
-0.0605293 0.303269 -1.50743 4
-0.426889 -0.267838 -0.468214 4
0.187563 0.120821 -0.136033 4
0.421192 0.515408 2.00545 4
0.0209573 -0.342003 0.649501 4
-0.0610381 0.195135 0.142506 4
-0.0722385 0.469476 -0.00753768 4
-0.226357 0.482724 0.109395 4
0.180896 -0.185224 -0.224994 4
-0.603302 0.329972 -1.02801 4
-0.145626 0.441144 -0.911181 4
-0.0164878 -0.273523 -0.676743 4
0.0524765 -0.0636904 0.50426 3
0.107592 0.14753 0.0102716 4
-0.136925 0.155816 -0.371441 4
-0.0926377 0.0124916 -0.405812 3
-0.0993809 -0.214962 0.21986 3
-0.180492 -0.176 0.400678 3
-0.000432393 0.0219772 0.0130365 3
-0.648296 1.04396 -0.0675213 3
-0.0567438 -0.00436907 -0.0723263 3
-0.152221 0.0324831 0.0391812 3
0.89056 -0.178511 3.5666 4
0.605518 -0.488064 2.89302 4
0.101287 -0.0596913 1.12959 4
0.00584222 0.0777864 0.863143 4
0.031533 -0.00843324 1.00089 4
0.024169 -0.000130478 -0.0280898 3
0.209513 0.491401 -0.317527 3
0.209878 0.0373272 2.5507 4
0.138603 -0.387045 2.48684 4
0.76588 -0.506321 4.577 3
0.279565 -0.143163 1.75923 4
0.199405 -0.18207 0.974051 4
0.409871 0.0555246 1.80241 3
0.416163 -0.539437 -7.20082 4
-1.30592 0.062171 -5.39176 4
-0.503194 0.127627 -4.39743 4
0.0193518 0.0169731 0.0424207 3
0.395733 -0.179716 1.47271 3
-0.0119958 0.00391774 0.377374 4
0.0502434 -0.186283 3.10538 4
0.334645 -0.108914 3.73392 4
0.246627 -0.224693 0.919081 3
0.192565 -0.0401958 0.53715 3
0.248308 -0.262124 -1.32484 4
-0.297289 0.232232 -2.18549 4
-0.148953 -0.00713046 -0.626305 4
-2.16936 -0.052028 -9.81665 4
-0.106647 -0.0594228 -0.392752 3
-0.695872 -0.0852125 -2.93768 3
