# 1 = ball
# 2 = lepton
# 3 = photon
# 4 = PID > 100
# 5 = neutrino
# 6 = other
9.10633 11.9639 25.7819 2
-2.87124 -3.55944 -24.3346 2
0.0054841 0.0060494 0.0845337 3
-0.529806 -0.652608 -4.43554 3
0.00412472 1.78773e-05 -0.0114839 3
-1.67433 -2.84992 0.538342 4
-5.15451 -6.89367 1.09529 4
0.157504 -0.0726329 0.122629 1
0.324666 -0.198384 0.951838 1
-0.0700816 0.501113 0.195865 1
-0.064761 -0.254282 -0.083678 1
-0.245966 -0.223474 -0.133987 1
-0.108966 -0.0664329 0.116622 1
0.217219 0.148327 -0.0441002 1
0.0171727 -0.0672623 0.141127 1
1.79655 1.78737 -0.325267 1
0.175432 -0.0648688 0.225539 1
0.390148 -0.116043 -0.861671 1
0.228504 0.0440886 0.220429 1
-0.620613 -0.588584 0.303566 1
-0.0143199 -0.0649108 -0.253693 1
0.287836 0.352177 -0.34441 1
-0.221989 0.736108 -0.0944144 1
-1.26253 -0.108346 0.751575 1
-0.0198059 -0.0879571 -0.011737 1
0.486971 0.580131 -0.198327 1
-0.0586523 0.183553 -0.361278 1
-0.185903 -0.0480739 -0.315283 1
0.593004 -0.00665562 0.043314 1
-1.03482 0.437386 -0.165059 1
0.50346 0.0532848 0.613556 1
-0.176861 0.242393 0.424482 1
-0.0200068 0.132653 0.0204486 1
0.465915 -0.957909 0.414323 1
-0.513045 0.088179 0.0880839 1
0.366032 0.0706533 0.16211 1
-0.264076 -0.652012 -0.0266853 1
-0.257426 0.145351 -0.24291 1
0.243359 0.0607154 -0.0514944 1
