# 1 = ball
# 2 = lepton
# 3 = photon
# 4 = PID > 100
# 5 = neutrino
# 6 = other
-0.692522 -2.64072 -2.45695 4
-2.31427 -4.42676 -4.53144 4
-2.11432 -3.50941 -2.56553 4
-0.137676 -0.224891 0.533475 4
-0.195932 -0.226135 -0.423405 4
-0.0285104 0.173852 -0.177898 4
0.084827 -0.578628 -0.138251 4
0.325272 -0.344056 -0.0222862 4
0.0518843 0.822501 0.598706 4
0.709325 1.98908 0.711023 4
1.32252 2.58258 2.37696 4
-1.07212 -1.26631 -0.0881772 4
-1.05492 -2.10212 -2.56745 4
-2.02103 -4.0886 -3.81554 4
-0.444173 -1.18087 -1.05244 4
-2.5864 -5.13024 -4.99919 4
0.103815 -0.139749 -0.0959231 3
0.0311297 -0.340373 -0.143976 3
-0.279748 -0.141586 -0.0409605 4
-0.0941256 0.0203741 -0.371548 4
0.766881 2.2284 2.55149 3
0.177783 0.348682 0.4312 3
0.599034 0.886309 0.712275 3
0.685218 1.1441 1.0509 3
0.847408 1.68492 1.56856 4
-0.969004 -2.40042 -2.43629 4
-0.154965 -0.161527 -0.158388 3
-0.142288 -0.231325 -0.0435501 3
1.30609 1.89251 1.8684 4
2.02567 4.11541 4.11519 4
2.24328 5.56661 5.00854 4
0.317735 0.564643 0.481448 3
1.16724 2.65158 2.19483 3
1.35619 2.53474 2.37443 3
0.104324 0.171928 0.212737 3
0.154882 0.00745959 0.153032 1
-0.0289724 -0.122706 -0.0274812 1
0.0279307 -0.132941 -0.014009 1
-0.0329447 -0.408383 0.304155 1
0.027002 -0.0297598 -0.0771958 1
-0.00452319 -0.20414 -0.0245879 1
0.106166 -0.00126232 0.0828277 1
-0.161392 0.150712 -0.0838489 1
-0.0525336 -0.216536 0.00610713 1
-0.157318 -0.0275699 -0.149771 1
-0.0476955 -0.107599 0.0785834 1
-0.0930478 -0.00272239 -0.0910754 1
0.0853403 0.173777 -0.340226 1
-0.0278849 0.255416 -0.373994 1
0.00211795 -0.0217019 0.00359411 1
0.0706626 0.171123 -0.0691277 1
0.290645 0.0916478 0.075069 1
-0.01939 0.0593422 -0.0107024 1
-0.0625504 0.120962 -0.103387 1
-0.000123655 0.000395861 0.0010702 1
