# 1 = ball
# 2 = lepton
# 3 = photon
# 4 = PID > 100
# 5 = neutrino
# 6 = other
0.00327993 0.000823548 -0.0131307 3
0.1972 -0.0213297 -0.0535273 4
-1.40143 2.0428 -0.884696 4
-0.782269 0.783765 0.00114779 4
-1.90416 2.43008 -1.58483 4
-0.407164 1.4834 -0.904669 4
0.546466 -2.83328 1.57385 4
0.0524672 -0.0692272 0.307883 4
-0.513293 -1.2491 0.757848 4
0.0396023 -0.603811 -0.530404 4
-0.373324 -0.0786489 -0.232239 4
-0.562648 1.09143 -0.535328 4
-0.287355 0.21401 -0.428762 4
-0.411145 -1.25614 -0.229443 4
0.0438739 -0.139042 0.0982317 3
-0.188614 0.783573 -0.201692 3
-0.00639856 0.245456 -0.118747 3
-0.0264596 -0.084187 0.0329181 3
0.0851719 -0.532264 -0.0254902 3
-0.349304 0.936287 -1.08044 3
-0.274513 0.879087 -1.18045 3
-0.158825 0.211295 -0.0424437 3
-0.35732 0.522079 0.105343 3
2.29852 -3.76254 2.5226 4
3.22923 -4.56579 2.71005 4
-0.345852 0.849145 -0.341562 3
-0.941153 1.55463 -1.09953 4
-1.45799 3.18893 -1.60931 4
0.360255 -0.441628 0.464742 3
0.38307 -0.468863 0.326051 3
3.18054 -4.81412 3.71102 4
-1.13304 1.5663 -0.848681 2
-0.984688 2.59614 -2.27217 5
-2.07983 5.18222 -2.56539 4
-0.32125 0.55498 -0.315918 3
-0.0724074 0.312238 -0.170213 3
-0.55587 1.7153 -1.4184 2
-0.266134 0.656825 -0.64017 5
-0.0374292 0.0298268 -0.00406789 3
-0.495707 0.757089 -0.623362 3
1.06078 -1.71298 0.982301 4
0.263591 -0.533827 0.282137 3
0.333921 -0.409956 0.302293 3
0.0378235 0.000442194 0.036989 3
0.0687077 -0.297019 0.261381 3
-0.0719715 0.568889 -0.19861 3
5.65634 -9.47272 5.55553 4
0.244189 -0.382945 0.450816 3
0.190635 -0.579521 0.658664 3
-0.486373 0.909834 0.0362257 4
-1.02174 2.24207 -1.02436 4
