# 1 = ball
# 2 = lepton
# 3 = photon
# 4 = PID > 100
# 5 = neutrino
# 6 = other
-0.00227246 -0.00535066 0.00123395 3
-0.00263718 -0.000235559 0.00387461 3
1.00336 0.546345 2.23011 4
0.0455716 0.484128 1.67351 4
-1.02043 0.0301871 1.07721 4
-1.64165 1.31454 1.6077 4
-1.41162 -1.00269 1.32695 4
-1.05939 -3.05257 -0.196582 4
-0.248403 -0.238606 0.167879 4
-0.0362741 -0.0239429 -0.0684568 4
0.305234 -0.332397 -0.532614 4
0.55796 -0.396835 -1.87255 4
-0.179819 0.179614 -6.11781 4
0.576912 1.12574 2.20815 4
2.89091 2.92373 8.00144 4
1.23651 1.22364 3.80307 4
-0.0647672 -0.250946 -0.0382962 4
-0.339594 0.1673 0.889791 4
0.302693 -0.151777 0.37029 4
-0.699653 -0.465665 -0.0317903 4
0.311929 -0.915509 0.438827 4
0.11682 -0.711477 0.0575309 4
-0.404382 -0.904376 -0.121083 4
0.404706 -1.01438 0.0516888 4
-0.0780017 -0.310884 -0.566805 4
-0.128901 -0.521706 -0.546901 4
-0.243376 0.0762035 -3.45722 4
0.340737 0.443609 1.24606 4
0.601056 0.473233 1.1238 4
0.529944 0.637101 1.19016 3
0.403751 0.751661 0.992026 3
0.0208099 1.5081 1.96807 3
-0.108453 -0.128335 0.402326 3
-0.413175 0.128835 0.0266226 3
-0.733081 0.089546 0.811461 4
-0.60527 0.475685 0.704875 4
-0.115238 -0.362386 0.231649 3
-0.00701663 -0.30847 0.294509 3
-0.0630287 -0.418861 -0.392793 3
0.0739573 -0.000217765 -3.648 3
-0.0203721 -0.0890296 -2.72736 3
-0.122899 0.268505 0.155406 3
-0.0986465 0.104836 -0.00817174 3
-0.0904103 -0.0396652 0.444219 3
-0.0227957 0.0332895 0.0283246 3
0.161317 -0.300414 -0.0133724 3
0.49151 -0.759533 -0.245042 3
-0.0130696 0.0486876 0.0372847 3
-0.154154 0.123769 -0.0927564 3
-1.93034 0.53968 -12.298 3
-0.0270169 0.00738374 -0.302859 3
0.0379037 -0.0271743 0.0352918 3
-0.104009 0.0104308 0.0713343 3
-0.0255628 0.0167727 0.0461321 3
0.159568 0.105328 0.130079 3
0.0548031 -0.26908 -0.217829 1
0.35488 -0.00796691 -0.284608 1
0.452004 -0.606562 0.263349 1
-0.13911 -0.226296 -0.0268964 1
0.688502 1.50261 0.440898 1
0.127661 -0.579393 -0.394731 1
0.10382 -0.917776 -0.350545 1
