# 1 = ball
# 2 = lepton
# 3 = photon
# 4 = PID > 100
# 5 = neutrino
# 6 = other
0.00671032 0.00453718 0.263097 3
-1.17344 -2.93438 0.373173 4
-0.0378571 1.16678 0.861326 4
1.91115 2.26907 -1.1462 4
1.56449 1.19226 -1.06995 4
-2.46832 -3.87458 1.57325 4
-0.289038 -0.0854484 0.177634 4
0.146752 -0.293742 -0.336398 4
0.111651 -0.0572494 0.381085 4
0.112592 -0.180253 0.779182 4
0.112426 -0.498256 0.0326867 4
0.411447 -0.197463 0.312282 4
-0.828939 0.773424 -0.177646 4
-0.420011 0.286064 0.264515 4
-0.520685 2.94133 -0.240687 4
-0.161987 0.56579 -0.0329405 4
0.510992 0.645288 -0.600469 4
-0.449232 1.43816 -1.17805 4
1.49033 2.24551 -0.735331 4
-1.23883 -2.43201 0.399128 4
-1.21072 -2.75956 0.765847 4
0.0900314 0.398894 -0.260457 3
0.00920437 0.289423 -0.0757413 3
0.070619 0.0540165 -0.0490162 3
0.725679 0.419269 -0.0450094 3
-0.131554 0.0987408 -0.190615 4
0.128503 0.13617 -0.104645 4
0.313124 0.183902 0.000813994 4
-0.837726 -1.52052 0.299878 3
-0.343121 -0.717348 0.21844 3
0.00538816 0.152001 -0.142582 3
-0.0679487 0.0425404 -0.0118065 3
0.0248536 -0.00373541 0.0325428 3
-0.15303 -0.110764 0.502384 3
-0.328199 -0.284352 0.34386 3
-0.0261179 -0.0413289 0.113556 3
-1.07493 -2.08875 0.93265 4
-1.35787 -2.43528 -0.290293 4
-0.531462 -1.09795 0.557955 4
-0.276242 -0.444789 0.0811986 3
-0.00304008 0.00977568 0.004802 3
-1.06876 -1.92366 0.668613 3
-0.94894 -1.70596 0.461434 3
-0.0277899 0.0224244 -0.707347 3
0.00365602 -0.0533433 -0.126072 3
4.86746 5.43096 -1.27853 4
2.204 2.997 -0.986023 3
2.50422 3.59006 -1.0599 3
0.250369 -0.349135 -0.424199 1
0.0300609 0.0969778 -0.0255321 1
-0.227278 0.61974 -0.674165 1
0.41436 -0.821386 -0.121747 1
-0.015545 -0.111369 -0.117393 1
0.00780958 -0.000671406 0.123108 1
0.415813 0.236321 0.0589502 1
-0.364952 0.634302 0.456096 1
-0.0155132 -0.00651511 0.0153751 1
0.465951 -1.27087 -0.0164063 1
0.866874 -0.309272 1.48417 1
-0.282732 -0.467218 -0.256789 1
0.22674 -0.0178675 -0.0665576 1
-0.0764271 -0.0859644 -0.172933 1
-0.263541 0.0298174 0.337238 1
-0.532333 -0.358251 0.223129 1
-0.0437254 0.0312716 0.226053 1
-0.88062 -0.743999 -0.287775 1
0.0264729 -0.202183 0.414659 1
-0.577877 0.487932 0.332116 1
0.00637985 -0.0157231 -0.353085 1
-0.271318 -0.180567 0.0192516 1
0.158633 0.926917 0.000459553 1
-0.272139 -0.0843627 -0.354075 1
0.0379406 0.145338 0.0441989 1
0.336973 1.50368 -0.24827 1
0.409457 -0.77615 -0.0158059 1
-0.399132 -0.166148 0.116564 1
0.0509149 -0.223521 -0.0120172 1
-0.110644 -0.112624 0.128811 1
-0.707973 -0.237561 -0.121789 1
0.015105 0.191276 -0.364559 1
-0.0302418 0.02195 0.0981596 1
0.00264535 0.00316126 -0.000871086 1
