# 1 = ball
# 2 = lepton
# 3 = photon
# 4 = PID > 100
# 5 = neutrino
# 6 = other
-0.000245013 0.0011032 -0.000113379 3
-0.516307 -2.21583 -0.417286 4
1.0694 1.56743 -0.249017 4
-0.868947 -0.908451 0.577553 4
0.963026 -0.512437 0.341345 4
-0.243011 -0.430197 0.0601725 3
-1.29426 -2.79706 -0.258593 3
-0.190025 -0.550162 -0.0495504 3
0.0766576 1.44175 0.211138 3
0.0497109 0.174035 0.00127597 3
0.145528 0.28358 -0.0105356 3
-0.147951 -0.477718 0.178655 3
0.0186837 -0.268973 0.0958311 3
-5.2315 -12.3281 2.59657 4
5.34281 10.2633 -2.29485 5
-0.89429 -1.42257 0.198901 3
-1.11571 -2.33177 0.184531 4
-0.690259 -1.04943 0.121975 4
0.86981 1.26978 -0.388319 5
1.50769 4.11317 -0.107243 2
0.190355 0.365708 -0.497667 5
-0.234401 -0.986201 0.138537 2
-3.428 -4.82 0.969581 5
0.195424 0.61142 -0.138425 3
0.244728 0.45694 -0.034844 3
-2.13564 -3.86688 1.1163 4
-1.21677 -2.50468 0.356522 4
7.03706 14.9143 -3.16872 4
0.458124 1.89608 0.0857899 3
0.0521587 0.172604 -0.0319161 3
-0.0670063 -0.363311 0.11909 1
0.552413 -0.707557 0.640584 1
0.082407 0.174714 -0.0533591 1
-0.0062769 0.0184826 0.0236336 1
-0.280908 -0.0576018 -0.217545 1
0.203073 0.161628 -0.27546 1
0.637778 0.0279324 0.364954 1
-0.383961 0.163761 -0.12939 1
-0.647406 0.196684 0.117335 1
-0.103963 0.324493 -0.177443 1
