# 1 = ball
# 2 = lepton
# 3 = photon
# 4 = PID > 100
# 5 = neutrino
# 6 = other
0.17058 0.308728 0.284729 4
0.193842 -1.34545 -0.565837 4
0.638766 -0.425755 -0.275771 4
-0.202321 -0.0557775 0.00749548 4
-0.156449 -0.453367 0.344025 4
0.403922 -1.09585 1.77111 4
-0.112356 1.16644 -1.82704 4
0.274475 1.5452 -1.45387 4
-0.208112 0.379784 0.525336 4
-0.576704 -0.227807 0.761694 4
0.121137 -0.226707 0.243874 4
-0.365039 1.79898 -2.07213 4
0.0319035 0.136976 -0.0320648 3
0.0707514 0.212691 -0.251076 3
-0.132082 -0.212208 0.09615 3
-0.0853366 -0.484441 0.1573 3
0.0188233 -0.0507689 0.272637 4
0.152588 -0.791286 0.638473 4
-0.323461 -1.82238 0.847164 5
1.87465 -6.31262 8.66122 2
-0.274096 -0.218768 -0.221163 3
-0.377674 -0.140431 -0.176506 3
-0.13243 0.204966 -0.181048 3
-0.401265 4.92791 -4.34055 3
0.152562 1.71345 -1.83108 4
-0.0708803 0.931085 -1.69025 4
0.135304 0.166855 -0.278351 4
0.0808021 0.83718 -1.08161 3
0.116199 -0.153742 0.0709023 3
0.200412 -0.441315 0.392603 3
-0.226352 0.672077 -1.12607 3
-0.130934 0.844536 -1.40506 3
0.0243041 3.15198 -3.625 4
-0.397493 0.676972 -0.549712 4
1.54576 -2.17972 2.18594 4
0.103048 0.64107 -0.855922 3
0.298392 1.42243 -2.24701 3
1.68811 -4.5586 5.09299 4
-0.0221864 -0.0237512 0.0756634 3
0.0783299 -0.209073 0.105862 3
0.289128 -1.17042 0.963851 3
0.103292 -0.27261 0.310002 3
0.0246083 0.262331 0.144784 1
-0.612555 -0.00851458 0.081352 1
-1.43543 -0.119279 0.806138 1
0.4393 0.863922 0.0550297 1
0.0174306 0.547339 0.196636 1
-0.0497809 0.183389 -0.270045 1
0.126944 0.327522 -0.0944101 1
-0.269376 0.210226 -0.14614 1
0.0682269 0.341207 0.104503 1
-0.183413 -0.218634 -0.316944 1
0.25426 0.172674 0.281875 1
-0.43709 0.138216 -0.338372 1
-0.282912 0.111438 -0.0592512 1
-0.302112 -0.551817 0.355831 1
0.210623 0.814571 0.689663 1
-0.196264 0.32576 0.0809267 1
0.112059 0.122923 0.179367 1
0.0558879 0.0190219 0.0590318 1
0.23446 -0.160719 1.22227 1
-0.406618 0.510137 -0.0301794 1
0.0032915 -0.0828593 -0.238724 1
-0.403731 -0.34995 -0.576491 1
-0.104067 -0.17034 0.241766 1
0.25115 -0.422573 0.0735145 1
-0.21833 -1.03394 -0.464132 1
0.0273802 -0.0612226 0.029229 1
0.164296 -0.416961 0.031843 1
-0.39651 0.627612 0.200707 1
-0.332142 -0.117565 -0.263664 1
0.268199 0.015542 0.276964 1
-0.0434578 -0.00544551 0.134734 1
-0.0516568 -0.139428 -0.0559579 1
-0.00336879 -0.0968852 -0.0851605 1
-0.0983165 0.116022 -0.027947 1
-0.282897 -0.415783 -0.454724 1
-0.82517 -0.557054 0.0492792 1
0.0962222 0.354881 0.409249 1
0.00896207 -0.00222203 -0.00446563 1
