# 1 = ball
# 2 = lepton
# 3 = photon
# 4 = PID > 100
# 5 = neutrino
# 6 = other
1.84297 1.3948 -0.101749 4
13.2059 4.49532 -3.06825 4
0.626211 0.362164 -0.537345 4
0.982826 0.564766 -0.474176 4
-6.90701 -2.47729 0.999233 4
-0.867842 -0.39316 0.329304 4
-12.6849 -5.25315 3.35268 4
-1.4554 -0.835006 0.424115 4
-2.22028 -0.404269 0.81626 4
1.9345 0.687132 -0.475246 4
-2.75687 -0.749469 0.277367 2
-7.4254 -3.02169 1.76166 5
-0.204728 -0.276802 -0.100364 3
-0.00240613 -0.133904 -0.0177335 3
-3.41915 -1.86621 1.25389 4
-0.028565 -0.0401391 0.00908801 3
0.0169091 0.0338987 0.172153 3
-0.0351765 0.0246936 0.0235587 3
0.0353964 0.129258 0.391432 3
0.0532839 -0.045272 0.0677429 3
0.14306 0.0984965 0.134694 3
10.3697 3.83241 -3.47964 4
4.1673 1.39621 -0.690999 3
4.67914 1.6117 -0.639674 3
0.300714 -0.0035811 -0.448427 1
0.201147 0.26808 -0.164947 1
0.43392 0.215991 0.503486 1
-0.817942 -0.392443 -0.296508 1
-0.412454 0.118558 -0.00998066 1
0.0116832 -0.272328 -0.210215 1
0.713291 0.765533 0.305439 1
-0.479781 0.165712 -0.106768 1
