# 1 = ball
# 2 = lepton
# 3 = photon
# 4 = PID > 100
# 5 = neutrino
# 6 = other
-8.29659e-07 4.15554e-06 0.000249218 3
2.93877 -2.17153 -1.96471 4
7.78172 -2.64787 -2.2691 4
0.978853 -0.0295205 -0.143755 4
0.567173 -0.557015 -0.839051 4
-0.857636 0.53869 0.623947 4
-9.62277 6.13513 4.07152 4
0.507343 -0.336553 0.425812 4
0.201901 -0.162253 0.504403 4
-0.448858 0.0942102 0.192794 4
-0.349744 0.471349 0.356164 4
-13.2749 10.0012 6.90526 4
-0.141743 0.0317436 -0.00964622 3
-0.0435482 -0.0759974 0.00750623 3
-0.725694 0.162653 -0.046756 3
-0.133707 0.0507273 0.0470796 3
5.78448 -4.50461 -2.745 4
0.0155197 0.00145217 0.00464073 3
0.803702 -0.683876 -0.435689 3
0.297076 -0.224757 -0.295327 3
0.0119039 -0.045488 0.00170287 3
0.800946 -0.746959 -0.556323 3
0.00297086 -0.0219174 -0.0270179 3
0.249789 -0.357849 -0.161887 3
0.0284557 -0.0398484 0.027205 3
-0.996534 0.909997 0.746174 4
2.33087 -1.75582 -0.934518 4
1.98887 -1.52761 -0.91691 4
0.785544 -0.922769 -0.466976 4
0.0884184 -0.168842 -0.110697 3
0.190496 -0.212084 -0.0100249 3
-0.00727701 -0.107673 -0.422717 1
-0.0993506 0.0599243 -0.0328608 1
-1.05061 -0.489165 0.188027 1
0.63277 -0.590328 0.296512 1
0.342376 0.0514399 -0.0990849 1
-0.192902 0.0470785 -0.259575 1
0.0481984 0.0486911 -0.14167 1
-0.135865 -0.0292256 0.00154029 1
0.662953 -0.553663 0.690058 1
0.416552 -0.272729 0.477418 1
0.263292 -0.216058 0.135908 1
0.232765 -0.00369017 -0.111594 1
0.604964 0.112155 0.0887619 1
-0.0487007 0.0185051 0.0783516 1
-0.102646 -0.224159 0.0603315 1
0.344869 1.26185 -0.902783 1
0.279258 0.0568476 -0.284392 1
-1.19538 0.106519 0.525012 1
-0.0887818 0.514659 -0.504742 1
0.163393 0.340388 0.344177 1
0.47528 -1.19215 -1.196 1
0.0510341 -0.491462 0.29859 1
-0.527651 0.317784 -1.40097 1
0.261833 0.838419 -0.285193 1
-0.253063 -0.113668 0.581179 1
-0.166771 -0.254043 -0.322515 1
-0.0905424 -0.12467 -0.288332 1
-0.307048 -0.564052 0.196451 1
-0.207103 0.517388 0.4186 1
-0.0654641 -0.268866 -0.109555 1
