# 1 = ball
# 2 = lepton
# 3 = photon
# 4 = PID > 100
# 5 = neutrino
# 6 = other
0.000434176 -0.000340308 0.000114534 3
-3.20278 1.81853 8.01857 4
0.366083 0.15205 0.400148 4
-0.175401 0.499269 -0.119872 4
-0.0712291 0.364903 0.236238 4
-2.86963 1.45074 4.47463 4
0.632152 -0.248158 -1.42574 4
-0.435716 -0.268829 -0.0135926 4
0.242827 0.909435 0.274295 4
-0.867324 0.58096 0.33663 4
-0.560124 1.24856 1.12131 4
-0.284227 0.084019 0.441393 3
-0.67833 0.107376 0.725108 3
2.9436 -2.40738 -6.11972 4
0.549527 -0.0291887 -1.0163 3
0.128738 0.0189385 -0.396187 3
0.0538768 0.0199097 -0.272615 4
0.0493197 -0.156601 -0.411085 4
0.536642 -0.818252 -1.91199 3
0.378647 -0.415713 -1.21441 3
0.334267 -0.246707 -0.0592134 3
-0.0549877 0.192931 -0.0560371 3
0.0630099 0.0516045 -0.127383 3
-0.0344749 0.0139629 0.0132522 3
-0.025442 0.090017 -0.196965 3
-0.0295488 0.212201 -0.130902 3
-0.0248247 0.0314158 -0.0127629 4
-0.234736 0.112204 0.0708242 4
-0.213684 0.557507 0.00479537 4
-0.193909 0.110269 0.245384 4
-0.409689 0.466648 0.284082 4
-0.822885 0.629322 0.19233 4
0.132209 0.0598609 -0.150143 3
0.0665502 0.179894 -0.136121 3
0.0998963 0.0114266 0.276591 3
0.0186431 -0.0963826 0.271755 3
0.294131 -0.0515921 -0.772133 3
-0.00771852 0.0169518 -0.0716517 3
-0.0279558 0.0446534 -0.0135514 3
-0.177147 -0.0746149 -0.121936 3
0.127071 0.176559 -0.0147733 3
-0.0259182 0.0161606 0.0229544 3
-0.173819 0.0407631 0.0199995 3
-0.215181 0.195584 0.127382 3
-0.384805 0.334648 0.941992 3
-0.323145 0.162075 0.534726 3
-0.189983 0.145539 0.302881 3
-0.0585747 -0.0287742 0.059951 3
-0.331198 0.203623 0.584416 3
-0.507324 0.350983 1.26495 3
0.817234 -0.34018 4.95325 4
0.471994 -0.683048 2.24646 4
-0.140725 -0.0896959 0.160198 3
-0.101046 -0.257319 0.308971 3
1.62439 -2.13145 -4.28012 4
0.990852 -1.01772 -3.08151 3
0.112905 -0.0609764 -0.307862 3
0.648289 -0.502501 -1.55239 3
1.30803 -1.18414 -3.6615 3
0.531541 0.133556 -0.125783 1
-0.46021 0.38901 0.143293 1
-0.582738 -0.0553847 0.181647 1
-0.31583 -0.491178 -0.216892 1
-0.348873 1.25083 -0.00975032 1
-0.429157 -0.219647 -0.280689 1
0.607478 -0.072789 0.163042 1
-0.157088 1.09358 -0.375017 1
0.41431 -0.0113379 -0.230899 1
-0.0315398 -0.272079 0.109924 1
-0.0681656 -0.0610021 0.05865 1
-0.380226 -0.0754571 0.0189424 1
-0.58813 -0.213957 -0.84128 1
0.475793 0.472763 -0.398119 1
0.128877 0.0708942 0.195089 1
-0.62209 0.209095 -0.182448 1
-0.192021 0.543851 0.0527153 1
1.15512 0.460177 0.346983 1
-0.306542 -0.040593 0.447255 1
0.359522 -0.39532 -0.849642 1
0.0715345 -0.456712 0.212026 1
1.62558 -1.61955 -0.603336 1
-0.179233 -0.368114 0.234959 1
-0.321453 -0.452667 0.932796 1
0.0776049 -0.184344 -0.232591 1
0.400362 -0.166689 0.326579 1
-0.215816 0.233041 -0.150625 1
0.213559 -0.251908 -0.193975 1
