# 1 = ball
# 2 = lepton
# 3 = photon
# 4 = PID > 100
# 5 = neutrino
# 6 = other
12.8714 -6.23969 -4.35543 4
6.94359 -3.16817 -2.73836 4
5.1945 -2.00674 -1.52042 4
0.510517 -0.841337 -0.532628 4
-1.56406 0.149223 0.786525 4
-1.47763 0.914943 0.84561 4
-1.43181 0.349016 0.543929 4
-4.02815 1.49709 0.455163 4
-13.5305 5.96906 5.18746 4
0.365087 -0.287372 0.0944453 4
0.722822 -0.136622 0.50425 4
0.0722684 -0.0799422 0.0852968 4
-12.6344 6.90384 3.84108 4
2.92477 -1.03378 -0.845774 4
1.24205 -0.343596 -0.596243 4
3.0388 -1.14009 -0.960041 3
2.75874 -0.942604 -0.76452 3
-0.450588 0.219495 -0.00104211 3
-0.00323332 -0.0188623 0.01874 3
0.125255 0.0378668 -0.146081 3
-1.05073 0.535152 0.363571 3
-0.0287127 -0.00473198 -0.00206075 3
0.0572857 0.0230171 0.0857529 3
0.173427 -0.119893 0.0950771 3
-0.261796 0.0476016 0.146021 1
-0.109204 0.00347969 -0.107525 1
0.0777063 -0.118821 0.0112801 1
-0.098873 -0.0689014 -0.26686 1
0.0997295 0.104706 0.0432633 1
0.26284 0.127163 -0.223721 1
0.0961432 0.101951 -0.0282191 1
-0.194017 0.00612479 -0.175793 1
-0.115515 -0.194616 -0.0623227 1
0.132326 -0.115414 0.0521692 1
-0.0713855 0.0543316 -0.220011 1
-0.0994282 -0.0512694 0.333939 1
0.040937 -0.0817925 -0.015074 1
-0.289608 0.152868 -0.0132673 1
-0.0149784 -0.108866 0.133142 1
-0.0443592 -0.0608033 0.184936 1
0.0357877 0.018512 -0.0979489 1
-0.05678 -0.105983 -0.131396 1
-0.000386807 0.0244002 -0.00248529 1
-0.189797 0.0300547 -0.00442724 1
