# 1 = ball
# 2 = lepton
# 3 = photon
# 4 = PID > 100
# 5 = neutrino
# 6 = other
-0.0225648 -0.0029677 0.154794 3
-0.000122426 0.000965559 -7.76724e-05 3
1.78736 1.34427 4.33696 4
0.618899 1.07535 0.349106 4
1.39462 -0.763875 -0.366783 4
0.195707 -0.920833 0.0685324 4
0.255475 0.32315 0.215274 4
-0.855964 0.178383 -3.65556 4
-0.484024 0.708722 -3.55055 4
-1.60524 -0.0256005 -4.89873 4
-1.19585 0.331298 -4.77712 4
-3.50529 0.832989 -13.703 4
-0.77836 -0.012413 -1.86606 4
0.843998 -0.391457 5.72945 4
0.169092 -0.549666 2.98263 4
-0.679876 0.393892 3.79723 4
0.881843 1.24114 4.24497 4
-0.0616826 0.354413 0.537804 4
0.02363 -0.187609 -0.0885262 4
0.234396 0.0952886 -0.175084 4
-0.338017 0.113773 -0.89488 4
0.0342324 0.00453279 -0.501221 4
-0.382752 0.709265 4.27239 3
-0.538962 0.877896 4.74771 3
1.00774 -0.455381 -0.494121 3
0.0371605 0.00921624 -0.0184679 3
0.201651 -0.318613 -0.145117 4
0.81629 -0.285003 -0.113417 4
-0.290386 -0.0807552 -0.318538 3
0.0436742 -0.0423001 -1.16762 3
0.0392271 -0.21176 1.63145 3
0.0527076 -0.617055 3.27631 3
-0.0152742 -0.0485809 0.133334 3
0.13841 -0.174465 0.216269 3
0.475417 -0.503461 0.116112 3
0.925642 -1.05586 0.0494398 3
0.0647701 -1.09522 -0.025 3
0.0600948 -0.16978 -0.0252491 3
-0.0458999 -0.138259 -0.0362579 3
0.0213122 0.0198865 0.0141961 3
0.00705436 -0.0890821 -0.180763 1
0.00316537 -0.0500824 0.0462133 1
0.0661686 -0.0735699 -0.0684461 1
-0.0176289 0.0836647 -0.0278948 1
-0.156312 0.0103385 -0.10476 1
0.268611 -0.0720962 0.148442 1
-0.0996621 0.233911 0.112547 1
0.111984 -0.02096 -0.134796 1
0.172984 0.0853241 -0.085775 1
-0.036522 -0.287415 0.316806 1
0.00708897 0.0128495 0.00923422 1
0.0249023 0.0403196 -0.128235 1
-0.114464 0.0719067 -0.0696404 1
0.161382 0.0429497 -0.059852 1
0.0396304 0.0545021 0.00526426 1
0.107269 -0.38746 -0.00920897 1
0.0315184 -0.00413929 0.168672 1
0.248077 0.0143143 0.105571 1
-0.247987 -0.113759 -0.129468 1
-0.0995703 -0.115947 0.0333921 1
-0.000772195 0.000912415 8.51881e-05 1
