# 1 = ball
# 2 = lepton
# 3 = photon
# 4 = PID > 100
# 5 = neutrino
# 6 = other
8.53853 -0.333682 -7.71307 4
10.8009 0.12882 -11.713 4
0.642584 -0.43701 -0.579725 4
3.81414 -1.13487 -2.86592 4
0.17579 -1.56408 -0.809861 4
-1.84814 0.151759 1.83499 4
1.51179 -0.518354 -0.58064 4
-1.69957 0.284592 1.4385 4
-2.63198 0.934895 2.56427 4
-12.4109 1.89637 11.9159 4
-3.27967 0.588134 2.57426 4
-1.35607 0.0638611 1.4192 4
0.382007 -0.140795 -0.0676076 3
0.899993 -0.155525 -0.0356622 3
0.694685 -0.290784 -0.855217 3
0.31502 -0.265905 -0.0288612 3
-0.0121855 -0.105354 0.0218923 3
0.0633354 -0.182519 -0.123903 3
-0.510554 0.0493737 0.178489 4
-0.0451356 -0.0445983 0.151282 4
-0.0633782 0.0335915 0.118779 4
-1.33714 -0.0407395 0.646169 4
-0.893244 0.343746 0.754936 3
-0.146378 0.118519 0.163519 3
0.551898 -0.487379 -0.298819 3
0.32667 -0.216864 -0.252188 3
-1.05319 0.393634 0.556868 3
-0.766872 0.228956 0.511571 3
-0.570878 -0.0720568 0.643409 3
-0.113917 -0.00741894 0.237726 3
-0.15091 -0.0187582 0.0603976 3
-0.0953542 -0.00842101 -0.0701627 3
0.127365 -0.0377141 -0.0656175 1
0.0352029 0.0263985 -0.00709793 1
-0.029902 0.115342 0.00674707 1
0.0266335 0.073855 0.0417519 1
-0.0108957 0.00860288 -0.0183628 1
0.210095 -0.000864823 -0.0506191 1
-0.0459253 0.0634625 0.146225 1
-0.23178 -0.249234 -0.0153142 1
-0.127352 -0.042731 -0.143258 1
0.0663776 -0.140964 -0.126229 1
-0.0476413 0.16082 -0.0462936 1
0.000161284 0.00595105 0.095048 1
-0.209774 -0.0862422 -0.0669635 1
0.0465459 0.0863162 -0.0294376 1
0.0286633 -0.0368693 -0.028456 1
-0.0151854 0.0334846 0.0424936 1
0.0303002 0.100612 -0.00269351 1
0.0198557 -0.037782 -0.0850177 1
-0.12953 0.102549 -0.0490999 1
0.283555 -0.0117018 -0.0040892 1
-0.141591 0.0378677 -0.235279 1
-0.0475422 0.0306839 -0.0496084 1
0.115135 0.106973 0.0317347 1
0.141076 0.135156 0.326493 1
-0.00118602 0.104911 -0.00890194 1
-0.0436375 0.0139912 -0.0204197 1
-0.0856096 -0.0092549 0.0723527 1
0.0607243 -0.0204214 -0.00851995 1
0.158514 -0.0966911 0.00782358 1
-0.0523618 0.0537148 -0.0315185 1
-0.000888092 0.121584 -0.0346253 1
0.077174 0.00178022 0.0291671 1
-0.000252307 0.0254617 -0.281405 1
-0.0168459 0.0480368 0.0151012 1
-0.101332 0.0793691 0.015622 1
-0.0696463 -0.126717 -0.220248 1
-0.0426245 -0.0867592 0.110063 1
0.259993 0.292298 -0.0359855 1
0.167772 0.0989447 -0.00293911 1
0.0884074 0.170859 0.12469 1
-0.157344 -0.0284576 0.144674 1
-0.0312502 -0.182301 -0.093766 1
-0.0353949 -0.0954607 0.754247 1
