# 1 = ball
# 2 = lepton
# 3 = photon
# 4 = PID > 100
# 5 = neutrino
# 6 = other
-0.0102913 0.00260367 -0.00281578 3
-1.30803 -2.11275 1.88624 4
-1.29616 -9.0257 11.3901 4
-0.784666 -3.16406 3.87458 4
-0.0736113 -2.95333 3.3073 4
0.103222 0.0171419 0.171039 4
2.95551 16.8663 -21.9537 4
-0.136172 0.522456 -0.560446 4
0.558364 2.2873 -3.55777 4
0.395549 -0.464454 1.14965 4
1.81503 -1.441 2.41054 4
-0.000114075 0.456145 -0.953645 4
-0.0794198 4.22377 -4.86071 3
-0.124011 1.94206 -2.28066 3
-0.27775 0.125384 0.042444 3
-0.164722 0.0612978 0.135609 3
0.0175096 0.0222631 -0.0170553 3
-0.246109 0.350049 -0.408773 3
-0.236873 -0.97518 1.36707 4
-0.858759 -3.29935 4.18606 4
0.301707 0.309798 -0.332823 3
0.0418139 0.0942154 -0.018824 3
-0.103854 -0.155774 0.562978 3
-0.116204 -0.288215 0.531138 3
-0.316797 -2.86275 3.2337 3
-0.055165 -0.538205 0.698793 3
