# 1 = ball
# 2 = lepton
# 3 = photon
# 4 = PID > 100
# 5 = neutrino
# 6 = other
-0.76915 0.00113991 -0.070644 4
-1.89769 -0.279452 0.372898 4
0.142307 0.314332 1.46975 4
0.0190122 -0.639 2.64312 4
-0.235936 -0.533574 1.15788 4
0.939905 -0.328718 -0.107098 4
8.33511 0.188003 -4.91014 4
-1.19701 0.254632 0.593918 4
-0.62185 -0.0989108 0.344156 4
0.0525728 -0.495783 1.23957 4
-0.579288 -0.289579 1.33926 4
-0.0590622 -0.375823 0.225899 4
-0.102506 -0.112542 0.717116 4
-3.83548 -0.0315302 1.04675 4
-0.396639 -0.0919895 0.907621 4
-0.756083 -1.00983 1.34328 4
0.281983 0.197945 1.5321 3
0.0898418 -0.0117243 0.514951 3
0.430837 0.177397 -0.247964 4
1.23662 -0.142699 -0.670862 4
0.508497 0.0828774 -0.263104 3
0.313341 0.0841645 -0.289812 3
0.526776 0.0888792 -0.337032 3
6.3819 0.833903 -4.54474 3
0.126447 0.0312514 -0.262109 4
-1.13474 0.149874 0.175245 2
-7.86358 0.820034 1.89488 5
-1.10688 0.00561733 0.328519 3
-0.656587 0.0273618 0.0914881 3
-0.00366096 -0.00985456 -0.0107555 3
0.418782 0.113456 -0.00628056 3
12.4848 0.758152 -7.87665 4
2.8774 0.42017 -2.00739 3
0.0659912 -0.0107831 -0.0449885 3
-8.62773 0.195754 2.42435 4
-5.38824 -0.283153 1.28681 4
