# 1 = ball
# 2 = lepton
# 3 = photon
# 4 = PID > 100
# 5 = neutrino
# 6 = other
-3.78081 -0.582595 -2.04587 4
-4.45554 -1.04553 -3.18395 4
-0.371057 -0.239419 -0.316673 4
-0.264045 -0.0519395 -0.87932 4
-0.405667 0.848798 -0.813604 4
0.495838 0.254115 -0.00456712 4
-0.557242 0.558887 0.556142 4
0.814561 0.520263 1.17214 4
2.21021 1.33778 2.33307 4
1.00601 0.307299 1.33729 4
5.67465 0.620616 5.80329 4
1.0377 0.336453 0.326098 4
0.687854 -0.521091 0.547793 4
-3.54675 -0.406409 -2.54763 4
-0.945608 -0.310082 -0.97485 4
-4.34505 -1.24152 -4.24368 4
0.475845 0.0711251 0.144406 4
0.626531 -0.416648 -0.419052 4
2.22779 0.978301 1.45652 4
2.01663 -0.476244 1.03565 4
-1.38334 -0.190979 -0.947131 4
-4.88907 -0.916145 -3.84943 4
3.48203 0.113711 2.31188 3
0.613329 0.0647139 0.451997 3
1.29907 0.115378 1.41193 4
2.14055 0.249697 2.13479 4
0.523436 0.166197 0.33841 3
0.379915 0.123593 0.119813 3
-0.0324505 -0.0236641 -0.0474819 3
-0.824611 0.0490788 -0.628688 3
0.0945051 -0.029799 0.00424895 3
0.37893 0.0336902 0.24658 3
0.318974 0.266589 0.103054 3
0.0713603 -0.00763536 0.0169548 3
-2.15376 -0.53325 -1.79907 3
-1.39305 -0.456987 -1.20638 3
1.15225 0.117416 0.93505 3
1.41828 0.137857 1.34924 3
-0.0348916 0.0967196 0.12626 1
-0.0383286 -0.121633 0.0193129 1
-0.042512 0.0426322 0.0209009 1
0.0470612 0.238305 0.112107 1
0.0604728 0.0173614 -0.256465 1
-0.0268298 -0.0066041 -0.0235396 1
0.0198294 0.0673188 0.0774521 1
0.134341 -0.0961784 0.0137449 1
0.0171645 -0.0600659 -0.0544443 1
0.197086 -0.190033 -0.102192 1
-0.0648187 0.00346269 -0.0673818 1
0.0277904 -0.0875567 -0.0964896 1
-0.0650035 0.372633 -0.0586545 1
0.141518 0.164492 0.112005 1
0.275341 0.15437 0.295777 1
-0.00300015 -0.0933186 -0.387205 1
-0.166413 0.124209 0.0347264 1
0.195783 0.0431981 0.139093 1
-0.293761 -0.306356 -0.178479 1
0.0753793 -0.102339 -0.0058565 1
-0.0148385 0.130872 0.00728303 1
0.125413 -0.0944271 0.0412021 1
-0.163103 -0.0386555 -0.0509987 1
0.272756 0.0272759 -0.337015 1
-0.0772717 0.216304 -0.0192653 1
0.0146772 0.0338957 -0.0275086 1
0.0606957 -0.440619 0.342457 1
-0.0856062 0.00650106 0.0993124 1
0.0670821 -0.123505 -0.108572 1
-0.104556 -0.0467856 0.0200842 1
-0.134454 -0.104064 0.0878576 1
0.0288557 0.0624001 0.115181 1
0.052479 -0.0570513 0.0728769 1
-0.0138726 0.0291669 -0.0903962 1
-0.111328 -0.0216092 0.0111479 1
-0.115769 0.104923 0.0565069 1
-0.0672963 0.22665 -0.129021 1
0.0158275 0.136599 -0.011701 1
-0.0204856 -0.00323365 0.0153621 1
0.0167623 -0.126572 -0.0448378 1
-0.000346909 -0.0003066 0.000393575 1
