# 1 = ball
# 2 = lepton
# 3 = photon
# 4 = PID > 100
# 5 = neutrino
# 6 = other
0.000906343 -0.00109382 0.000642678 3
-0.711834 -0.352545 -1.23397 4
0.153869 0.141598 -0.062069 4
0.0112516 1.01839 0.658079 4
0.98868 1.77374 0.598466 4
-0.409144 0.359887 -0.19275 4
-0.11017 -0.0750162 -0.129124 4
0.620546 -0.119085 0.0114306 4
0.548996 0.387486 0.557193 4
-0.067001 0.678653 0.180569 4
-0.168719 -0.103018 -0.104429 3
-0.284313 -0.100723 -0.428425 4
-1.18909 -0.417452 -0.685907 4
0.00943931 -0.023331 0.036853 3
0.165931 -0.2573 -0.0717826 3
-0.092542 -0.0958776 -0.107722 3
0.0488555 -0.039221 -0.0515765 3
-0.322101 0.211322 0.434774 3
-0.098774 0.173659 0.266917 3
0.299215 0.220929 0.22916 3
0.218936 0.225177 0.247695 3
0.0876373 0.240527 0.132817 3
-2.00966 -1.92631 -1.88602 4
-1.65127 -1.72512 -1.31461 4
-1.59692 -1.50429 -1.18785 4
-1.55055 -1.64598 -1.42681 4
-0.221035 -0.031458 0.0433904 3
-0.0746014 -0.0470181 -0.0612574 3
2.34315 2.20868 1.89697 4
-0.207037 -0.347558 -0.261826 4
-0.784425 -0.863626 -0.483093 4
-0.109094 -0.181642 -0.232016 4
-0.16744 -0.218408 -0.486624 4
-4.62595 -4.26626 -3.46842 4
-1.86002 -1.72735 -1.53841 4
0.692989 0.583421 0.493631 4
0.120946 0.225404 0.194241 4
0.252092 0.393937 0.260646 3
0.308972 0.256743 0.248253 3
1.6743 0.871964 1.07377 4
2.05839 1.68521 1.72416 3
0.44008 0.250563 0.0876069 3
-1.29435 -1.06661 -0.939182 3
-0.630316 -0.461671 -0.532362 3
-0.298318 -0.30775 -0.392846 3
-0.173459 -0.360892 -0.399795 3
2.0339 2.06449 1.83182 4
0.0823079 0.144798 0.0361486 4
3.46942 3.18578 2.34374 4
0.717194 0.737061 0.947943 3
0.132245 0.185301 0.288557 3
1.62902 1.7406 1.3926 3
1.96706 1.23925 1.16279 3
1.13633 0.789229 0.599713 3
0.0193115 -0.177895 -0.170981 1
0.0247981 0.0555931 -0.0637038 1
-0.496163 -1.1951 0.444409 1
0.514757 0.584468 -0.209373 1
0.844422 -0.0845249 -0.361037 1
-0.178341 -0.387914 0.169843 1
-0.0880407 -0.352115 0.976664 1
-0.291972 0.703441 0.777908 1
-0.170895 0.13048 -0.144562 1
0.52329 0.295762 -0.494696 1
-0.57818 -0.292152 0.71515 1
-0.0715503 0.0384621 0.0258199 1
-0.16308 0.242218 0.259084 1
-0.481263 -0.17837 -0.0583738 1
-0.269622 -0.112547 -0.675627 1
0.25999 -0.109614 -0.512853 1
-0.0069254 -0.0731479 0.505112 1
0.0108172 0.0631629 -0.0701838 1
0.676251 -0.173458 -0.946204 1
-0.250793 -0.157653 -0.225421 1
0.12989 -0.154792 -0.588086 1
-0.0755994 0.286796 -0.108096 1
-0.218823 0.157359 -0.0421377 1
0.273638 -0.182674 -0.265128 1
-1.17578 0.399974 0.81596 1
0.276357 -0.538634 -0.265548 1
-0.386127 -0.168191 -0.271228 1
0.120133 -0.141362 0.226548 1
-0.365212 -0.287211 0.313493 1
0.175784 -1.81221 0.0840847 1
-0.0855963 -0.105335 -0.142519 1
