# 1 = ball
# 2 = lepton
# 3 = photon
# 4 = PID > 100
# 5 = neutrino
# 6 = other
9.34699e-06 -1.73586e-06 0.000307831 3
0.310861 0.136564 -2.72114 4
0.605505 0.171879 0.0502061 4
0.10342 0.240881 -0.089961 4
0.598961 0.409884 0.162482 4
0.947039 0.913879 -0.234409 4
0.00196114 0.423198 1.12005 4
0.308537 -0.201839 0.388781 4
-0.627414 -0.404891 3.85657 4
-0.622591 -0.350606 1.62146 4
0.643968 -0.28648 -1.37141 4
0.003293 0.138784 -0.198774 4
0.784395 -0.268544 -2.29472 4
0.351414 0.184005 -3.11381 4
1.10077 -0.144236 -3.53155 4
2.531 -1.24692 -5.69772 4
0.104338 0.00106871 -0.136481 4
-0.235717 -0.115518 0.664967 4
0.0998821 0.483315 0.701229 4
-0.567158 -0.147954 0.325511 4
-1.48576 0.317781 5.77888 4
-0.915302 -0.233688 5.3219 4
-4.53545 -0.890646 14.2923 4
0.596628 -0.00747055 -2.13446 4
0.535845 -0.22617 -3.34138 4
0.0465028 0.452204 0.110531 4
0.116329 0.325985 0.245345 4
-0.00872295 0.0483631 0.12592 3
-0.371523 0.153108 1.06112 3
0.148884 -0.0624325 -2.01932 3
0.0889977 -0.00738573 -0.393153 3
1.47486 -0.51715 -4.65767 3
0.117414 -0.0207569 -0.266929 3
-0.333421 -0.15856 0.721131 3
-0.263433 -0.161272 0.914287 3
0.326257 0.151464 -2.10943 3
0.205574 0.00425867 -1.59619 3
0.290468 0.424382 -0.173939 3
0.00945823 0.00981409 -0.0401119 3
-0.4175 1.01781 -0.106111 1
-0.946991 0.558914 0.728474 1
0.146788 0.169616 -0.391664 1
-0.393398 -0.0622409 -0.383008 1
0.0855885 -0.0221705 -0.157147 1
-0.123804 -0.536951 0.0370037 1
-0.156351 0.240208 0.252973 1
0.0397512 0.0677307 0.0733135 1
-0.144911 0.545165 0.439411 1
-0.899269 -0.90287 -0.469272 1
0.179766 0.274374 -0.131963 1
-0.785126 -0.909248 -0.757928 1
0.331373 0.210228 -0.523651 1
0.419585 -0.160596 0.352708 1
0.178412 -0.0282739 -0.303583 1
