# 1 = ball
# 2 = lepton
# 3 = photon
# 4 = PID > 100
# 5 = neutrino
# 6 = other
0.000930685 8.33163e-07 -0.00448866 3
0.251655 -0.555371 1.27002 4
0.685771 -1.82436 2.69054 4
0.892359 -0.372438 1.36622 4
-0.0758835 0.266398 0.360326 4
1.02347 1.02551 0.359603 4
1.05495 0.579642 0.258558 4
-1.33484 0.820367 -2.03414 4
-2.37618 1.01846 -2.78479 4
-2.93372 1.93867 -3.61611 4
1.97852 -4.14736 6.3423 4
3.13063 -7.70119 12.9028 4
1.39823 0.232657 0.777049 4
1.13864 0.714136 0.369172 4
0.971691 0.494015 0.524001 4
-0.453319 -0.19237 -0.860452 4
-0.889966 1.13706 -1.11364 4
-2.52914 1.05349 -3.83979 4
-1.09796 0.266676 -2.13056 4
-0.631439 0.120853 -0.98703 4
-3.40187 1.66207 -10.1142 4
0.29637 -0.283146 0.524465 3
0.000588989 0.00377801 0.0575917 3
0.314342 0.238697 0.155023 3
0.540813 0.574835 0.464287 3
-0.667244 0.188107 -0.497566 4
-0.0800629 -0.0104604 -0.183416 4
-0.00724267 0.00329219 -0.0115733 3
0.168729 0.30504 0.248691 3
0.601964 0.315517 0.288591 3
1.68554 0.719959 0.599136 3
0.00511822 0.055693 0.0467227 3
0.392115 0.296959 0.346983 3
-0.0129503 0.0396778 -0.434813 3
-0.0687913 0.188144 -0.514392 3
-0.363803 0.203836 0.0327232 3
-0.178404 0.048607 -0.0638771 3
-0.0498792 -0.013164 -0.0476562 1
0.0011179 -0.0161395 -0.113474 1
0.100523 -0.0814924 0.0229491 1
0.0194024 -0.0839172 0.051601 1
0.0530377 0.0492137 -0.0308449 1
0.261712 -0.0845313 -0.000379597 1
-0.081156 0.150118 0.101581 1
0.0316551 0.0114246 0.0434504 1
-0.0205501 0.269185 -0.0453493 1
-0.261192 0.0763659 0.110629 1
0.074399 -0.0619153 -0.024998 1
0.0462144 0.0195665 -0.0707987 1
-0.0982201 -0.0381661 -0.168969 1
0.480378 0.110435 0.0128482 1
0.0934136 -0.153275 0.339057 1
-0.0142369 0.337352 0.0756681 1
0.310697 0.242595 0.0505621 1
0.124557 0.0533049 -0.0859669 1
0.0142648 -0.0266484 -0.0407834 1
-0.0508403 0.0148977 0.0484873 1
0.055044 0.0261921 0.0151081 1
0.159325 0.00835466 -0.295014 1
-0.197454 -0.0882067 0.0315302 1
-0.0328249 -0.00314705 0.00856656 1
-0.0085823 0.0123779 0.0467333 1
0.0151348 -0.0111057 0.00960472 1
-0.198183 0.140075 -0.302013 1
0.0782699 -0.0430568 0.0208384 1
0.0141531 0.00156944 -0.00958511 1
0.034901 0.000259967 -0.013297 1
0.0831733 0.0353307 -0.000536202 1
-0.180973 0.158242 -0.128062 1
0.0196318 0.0899867 -0.00949469 1
-0.0658538 -0.207603 0.0501975 1
0.0274591 -0.0192006 -0.10999 1
-0.0175575 0.0463866 -0.0117516 1
0.0624578 0.0358843 -0.148968 1
-0.0363139 0.0309611 0.0253841 1
-0.168605 -0.269799 -0.164191 1
0.0291633 -0.0949306 -0.0686649 1
-0.0357413 0.194142 -0.226334 1
-0.100568 -0.24239 0.257062 1
-0.000980383 -0.000987551 0.00136459 1
