# 1 = ball
# 2 = lepton
# 3 = photon
# 4 = PID > 100
# 5 = neutrino
# 6 = other
0.00742069 0.00487015 -0.0105838 3
0.204628 0.366623 0.0847246 4
0.293245 -0.255123 0.203434 4
0.100825 -7.08893 5.56011 4
-0.375086 -1.77554 1.49202 4
0.111731 -0.546845 0.44063 4
1.33426 -3.35171 0.946309 4
3.39952 -7.5815 6.42175 4
-0.273974 1.55724 -1.17632 4
0.123625 -0.0356738 0.088607 4
0.130903 -1.83443 0.902559 4
1.30917 -1.64832 1.4219 4
0.528891 -1.69605 1.12226 4
0.623726 -0.994048 -0.824383 4
-3.15681 13.0099 -8.77326 3
-0.0530433 0.15534 -0.106818 3
-0.29622 1.34256 -0.840488 4
-2.60774 10.6745 -7.21958 4
-0.112408 0.158575 -0.0898381 3
-0.765674 1.75999 -1.0596 3
-0.0616679 -0.546072 0.315938 3
-0.0980198 -4.02909 2.41777 3
-0.397439 -0.466412 0.43588 3
-0.0563158 -0.80193 1.10815 3
-0.0554062 -0.156976 0.11907 3
0.0595542 -0.11499 0.178075 3
0.26921 -0.800544 0.347231 4
0.83243 -1.17947 0.922622 4
0.0419683 0.00584057 0.00380764 3
0.415962 -0.391104 0.00202402 3
-0.734375 3.21494 -2.25847 3
-0.791063 3.35155 -2.52469 3
0.045293 -0.132175 0.067871 3
0.00287635 -0.174998 0.281305 3
