# 1 = ball
# 2 = lepton
# 3 = photon
# 4 = PID > 100
# 5 = neutrino
# 6 = other
-0.0780361 0.0395425 0.896794 3
0.243875 -0.220216 0.476661 4
3.78334 -5.60793 14.4252 4
2.15687 -1.77813 5.97628 4
0.281308 -0.377714 1.36944 4
0.130677 -0.229369 0.341213 4
-0.825924 -0.389683 -0.378088 4
-0.824159 0.480607 -0.0592329 4
-0.531625 0.645789 -0.997777 4
-0.487268 0.0724682 -1.1658 4
1.29417 -2.78827 5.68659 4
-0.428601 0.616555 -0.515034 4
-0.305888 -0.156188 -0.725387 4
0.143144 -0.0356515 -0.648386 4
-4.29982 1.96225 -2.47091 4
-0.217485 0.016783 0.0515692 4
-0.958446 0.58868 -1.10332 4
-1.42231 0.0886693 -1.01435 4
0.0301764 0.0510776 -0.460529 4
0.722576 -0.618972 -2.09892 4
0.227727 0.0262213 -0.0614039 4
2.98559 1.41946 -6.09709 4
0.217072 -0.185851 0.325775 3
1.11137 -0.775823 1.97289 3
-0.411643 -0.191759 0.189317 3
-0.0358788 -0.0771767 0.0319328 3
0.45914 -0.231278 -0.224017 4
0.113735 -0.236209 0.413584 4
-0.299948 0.101483 -0.532033 3
-0.104437 -0.0366652 -0.1273 3
0.0219431 0.155252 -0.194957 3
0.094505 0.0274479 -0.129318 3
-0.734676 0.29266 -0.0951755 3
-0.411752 0.202351 -0.154103 3
-0.175451 0.0867566 -0.0807185 3
-2.57776 1.79093 -1.59959 3
-0.0582944 0.00820171 -0.0482583 3
-0.815571 0.669946 -0.8951 3
-2.78279 1.55024 -1.62082 3
-0.00877516 0.0014155 0.00196621 3
-0.193745 0.115296 -0.0392141 3
-0.704174 0.210699 0.0363328 3
0.233432 0.354852 -0.232995 3
0.305304 0.522034 -0.16144 3
1.78057 0.619041 -2.95862 3
3.14947 1.16625 -5.5886 3
0.20357 0.272624 -0.0889843 1
0.0938885 -0.0246625 0.000585057 1
-0.0729804 -0.174958 -0.178768 1
0.0542975 0.067274 -0.00497385 1
-0.150211 -0.0163176 -0.00204466 1
0.220348 0.00735813 0.0509831 1
-0.00329392 0.0399172 0.0420436 1
-0.0874268 0.0625151 0.0649754 1
-0.03715 -0.00303738 -0.0328314 1
0.0113622 -0.00183915 -0.019016 1
-0.013059 0.0316863 0.00187103 1
0.000877715 0.003758 0.0229123 1
-0.0727198 0.0674455 0.298033 1
0.0332207 -0.00541811 0.0340539 1
0.153632 0.0727156 -0.105591 1
-0.128724 -0.102791 0.128901 1
0.0187905 0.0416863 -0.0383754 1
0.115497 0.0687952 0.114148 1
0.000506761 -0.00145972 -0.000750915 1
-0.210569 -0.221186 0.0778926 1
0.0121151 -0.118407 0.0471418 1
-0.0422495 -0.122825 -0.0919947 1
0.0677518 0.128956 -0.0811751 1
0.0409724 -0.0179022 0.0439504 1
