# 1 = ball
# 2 = lepton
# 3 = photon
# 4 = PID > 100
# 5 = neutrino
# 6 = other
0.00870966 0.560509 0.171774 3
0.00126122 -0.000713762 0.0194936 3
1.90717 3.69422 -9.76693 4
-0.635705 0.092845 -0.518102 4
-1.1264 1.34942 -1.35872 4
-0.0703091 -0.0722412 0.391771 4
-0.456514 0.862708 0.321108 4
0.126154 -3.28135 5.02866 4
0.768188 -14.2661 20.3234 4
-0.00872147 -0.794336 1.04154 4
1.41563 2.854 -8.77479 4
0.133359 1.17771 -2.13888 4
-1.1019 0.00695765 0.81828 4
-0.298934 0.128738 1.4941 4
0.0508885 -0.189271 0.174633 4
-0.41618 -1.09063 2.37463 4
0.121903 -0.26473 0.527699 4
0.384364 0.370668 -0.84152 3
0.0548419 0.152934 -0.240325 3
0.373055 0.785727 -1.01101 3
0.226029 0.736592 -0.806387 3
-0.0769769 0.227824 -0.158216 4
-0.0776717 0.0480027 -0.00659526 4
0.717092 0.964776 -2.05353 3
0.186788 0.15924 -0.472751 3
0.422737 0.710848 -1.10834 3
0.490775 0.624504 -1.20957 3
-0.0231974 -0.0359534 0.00555018 3
0.0260946 -0.0936993 0.298063 3
-0.156214 0.244185 -0.152311 3
-0.0480127 0.263046 -0.236033 3
-0.0614215 0.564126 -0.361622 3
-0.0613331 0.0734376 -0.0631592 3
-0.0966084 0.107873 -0.207197 3
-0.298328 0.53978 -0.520462 3
-0.138265 0.172717 -0.036238 4
-0.172873 0.222415 0.0192005 4
-0.31363 0.662213 -0.175435 3
-0.0945321 0.125116 -0.095643 3
0.748741 -0.178798 -0.287203 1
-1.03915 0.679656 0.343752 1
0.21999 0.847751 -0.0591144 1
-0.462308 -0.482804 -0.0951333 1
0.267698 0.200369 0.00394961 1
0.231096 0.0339597 0.137345 1
-0.0459783 -0.0819783 -0.0594787 1
-0.440103 0.400932 0.0120403 1
-0.0663408 0.151653 1.11267 1
0.23383 0.361826 -0.202516 1
-1.16738 0.503282 -0.0713143 1
-0.457939 -0.178306 -0.564693 1
0.265068 -0.320802 -0.0827996 1
0.0285747 -0.328066 -0.884853 1
0.00288991 -0.00276031 0.00119658 1
