# 1 = ball
# 2 = lepton
# 3 = photon
# 4 = PID > 100
# 5 = neutrino
# 6 = other
-0.11392 0.218538 0.306723 4
-0.239693 -0.230293 -0.527831 4
2.06948 -2.17793 -1.09324 3
0.00808751 -0.0143347 -0.017002 3
-11.0295 15.9882 4.4539 4
-0.523319 1.93767 -0.0378313 4
-2.27654 2.8839 0.671784 4
1.20838 -2.42206 -0.908136 4
0.161215 -0.776425 -0.0424991 4
3.95878 -4.68007 -1.02932 4
0.117288 -0.440153 -0.090808 4
2.25738 -3.76609 -1.33724 3
1.11362 -1.83796 -0.556958 3
-0.530317 1.01527 0.393709 4
-4.9572 6.49203 2.13049 4
6.87248 -9.85492 -3.91688 4
0.01347 -0.0795841 0.042803 3
0.0255189 -0.340154 -0.0965893 3
1.86694 -3.36923 -1.1875 3
1.72744 -3.37126 -1.22313 3
-0.416639 1.0393 0.293452 4
-1.09268 1.11612 0.480021 4
-0.131837 0.74643 0.707246 1
0.349767 0.616855 0.104063 1
0.0594606 -0.0201307 0.0651745 1
-0.565737 -0.300046 -0.272529 1
0.281359 -0.301724 -0.229934 1
0.0811127 0.121812 0.260612 1
0.195749 0.424647 0.247014 1
-0.187512 -0.176822 0.767469 1
0.477997 -0.0916947 -0.225708 1
-0.600915 0.664793 1.00208 1
-0.00146848 0.910642 0.392907 1
0.621565 -0.352331 0.123364 1
-0.33838 0.283817 0.247738 1
-0.0668921 0.0889231 0.125071 1
0.154425 -0.238711 0.352143 1
-0.222527 -0.0598907 -0.125127 1
-0.271914 0.0512602 0.110614 1
-0.0549238 0.306152 -0.354371 1
0.000378648 -0.00458827 -0.00565872 1
