# 1 = ball
# 2 = lepton
# 3 = photon
# 4 = PID > 100
# 5 = neutrino
# 6 = other
0.000228463 0.00103216 -0.00206737 3
0.390504 1.24815 -0.284641 4
0.0632567 0.916398 0.368226 4
0.050196 -0.0963959 0.173755 4
2.3718 -1.59848 0.826739 4
15.3912 -6.74122 5.55356 4
-1.73886 -0.54759 -0.538588 4
-0.119137 0.326125 0.0938677 4
-0.193179 1.55867 0.301175 4
0.518241 -0.176413 -0.143982 4
1.75105 -0.182372 0.961184 4
-0.164745 -0.338003 -0.136875 4
-0.383524 0.152199 0.428849 4
-1.04926 -0.176185 0.0701448 4
0.165415 0.000690876 0.0621594 4
-0.135262 -0.0584151 0.365521 4
-0.620765 0.320795 -0.0098225 4
2.8153 -1.17325 1.17248 3
10.1815 -4.0491 4.40851 3
-8.99207 3.58499 -5.04183 3
-2.52685 0.561655 -1.01593 3
-0.92468 0.463219 -0.161342 3
-5.4448 1.67953 -2.48455 3
-0.678065 0.165122 -0.28107 3
0.295997 0.396381 0.172439 4
0.472979 0.455473 0.644719 4
-1.19369 -0.25128 -0.124521 3
-0.262173 -0.121489 -0.0367709 3
-0.188911 -0.032188 0.0248885 3
-0.177183 0.0997389 -0.00303044 3
-2.91162 1.04743 -1.39385 3
-7.43536 2.88351 -3.49218 3
-0.0698455 0.0616126 0.0921358 3
-0.00192568 0.185012 0.0475986 3
0.00276815 0.0175413 -0.0151448 1
0.0675643 0.167034 -0.0728409 1
0.117335 -0.00997078 0.0368697 1
0.00316952 0.0585975 0.170055 1
-0.0280967 -0.134307 -0.140265 1
-0.130814 -0.298087 -0.104111 1
-0.154667 0.0960981 0.101977 1
0.139194 -0.25566 -0.131007 1
-0.0242545 -0.0984442 0.0874723 1
-0.0325476 -0.118843 -0.0282969 1
0.0277874 0.0479758 -0.116477 1
0.0822294 0.0919382 0.00983681 1
0.572083 0.0779447 -0.414536 1
-0.132521 -0.0448802 -0.141712 1
0.00511914 0.100594 0.0316781 1
0.0401251 0.266245 0.278396 1
-0.0938624 -0.163631 -0.167484 1
0.284876 -0.366406 -0.00231798 1
-0.0012051 0.000915373 0.000998862 1
