# 1 = ball
# 2 = lepton
# 3 = photon
# 4 = PID > 100
# 5 = neutrino
# 6 = other
-0.371815 0.0677023 0.0893599 3
-9.12278 -1.65952 -20.7957 5
-8.06849 -0.526194 -15.4134 4
0.61902 -0.201292 1.20825 5
9.7145 0.801089 20.2898 2
6.94922 1.34798 15.181 5
-0.00100863 0.0363961 -0.0525027 1
0.0102705 0.293963 -0.178951 1
0.0487704 -0.32016 -0.136236 1
-0.0572328 -0.531158 0.515434 1
0.0578284 -0.0866078 -0.415825 1
-0.769069 -0.0192895 1.09306 1
-0.131129 -0.269331 0.0668029 1
-0.297182 0.081133 -0.482951 1
0.0784667 0.249012 -0.0726766 1
-0.659422 -0.133707 0.393956 1
-0.249493 0.0539389 0.065673 1
0.121459 0.0458237 -0.0868537 1
0.0323981 -0.0212114 0.475159 1
0.409528 0.165526 -0.138454 1
0.137517 0.256055 0.0814489 1
-0.0213375 0.073912 0.0798242 1
0.177257 -0.0425019 -0.232635 1
0.738015 0.101807 -0.789012 1
0.655196 0.236925 -0.745456 1
-0.000481878 -0.000292606 0.000961243 1
