# 1 = ball
# 2 = lepton
# 3 = photon
# 4 = PID > 100
# 5 = neutrino
# 6 = other
0.062038 -0.0540137 -0.0313073 3
-0.780901 -0.886153 -0.366062 4
-2.83089 -0.228323 -2.25545 4
2.36028 0.992401 2.16335 4
4.54353 1.70522 3.51493 4
0.970264 0.169047 1.40531 4
-0.426177 -0.256622 -0.811396 4
-1.21138 -0.621841 -0.64821 4
-1.19108 -1.49551 -1.33677 4
-13.608 -2.53448 -12.0549 4
-1.13887 -0.198542 -1.20271 4
-4.73709 -1.34266 -3.68545 4
10.1559 4.08338 8.36724 4
0.101847 -0.188436 -0.16277 4
0.289416 -0.333578 0.495062 4
9.25521 2.45941 8.81196 3
1.85858 0.449292 1.70256 3
-0.238524 -0.422135 -0.356064 3
-0.414635 -0.516977 -0.638555 3
-1.85639 -0.58205 -1.59583 3
-2.13994 -0.521353 -1.82624 3
0.327206 0.116055 0.293908 3
0.751631 0.10998 0.477215 3
-0.0479993 0.0328608 0.0882329 1
0.013425 0.0101635 0.0580729 1
-0.103788 -0.0243094 -0.186977 1
-0.0170475 -0.0458271 -0.0701038 1
-0.0969085 0.00422004 0.104234 1
0.211034 0.139776 0.0677928 1
-0.138609 -0.00909563 -0.298012 1
-0.214636 0.280093 0.247822 1
-0.0605855 -0.0745081 0.00232915 1
0.145544 -0.141251 -0.050066 1
0.0275477 0.000555151 -0.0077768 1
-0.255856 -0.0369642 -0.0904122 1
0.085554 -0.00660446 -0.217033 1
-0.164748 0.0585531 0.0177335 1
0.0708853 -0.0685939 0.0910112 1
0.273234 -0.313424 -0.0392183 1
-0.136345 0.184829 0.13727 1
0.096571 -0.0365924 -0.174748 1
0.210512 0.144174 0.0596066 1
0.000165231 -0.000158506 0.000420687 1
