# 1 = ball
# 2 = lepton
# 3 = photon
# 4 = PID > 100
# 5 = neutrino
# 6 = other
0.186112 -0.812617 -2.03746 4
0.0426454 0.675919 -0.641126 4
0.763518 0.616331 -1.5891 4
-0.00809593 -1.80653 -1.33815 4
0.752277 -1.35029 0.435497 4
-0.597153 0.192249 0.908413 4
0.481433 2.0184 -2.27739 4
0.0275359 0.0586385 -0.371024 4
3.52861 6.10268 -8.99856 4
4.59903 8.40309 -10.1138 4
-0.0633856 1.65389 -2.18226 4
-0.112138 0.162302 -0.436784 4
0.104861 -0.0896065 -0.0481184 4
-0.269208 -0.22463 -0.979212 4
-0.288336 -0.334993 1.5805 4
-0.260856 0.145151 0.883404 4
-0.335548 -0.314221 0.973853 4
-0.262772 -0.576798 0.871876 4
-1.72339 -1.79084 5.23918 4
-0.126151 -0.10964 -0.89777 3
-0.107113 -0.0198702 -0.246583 3
0.0614161 -0.132043 -0.377111 4
-0.455629 -0.292775 -0.581058 4
-0.0237376 -0.138128 0.423306 3
-0.0285465 -0.00507878 0.00652867 3
0.240838 -0.133927 0.123629 3
0.0749482 -0.0109069 -0.0312985 3
-0.0796164 0.118689 0.680129 4
0.0905706 -0.237359 0.904545 4
0.351579 -0.311492 0.25874 3
0.0655632 -0.145568 0.0433129 3
-0.461344 -0.880085 1.7565 3
-1.16984 -1.86821 3.67955 3
-0.0765599 -0.115746 -0.00652637 3
-0.0375013 -0.0979864 0.123528 3
0.139795 0.0140489 0.46746 3
0.05541 -0.0894409 0.24622 3
0.0272894 -0.351692 -1.4733 4
0.0189024 0.219923 -0.0961374 4
0.181888 -0.469858 -0.494856 3
0.00157965 -0.150929 -0.0847209 3
-0.00515023 -0.272934 -0.454363 3
0.0756376 -0.208016 -0.579111 3
0.0605466 0.0529674 -0.0896451 3
0.0378158 -0.0756897 -0.155957 3
0.305603 -0.0854513 0.542066 3
0.0248633 -0.0359023 0.188512 2
0.00223998 -0.0029336 0.0111709 2
-2.0224 -1.59171 3.77338 4
-1.27689 -1.53813 3.69615 4
-0.276132 -0.357313 0.82012 3
-2.23501 -3.40494 7.94388 3
