# 1 = ball
# 2 = lepton
# 3 = photon
# 4 = PID > 100
# 5 = neutrino
# 6 = other
-5.67136 12.7488 40.0481 2
-0.592756 0.609879 -6.26787 2
1.21656 -1.12284 -3.65141 4
0.629213 -1.34985 -2.51087 4
0.265692 -0.50733 -1.28141 3
6.11699 -10.556 -26.4743 3
-0.119799 0.0120762 -0.37467 1
-0.251554 0.0695313 -0.0395086 1
-0.0405111 -0.253149 0.289415 1
-0.0580199 -0.039291 0.0502203 1
-1.95053 0.324724 -0.166805 1
-0.00555725 0.152381 -0.196458 1
-0.107427 -0.125387 -0.165102 1
-0.117521 -0.130308 0.281265 1
0.780984 0.0875153 0.450917 1
-0.0975892 0.079567 0.00866569 1
0.00318055 -0.000287191 -0.000222982 1
