# 1 = ball
# 2 = lepton
# 3 = photon
# 4 = PID > 100
# 5 = neutrino
# 6 = other
-0.000240277 0.00112411 0.00938643 3
0 0 -0.000108281 3
3.29137 1.76125 3.09346 4
1.51602 1.28281 0.445711 4
-1.818 -0.107798 -1.46753 4
-1.29534 -0.980558 -0.979502 4
15.2834 6.39272 15.1959 4
-0.183399 -0.256332 0.0665273 4
-3.5611 -1.76147 -3.80601 4
-6.7268 -3.55567 -6.57116 4
4.18184 1.64242 3.90945 3
1.71441 0.636901 1.69788 3
0.331053 0.729691 0.706828 3
0.00596364 0.0630625 0.106394 3
0.382728 0.047482 0.373616 3
0.912643 -0.0936338 0.92487 3
-0.241112 0.193949 0.14778 3
0.119305 -0.14376 0.407011 3
-0.594529 -0.279672 -0.49615 3
-0.700438 -1.08308 -1.36953 3
0.751635 0.220403 0.644218 3
2.0154 0.824294 1.76541 3
0.232468 0.198139 0.124883 3
0.108289 0.0210977 -0.0141012 3
-4.43592 -1.58839 -4.24015 3
-6.06143 -2.33698 -5.87723 3
-0.969988 -0.370001 -0.957935 3
-4.2582 -1.45799 -3.83994 3
