# 1 = ball
# 2 = lepton
# 3 = photon
# 4 = PID > 100
# 5 = neutrino
# 6 = other
-0.00715945 0.0193827 0.349042 3
0.484256 -0.614425 1.74073 4
0.432262 -0.576374 0.886849 4
0.440471 -3.19315 4.50385 4
0.509857 0.00964786 1.57151 4
0.999173 -0.0681898 0.410132 4
-0.35159 -0.806934 -0.118901 4
-0.712564 0.193167 -2.90627 4
0.495453 0.00693887 -3.79727 4
-0.657691 0.339322 -0.586247 4
0.0211388 0.0152359 0.0387628 4
-0.458593 -0.756295 -3.24647 4
-0.925051 2.2307 -2.48332 4
-0.0295161 1.52865 -1.20176 4
-0.0717689 -0.0378917 0.119083 2
0.524398 -1.83423 4.15756 5
0.94795 -2.62679 5.18628 3
0.251483 -0.916265 1.71168 3
-0.0823867 -0.257949 0.286916 4
0.0297276 -0.319487 0.41991 4
0.52352 -0.474433 -2.2673 3
0.099845 -0.189043 -0.698848 3
-0.231301 0.995023 -0.91029 4
-0.0559051 -0.000344574 -0.483161 3
0.0390747 0.108781 -1.43582 3
2.02991 -3.41412 6.56634 4
0.36963 -0.951703 2.63912 4
-0.20858 -0.487563 0.78429 3
0.310742 -0.648562 1.54189 3
-0.4071 2.59465 -2.61121 4
-0.265343 1.05557 -1.4384 4
-1.29913 3.56479 -3.57403 4
-0.244026 0.966919 -0.765992 3
-1.01526 4.39908 -3.81076 2
-0.0218095 0.0959769 -0.084401 2
-0.0179026 0.0450477 -0.065552 1
-0.0245242 0.0350443 -0.230678 1
-0.131535 -0.289124 -0.044258 1
-0.0726623 0.0430889 -0.014244 1
0.0467447 0.0453091 0.00648179 1
-0.291053 -0.0144013 -0.0721691 1
0.00777514 -0.108198 0.0120937 1
-0.188918 -0.0979909 0.208385 1
0.0451331 0.0653148 -0.0115355 1
-0.102432 -0.0549822 -0.153519 1
0.0109404 -0.00472218 -0.0831792 1
0.102792 -0.121807 -0.05226 1
-0.151661 0.139174 -0.144298 1
-0.598473 -0.0456327 -0.098326 1
0.0367458 0.0533314 0.0180144 1
-0.0213762 -0.155507 0.0932632 1
0.0135998 0.264143 0.0507436 1
0.00862791 0.0204122 -0.0086842 1
-0.0244556 -0.257434 0.0636982 1
-0.0248488 -0.0170569 -0.0415041 1
0.0615898 0.0740837 0.0143265 1
0.176921 0.0403972 -0.0637235 1
-0.0511196 -0.0503814 -0.0195495 1
-0.0250517 -0.0807087 -0.0598068 1
0.0202231 -0.0159964 0.0663589 1
-0.0609003 -0.0242149 0.0376128 1
0.0607813 0.133817 0.0602803 1
-0.0729265 0.00566834 0.0780962 1
-0.015257 0.0407582 0.0214855 1
0.0877441 0.0621696 0.0844271 1
-0.0015371 -0.0853735 -0.0810647 1
0.180645 0.101004 0.160905 1
0.108277 0.203107 0.181542 1
0.142847 0.116647 -0.0830414 1
0.0180215 -0.0223703 -0.0772754 1
-0.482454 0.294963 -0.0487175 1
0.0203213 -0.0100633 -0.182503 1
-0.00565462 0.0500652 -0.0462523 1
-0.0284829 -0.0787685 -0.112062 1
-0.216274 -0.0612481 -0.107304 1
-0.0237447 -0.0178873 -0.030063 1
-0.0869462 -0.173611 0.0174507 1
0.10383 0.0039217 0.262088 1
0.00251658 -8.57721e-05 0.000848194 1
