# 1 = ball
# 2 = lepton
# 3 = photon
# 4 = PID > 100
# 5 = neutrino
# 6 = other
-0.6313 -0.275278 -0.11231 4
0.26934 0.255712 -0.880899 4
-0.0192263 -0.17138 -1.0014 4
0.234257 -0.486215 -1.45089 4
-0.19984 -0.559332 0.860761 4
0.13678 0.0760497 0.794043 4
0.278908 -0.531614 -0.0240574 4
0.386173 -0.0457958 0.455627 4
-0.277149 0.171408 -1.05412 4
0.39403 0.563602 -1.5941 4
-0.075967 0.0196416 0.269757 3
0.159515 -0.0107875 0.267389 4
-0.00489114 -0.268436 0.676538 4
0.231823 -0.0337405 0.762217 3
0.26494 0.105078 1.00805 3
0.52516 -0.103758 -19.1866 4
-0.0781786 0.0713411 0.461502 3
-0.14026 -0.052934 0.513925 3
-0.0433255 0.0105478 0.248255 3
-0.000382592 -0.0708003 0.0615868 3
0.0402343 0.0992515 -0.00328117 3
-0.0125275 0.0114601 0.0866321 3
0.00826724 0.0244985 -0.00630771 3
0.117547 0.00587274 0.292154 3
-0.00503119 0.211055 -0.3693 4
0.506653 -0.0402291 -0.877023 4
0.150008 -0.171778 -1.59969 3
0.0174857 -0.036388 -1.03306 3
0.0803209 0.0510241 -0.746809 4
-0.588843 -0.0953483 3.74306 4
0.597254 0.867925 12.2746 4
1.33262 0.467568 -7.63315 4
-0.284004 0.11415 -1.80774 4
-0.138275 0.0935736 0.492296 3
-0.100567 -0.0406919 0.220015 3
-0.073045 -0.0666126 -0.787673 3
0.0334622 -0.193673 -1.38934 3
-0.131635 -0.0188055 0.317822 3
-0.0593531 0.0501443 0.524764 3
-1.19229 0.0749778 7.65523 4
-0.561455 -0.061308 1.21087 4
-0.113509 -0.0776995 0.404407 3
-0.435478 -0.0219239 1.41518 3
-0.284902 0.156979 1.17073 3
-0.830656 0.377508 4.18306 3
0.101649 0.011875 0.0167708 1
-0.117238 -0.0346982 0.109326 1
-0.0908885 -0.120749 -0.252352 1
0.0890343 -0.11958 0.0878191 1
-0.0819854 -0.160868 -0.246736 1
-0.00764275 0.0677388 0.0218847 1
-0.186687 -0.00832778 0.354583 1
-0.0307581 -0.160346 0.166337 1
0.131999 -0.063582 -0.00537362 1
0.0495198 0.0278322 0.0038963 1
0.0240246 -0.0371662 0.0706219 1
-0.0100351 0.244882 0.120819 1
0.0537443 0.0319015 -0.0683137 1
0.207539 -0.033695 0.190475 1
0.0307546 -0.193207 -0.0406809 1
-0.0274056 0.105934 0.166891 1
-0.0611095 0.0536391 0.0961765 1
0.116828 0.122564 0.0854724 1
0.255989 -0.285269 0.328692 1
0.0708255 0.105563 -0.0171312 1
-0.000837614 0.000720257 -0.00192233 1
