# 1 = ball
# 2 = lepton
# 3 = photon
# 4 = PID > 100
# 5 = neutrino
# 6 = other
0.00748994 -0.0246629 0.028524 3
-2.22047e-06 4.17975e-08 -0.000141075 3
-0.44622 0.121806 -1.19076 4
0.803148 1.57787 -0.0818572 4
1.24384 0.616298 -1.58698 4
1.15951 2.00273 -1.25574 4
0.365124 -0.989901 1.50483 4
-0.563539 -0.163549 0.13102 4
0.00480133 -0.576303 0.33571 4
-0.171709 0.0912295 -0.231596 3
0.449624 -0.232299 0.538331 4
0.297846 -0.87092 1.27582 4
0.394161 0.0891064 0.0279436 3
0.64451 0.0117554 0.154551 3
0.167679 0.555823 -0.553482 4
0.855361 1.68411 -1.01328 4
0.550714 -0.356735 1.21241 3
0.0266014 -0.037709 0.174042 3
0.0938498 -0.184398 0.184729 3
0.725683 -0.622569 2.16023 4
0.833768 -1.78802 4.43486 4
0.0567186 -0.154794 0.0742295 4
1.01118 -1.61883 3.25607 4
0.490342 -1.11271 2.34317 4
0.293825 -0.254005 1.61381 4
0.00672174 -0.0441828 -0.00834205 3
0.0651004 -0.222629 0.291864 3
-0.0471578 0.061465 -0.00959413 3
0.0723901 0.270993 -0.103855 3
-1.00335 1.20156 -3.00179 4
-6.08936 3.23996 -11.4357 4
-0.917527 0.680865 -1.86602 4
0.745418 -1.3061 2.12336 2
1.30624 -2.35022 5.17206 5
0.589629 -1.44145 2.8887 4
-0.736637 0.393788 -0.935131 4
-0.367893 0.518916 -0.597773 4
0.0121409 0.00833762 -0.00192157 3
-0.271525 0.179939 -0.442762 3
-0.00777494 -0.0124113 -0.0242447 3
-0.81598 0.223588 -1.07827 3
-0.722435 0.341811 -1.21797 3
-1.35185 0.444945 -2.10232 3
0.564864 -1.07271 2.69692 4
0.292556 -0.884891 2.29236 4
-0.700013 0.865871 -1.6305 4
-0.127172 0.258493 -0.801186 4
-1.06534 0.805746 -2.12332 3
-0.0707508 0.100299 -0.167092 3
-0.235201 0.183746 0.0839733 1
-0.0597836 0.303491 0.468378 1
0.251926 -0.114582 -1.06992 1
0.357362 0.0477873 -0.0240598 1
-0.250631 -0.0343512 0.127379 1
0.194571 -0.608323 0.0704202 1
1.23289 -0.138937 -0.912134 1
-0.145723 0.335845 -0.197951 1
