# 1 = ball
# 2 = lepton
# 3 = photon
# 4 = PID > 100
# 5 = neutrino
# 6 = other
-0.000401082 -0.00122509 0.0413032 3
0.0419842 -0.0931686 -0.357893 4
0.73634 0.130077 0.299607 4
-0.0373374 0.029897 1.59871 4
0.0386104 -0.0573066 3.11221 4
0.527239 -0.0288622 2.02266 4
-0.605084 -0.957433 -10.2064 4
-0.812265 -0.388779 -6.04556 4
0.151175 0.171221 -1.91147 4
-0.838677 -0.0601971 -0.450484 4
-0.0361028 0.146469 -0.765433 4
-0.593341 0.531852 1.95763 4
0.836889 1.23114 9.9774 4
0.1365 0.500288 3.0621 4
-0.146007 -0.0324581 -3.1362 3
-0.272766 -0.176433 -4.14841 3
-0.357605 -0.599969 -3.36787 3
-0.598537 -0.781225 -5.32989 3
0.288271 -0.633231 -1.43559 3
0.0294862 -0.169486 -0.252503 3
0.0849854 0.102163 0.780145 3
-2.97525e-05 -0.0343092 0.101609 3
0.126381 0.173019 0.952314 3
0.0109315 0.201966 0.652303 3
0.00392552 0.00851702 -0.0971246 3
-0.493316 -0.231595 -4.67495 3
0.489589 0.394532 3.34812 3
0.786313 0.442843 4.47728 3
0.707213 0.370188 5.44332 3
0.479994 0.13312 3.28092 3
0.376576 0.145098 0.820011 1
0.0892575 0.489998 0.0697908 1
-0.20408 -0.393606 -0.191761 1
-0.540828 -0.0910823 0.224607 1
-0.161313 -0.447004 0.301899 1
0.518266 -0.250946 0.148343 1
-0.969133 0.110564 0.0354259 1
0.206896 0.11536 -0.336169 1
