# 1 = ball
# 2 = lepton
# 3 = photon
# 4 = PID > 100
# 5 = neutrino
# 6 = other
-0.325819 -0.374871 -0.879363 3
0.000326054 -0.00133563 -0.00386929 3
0.952275 0.0878338 0.830369 4
1.04136 0.209539 0.228343 4
-0.33091 2.93032 -1.45575 4
0.275645 0.0499979 0.174509 4
0.0597617 -0.406639 0.128989 4
-1.0385 0.185891 0.0300894 4
-1.29419 -2.73044 -1.11902 4
-0.397245 -1.13268 -0.399575 4
2.19966 3.689 1.00725 4
-0.167408 -1.15967 1.00446 4
-0.189657 -0.759713 0.601139 4
0.00185468 0.0418493 -0.0772987 4
0.286772 0.0948304 0.0906998 4
-1.77711 0.720362 0.071157 4
-0.0753075 -0.0314349 0.020912 3
-0.0434314 -0.0758042 0.2099 3
0.190238 -0.118141 0.276807 4
0.0730831 -0.138056 -0.0475829 4
-0.229571 0.268713 -0.25778 4
-0.035596 0.599824 -0.344422 4
-1.13613 1.5416 -0.320912 4
-0.176605 0.201256 0.000328734 3
-0.369656 -0.250977 -0.294424 3
-0.214682 -0.146048 -0.310157 3
-0.901062 -1.3202 -0.684237 3
-0.211183 -1.06562 -0.335985 3
-0.0119061 0.0957666 -0.0774451 3
0.00617053 0.0126912 0.0497504 3
-0.15297 0.0568697 -0.147937 3
-0.201544 -0.0341588 -0.0606227 3
1.99345 3.19054 1.60063 4
1.57357 1.61385 0.804834 4
1.43578 1.89993 0.632889 4
4.83172 7.38964 3.48981 4
0.0361271 0.0540916 0.0737978 3
0.11125 0.0086998 0.504589 3
-0.0119874 -0.0432301 -0.0419923 3
-0.0560907 0.0158807 0.0762043 3
-2.20828 -5.62832 -1.99436 4
-1.87418 -2.94192 -1.20235 4
-1.7595 -3.75104 -1.72991 4
-0.150693 -0.389547 -0.143091 3
-1.50985 -3.48804 -1.70931 3
0.659819 -0.365456 0.395501 1
-0.336628 -0.219938 0.146211 1
0.25743 0.284494 0.383871 1
0.287985 0.00842146 0.322547 1
-0.192731 0.104565 0.167425 1
0.27428 0.697532 -0.356375 1
0.565596 -0.204536 1.47574 1
0.779666 -1.1194 -0.922677 1
0.226079 0.150144 0.100282 1
0.0606104 -0.0965119 -0.084817 1
0.351787 0.0239731 0.00385801 1
0.707779 0.432421 0.823118 1
-0.0984522 0.461916 -0.254956 1
-0.0553192 0.182135 0.276886 1
0.0459066 0.0851013 0.0778335 1
0.276456 0.332007 -0.0972947 1
-0.130718 0.277403 0.285805 1
0.608001 1.03186 0.344742 1
-0.277845 0.204046 -0.0167755 1
-0.100788 -0.216346 0.106386 1
-0.358274 -0.221321 0.122947 1
-0.0244942 -0.0430061 -0.34295 1
-0.38194 -0.298921 -0.564969 1
0.238343 0.588675 0.0235182 1
0.423687 0.190082 -0.118153 1
-0.62968 -0.0773989 0.207916 1
-0.223428 -0.337129 0.289413 1
-0.10636 0.125604 -0.276374 1
0.00912977 -0.0932193 -0.217597 1
-0.567259 0.602199 -0.59121 1
0.092501 -0.291569 -0.0760049 1
-0.497798 -1.10966 0.265725 1
-0.101317 -0.0592778 -0.169624 1
