# 1 = ball
# 2 = lepton
# 3 = photon
# 4 = PID > 100
# 5 = neutrino
# 6 = other
-0.846241 -1.81951 1.32037 4
0.0707703 0.291602 -0.168757 4
-0.209052 0.231767 0.0841614 4
-0.385537 -0.0201639 -0.139754 4
0.0111739 1.04875 -0.515117 4
-0.0733915 -0.0594431 0.062569 3
-0.291868 -0.587342 0.185328 4
-0.18913 -0.641449 0.54364 4
0.0877225 0.0248959 -0.0365325 3
0.625763 0.525653 -0.105598 3
0.102506 0.0985819 -0.177835 3
0.128703 -0.0183935 0.146125 3
0.160033 -0.0975824 0.503325 3
-0.0221815 0.0225783 -0.385792 3
0.0139722 0.234021 -0.798339 3
-0.844614 -0.894111 1.15971 4
0.0237606 -0.0339279 0.0701526 3
-0.184753 -0.345266 0.54638 3
0.902347 0.478671 -0.665003 5
-0.193797 -0.28028 0.351386 3
-3.5753 -5.10956 5.62939 3
-1.20956 -2.09183 2.56644 4
-0.755164 -0.47374 0.845832 4
1.93323 2.63761 -3.47306 5
1.29955 1.40558 -1.52463 4
-0.206588 -0.565602 0.632142 4
-0.268633 -0.564076 0.615732 3
-0.0321478 -0.182225 0.113483 3
0.703537 1.03178 -1.13193 3
2.0351 2.84066 -3.45766 3
1.0234 1.078 -1.58264 3
0.0678462 0.0296104 -0.0695569 3
0.254247 0.301685 -0.358987 3
0.405918 0.780275 -0.726232 3
0.0692251 0.119722 -0.138433 3
1.48054 1.74992 -1.80066 3
-0.0394686 0.0996741 -0.260499 4
0.225349 0.201629 -0.179376 3
0.0576315 0.154992 -0.176155 3
-1.05441 -2.01818 2.30274 4
-0.952716 -2.81704 2.83483 4
1.0129 1.32174 -1.64681 3
0.051365 0.501131 -0.337034 3
0.271246 0.369904 -0.229934 3
2.59836 3.73293 -2.74826 3
-0.761822 -2.64211 2.4554 4
-0.0386664 -0.0856171 0.0513292 3
-0.306213 -0.159357 0.347303 3
-0.173236 -0.115914 -0.014963 1
-0.431867 0.285145 0.213683 1
-0.351371 -0.178878 0.162965 1
0.0535401 -0.133148 -0.0956802 1
-0.462604 0.319606 -0.204197 1
0.711313 0.385098 0.128597 1
-0.112575 -0.0207639 -0.0430018 1
-0.174681 0.0410923 -0.0190495 1
-0.145047 -0.296635 0.21031 1
0.601494 -0.0428439 -0.336418 1
-0.147543 -0.323298 0.213043 1
-0.143487 -0.0196373 0.156328 1
0.188851 -0.956545 0.0397285 1
-0.620506 0.624587 -0.402359 1
0.36633 0.138397 -0.226167 1
0.354375 -0.321623 0.294603 1
0.412031 -0.192938 0.195851 1
-0.00338795 0.314285 0.223616 1
0.144713 -0.566311 -0.0790554 1
0.224028 -0.275894 0.21569 1
-0.42455 0.518114 -0.517035 1
-0.692691 -0.194441 0.218156 1
0.00995601 -0.0348739 -0.361102 1
-0.0777275 -0.403265 -0.273644 1
0.278881 0.660009 0.619023 1
-0.360435 0.0516996 0.086911 1
-0.553078 -0.0699025 0.182323 1
-0.748498 0.545463 -0.691812 1
0.138265 -0.315027 -0.182995 1
0.323818 0.187461 -0.660148 1
-0.0150889 0.0460508 0.0150067 1
-0.677954 0.187578 0.1317 1
-0.383964 0.381438 0.428731 1
-0.201237 -0.141604 0.00402562 1
-0.107257 0.162943 -0.277565 1
-0.179485 0.0425291 -0.285442 1
-0.0593977 -0.0882751 0.313287 1
0.265126 -0.00621909 0.0838992 1
