# 1 = ball
# 2 = lepton
# 3 = photon
# 4 = PID > 100
# 5 = neutrino
# 6 = other
0.136829 0.134276 0.0417077 4
0.11813 -0.39683 1.16961 4
-1.42927 -0.160117 -0.569791 4
-0.107791 2.07205 -0.883626 4
-0.347233 0.41485 -0.990573 4
-0.448272 0.579029 -0.340529 4
0.76154 1.09062 -0.837036 4
-0.0532506 2.77113 -2.187 4
-0.0494081 0.0311349 -0.329243 4
-0.624266 -0.775204 -0.282432 4
0.00846193 -0.407679 0.481289 3
-0.253825 -1.87578 1.44732 3
-0.181081 -0.712167 0.563916 3
0.00714376 1.08475 -0.906995 4
0.193775 -1.75268 1.76815 4
-0.278438 7.46963 -6.88062 4
0.0947365 2.27863 -1.82973 4
0.134107 -0.332825 0.339353 3
0.275985 -1.39541 1.30012 3
-0.0578858 -0.0216605 0.0369938 3
-0.104498 -0.335237 0.323207 3
-0.146264 -2.06077 3.05939 4
-0.536441 -2.48129 3.15077 4
0.450841 0.658364 -1.28918 4
-0.127922 2.67947 -3.46947 4
1.28136 5.40552 -5.5543 4
0.175331 0.366473 -0.678226 4
-0.0233092 -2.43416 2.63859 4
0.0265266 -1.82365 2.03515 4
-0.00132214 -0.206173 0.315437 3
-0.0377229 -0.353965 0.282565 3
0.342934 -3.10044 4.04137 3
0.0329674 -0.243111 0.382878 3
0.161224 -1.1201 1.22036 3
0.118699 -1.55514 1.51105 3
-0.32913 0.855914 -0.754695 3
-0.219291 0.557444 -0.642902 3
0.143754 -1.22654 1.46352 4
0.0428716 -0.427271 0.426851 3
0.179368 -0.509033 0.429511 3
-0.212039 -1.07343 1.21165 3
-0.172436 -1.40064 1.39741 3
-0.00504987 0.406683 -0.0995206 1
0.503488 0.605872 0.0306602 1
-0.0239146 0.0563657 -1.36153 1
0.060896 -0.116081 -0.345582 1
-0.585531 -0.687675 -0.541591 1
0.01773 0.13093 0.222492 1
1.08688 -0.664061 -0.516753 1
