# 1 = ball
# 2 = lepton
# 3 = photon
# 4 = PID > 100
# 5 = neutrino
# 6 = other
6.07048e-05 0.0038126 -0.0618886 3
0.0820248 0.117075 4.80842 3
-0.105233 2.76051 -1.07081 4
-0.921112 3.731 -1.51203 4
-0.206487 0.755672 0.376033 4
-0.559242 -0.879904 0.0415553 4
3.89367 -6.14185 2.90788 4
-0.354522 0.542122 0.0330648 4
0.405597 0.193839 0.0679608 4
0.0547343 -2.16771 -0.0872301 4
0.129696 -0.153954 0.0875188 4
-0.526064 1.62575 -0.930115 4
-0.0526414 0.128563 -0.0559054 3
-0.813539 3.54894 -1.09086 3
0.0128172 0.0101262 0.139072 4
-0.72498 -1.12335 -1.01626 2
-0.30443 -0.206548 -0.35871 5
0.22292 -0.526511 0.321689 3
0.63482 -1.58807 0.705499 3
3.41956 -7.05202 2.8284 2
2.25358 -3.69808 1.98321 5
-0.176224 0.146598 0.0587839 3
-0.498223 0.731053 0.331268 3
-0.196757 0.000154925 0.155229 3
-0.000665087 -0.0377203 0.0725947 3
-1.25139 3.74555 -2.33337 4
-0.915181 2.04627 -1.09959 4
-0.0107953 -0.454105 0.160514 4
-1.24151 3.8687 -2.48804 4
-0.109542 0.903148 -0.49052 3
-0.0568094 0.445673 -0.139315 3
-1.15531 3.62555 -2.09206 3
-0.807816 2.19277 -1.30718 3
-0.235797 -0.598773 0.583736 4
0.0379109 0.0684491 0.063599 3
0.0348563 1.04487 0.932572 3
-0.270301 -0.341519 -0.175278 3
-0.170188 -0.0840242 -0.0433196 3
1.3264 -3.76861 1.69858 4
0.542596 -1.35413 0.545872 3
0.0286368 -0.0624054 -0.00374958 3
-0.308469 -0.0511865 -0.364744 1
0.0368172 0.128254 -0.0914047 1
0.16585 -0.174974 0.0301336 1
-0.210716 -0.233593 0.0435831 1
-0.125978 0.0382074 -0.0686216 1
-0.339377 -0.0288334 -0.26395 1
-0.450495 -0.767628 -1.06912 1
0.41574 -0.0277115 0.0281495 1
0.0180751 -0.638562 0.0291709 1
-0.033611 0.0248242 -0.107783 1
0.235674 -0.154884 0.166898 1
-0.000712129 -0.141598 0.209693 1
-0.16441 0.04433 -0.261093 1
-0.0944856 0.305649 -0.641151 1
0.139516 -0.228984 0.193674 1
-0.179246 -0.0928498 -0.163203 1
-0.201058 0.148355 0.078606 1
0.140997 -0.062838 0.18781 1
-0.825107 -0.298106 0.118239 1
-0.267023 -0.396799 -0.423586 1
0.588291 0.123221 0.110625 1
0.0174903 0.529 -0.349281 1
0.0271321 -0.0402242 0.0605374 1
