# 1 = ball
# 2 = lepton
# 3 = photon
# 4 = PID > 100
# 5 = neutrino
# 6 = other
-1.11925 2.43893 -1.89954 4
-0.155162 0.668255 -0.437314 4
-0.145419 0.0591208 -0.0513896 4
1.14994 -2.057 1.1195 4
4.98838 -11.7985 6.19133 4
2.32812 -4.75957 2.71676 4
-1.08068 1.60755 -1.61931 4
0.0925266 -0.0558408 0.747827 4
-0.199247 -1.55598 0.758602 4
0.0747212 -0.332785 0.634362 4
1.39889 -2.10597 1.03868 4
-2.60022 5.48436 -3.76297 4
-2.25746 5.09039 -3.37654 4
-0.159189 0.7608 -0.359958 4
-0.246973 0.591204 -0.605869 4
-0.0291392 0.011586 0.0261739 3
-0.326714 0.0950337 -0.164234 3
-0.121334 0.181617 -0.0343026 3
-0.0787215 0.150769 0.0929595 3
0.347129 0.318509 -0.311847 3
0.0329619 0.0213639 0.0128496 3
0.56533 -1.06868 0.497923 4
0.191059 -0.659681 0.187627 4
0.0718578 -0.0542751 0.0409666 3
0.266774 -0.189505 0.498327 3
0.473478 -0.656992 0.483181 3
0.613896 -1.10371 0.850145 3
-0.210408 1.36946 -0.23775 3
-0.141011 0.578054 -0.175842 3
0.0534923 -0.696828 0.801839 3
-0.00448034 -0.0096186 0.0553857 3
-4.49944 10.0505 -6.54363 3
-0.36038 0.891608 -0.592971 3
0.00341105 -0.0198891 -0.0632807 3
0.0530763 0.0583356 0.0370324 3
-0.0319004 0.0417655 0.0550286 3
0.110166 0.0705896 0.0305268 3
0.270768 0.106822 0.233975 3
0.0213382 -0.025564 0.00122921 3
-0.0124912 0.00244364 -0.00797461 3
0.134946 0.326414 0.233507 3
0.00443839 -0.0102201 -0.00730809 3
0.518145 -0.536179 0.58407 3
0.330403 -0.999593 0.706935 3
0.0684873 -0.158048 0.0572044 3
0.0742538 -0.068192 0.0809099 3
0.0869194 -0.446377 0.318026 3
0.473574 -1.36203 0.661399 3
0.0517385 -0.0710564 0.0181193 3
0.349914 -0.0738589 -0.270534 1
-0.0131661 0.0213057 -0.12648 1
-0.115635 0.0907921 0.163946 1
-0.238015 -0.0178988 -0.0947674 1
-0.163425 -0.158505 0.172483 1
0.191697 -0.00776466 0.277035 1
0.0675967 -0.0573451 -0.00280809 1
0.0504826 -0.0417471 0.0183433 1
0.00198198 0.159497 0.0786881 1
0.10543 -0.178952 -0.123723 1
-0.06746 -0.252218 -0.112673 1
-0.0783617 0.10631 -0.10657 1
-0.252417 0.164595 0.113042 1
-0.142642 0.41105 -0.146853 1
-0.0680288 0.0227837 0.0287414 1
0.0226119 -0.056133 -0.0401146 1
-0.0469439 -0.145181 -0.293642 1
0.0124941 -0.0261123 -0.00612343 1
-0.0106128 -0.0398003 0.047134 1
-0.221886 -0.097447 0.0458891 1
-0.0639329 -0.0198241 -0.0356443 1
0.23795 -0.179941 -0.206438 1
0.0215118 -0.04866 -0.047173 1
0.0343945 0.0917069 0.0831549 1
0.00521656 -0.0199856 -0.00576158 1
0.0861085 0.0344044 0.0088182 1
-0.219294 -0.06781 -0.0946811 1
-0.0235962 0.104734 0.256484 1
0.00537528 0.34083 0.452244 1
-0.00433552 -0.0695041 -0.0030304 1
-0.36981 -0.398537 0.277653 1
-0.00549663 0.185898 -0.0136779 1
0.363074 -0.101945 0.0390458 1
-0.350047 0.160705 0.0235351 1
0.00218381 -0.00163457 0.0033641 1
-0.0453436 -0.0049165 -0.00660804 1
-0.128168 -0.00228431 0.127406 1
