# 1 = ball
# 2 = lepton
# 3 = photon
# 4 = PID > 100
# 5 = neutrino
# 6 = other
0.160926 -0.0323372 0.0971632 3
-0.613523 -0.386161 0.487403 4
-0.236043 -0.453396 1.43433 4
1.59174 0.047837 0.510141 4
-2.05288 -0.380268 -1.16062 4
-0.723715 -0.0175992 -0.442855 4
0.364818 -0.0215687 0.107045 4
-0.598108 0.400658 0.59997 4
0.17487 -0.137094 0.230375 4
0.195209 -0.462293 0.241608 4
0.626909 -0.0204934 1.24561 4
0.256774 -0.011203 0.0998827 3
-0.238625 -0.0479529 -0.19785 3
0.0630454 0.241312 0.221436 3
0.0104695 0.0608623 0.188914 3
8.77506 0.0416916 3.9782 5
-3.38608 0.367312 -2.32105 4
8.50523 1.26814 4.82102 5
2.3088 -0.407797 1.40595 4
1.08559 0.173326 0.524568 3
-3.9672 -0.648737 -3.79237 4
-0.7457 -0.0731905 -0.547466 3
-6.17432 -0.987271 -4.45872 3
-0.216668 -0.0233582 -0.331333 4
-5.08986 -0.12454 -3.41058 4
0.973474 0.145918 0.640575 3
2.96019 0.22991 1.81283 3
-6.28142 -0.2075 -3.67117 4
-3.22358 -0.0279038 -2.02106 3
-0.506495 0.0451918 -0.295138 3
-1.35731 0.0651887 -0.545152 3
-0.603311 0.112909 -0.209782 3
0.971322 0.19003 0.77598 4
1.43648 0.359243 1.1667 4
2.77734 0.256556 0.749749 4
1.25314 0.026729 0.953364 3
0.357059 0.0700372 0.231699 3
0.602645 0.133883 0.493319 3
0.56374 0.233929 0.38733 3
