# 1 = ball
# 2 = lepton
# 3 = photon
# 4 = PID > 100
# 5 = neutrino
# 6 = other
0.155807 0.657377 -1.42595 4
0.30904 -0.572172 0.0891862 4
-0.436606 0.456817 -0.0567206 4
-1.25422 0.267141 -0.602003 4
-0.822698 0.336994 0.0709798 4
-6.59069 2.38072 0.678699 4
-5.08889 1.80658 -0.33666 4
-1.71966 0.505166 -0.104043 4
4.90512 -2.46782 -0.265986 4
1.57302 -0.851283 -0.308022 4
0.0479299 0.0985736 0.0125556 4
0.153483 0.377561 0.186304 4
-0.875945 0.827166 -1.10658 4
-0.07216 0.31979 -0.377817 4
-0.16036 0.373097 -0.258986 4
-2.45916 0.779244 -0.122248 4
20.9791 -9.0757 1.11802 3
1.04616 -0.521048 -0.0495786 3
0.289454 -0.0943734 0.349265 4
0.61312 -0.300463 0.286178 4
-0.122387 0.0443342 0.0253222 3
-0.0864133 0.188516 -0.0175621 3
-1.62811 0.679304 0.147135 3
-0.788718 0.378342 -0.0105578 3
-3.6908 1.31819 0.264631 3
-8.26556 3.05521 0.773136 3
0.635705 -0.197426 -0.0681961 3
2.25161 -0.762553 0.00458315 3
2.14052 -0.5251 0.0367253 3
0.847669 -0.285618 -0.0262503 3
-2.829 0.77389 0.347849 3
-1.18569 0.414182 0.131951 3
0.302918 -0.0466938 0.146114 3
0.0586845 -0.0731476 0.0124518 3
-0.0135424 -0.0286501 0.0407147 3
0.133666 -0.0244361 -0.0220427 3
0.0353832 0.0720725 -0.030771 3
0.0722445 -0.0403605 0.0342873 3
0.155789 -0.124973 -0.210164 3
0.000988729 -0.0790804 -0.0222241 3
0.385169 0.0510207 0.333583 1
-0.022096 0.0469175 -0.0283453 1
0.203853 0.0568019 0.00199328 1
0.133509 0.27216 0.231671 1
-0.136845 0.0376802 -0.0437917 1
0.180348 -0.0643357 -0.142791 1
-0.0388202 -0.00721262 -0.0427282 1
0.0302225 0.113799 0.0360747 1
-0.103048 -0.0574824 0.076341 1
-0.130944 -0.162382 -0.00800888 1
0.132223 0.0332577 0.0211096 1
0.23372 -0.170326 -0.0918057 1
0.0720629 0.00762831 0.0743935 1
0.0380589 -0.21576 0.178393 1
-0.165968 0.171158 0.180089 1
0.584657 0.216014 -0.170138 1
0.0338182 -0.209926 0.152622 1
-0.0444862 -0.158452 -0.0913186 1
-0.00223959 6.37538e-05 -0.00107877 1
