# 1 = ball
# 2 = lepton
# 3 = photon
# 4 = PID > 100
# 5 = neutrino
# 6 = other
0.218928 0.0003495 2.30324 3
-0.385629 0.3159 0.188863 4
-0.499056 0.202616 -0.693859 4
0.402922 0.00743247 0.173922 4
0.235242 -0.640378 -0.523755 4
0.0251999 -0.149343 -0.222995 4
0.796075 -1.56632 2.72159 4
2.58597 -1.44304 1.52412 4
0.67154 -0.0877791 0.715916 4
-4.16745 2.9137 -3.97658 4
-7.65917 4.64706 -6.02525 4
-7.5255 5.13801 -6.82394 4
-4.73933 3.27561 -4.73336 4
0.244351 0.177381 0.17959 4
1.18693 -1.20271 1.23972 4
7.38966 -2.85727 4.53256 4
-0.340101 0.0339755 -0.324604 4
2.58652 -2.02768 1.62035 4
0.312493 0.388217 0.124367 3
0.00155156 0.0602375 0.04471 3
0.35084 -0.328453 0.520093 4
0.700561 -0.512578 0.553377 4
0.520063 -0.12185 0.680595 3
0.362253 -0.118862 0.327135 3
0.20639 -0.156691 0.101709 4
0.709124 -0.763109 0.673132 4
0.671669 -0.21517 0.0454176 4
0.825835 -0.489285 0.490802 4
-0.032591 -0.128443 0.0381731 3
0.101559 -0.164407 -0.00660927 3
0.492529 -0.557613 -0.00217544 3
0.19094 -0.11091 0.0199721 3
0.742723 -0.883491 0.877322 3
0.0595686 -0.101135 0.0451718 3
2.73488 -0.854595 1.26236 3
0.0735915 -0.0372278 0.0170062 3
0.661632 -0.540177 0.519862 3
0.206168 -0.091329 0.179323 3
-0.005717 -0.00270671 0.000695665 3
0.695824 -0.151281 0.609696 3
0.130298 -0.0225308 0.22335 3
0.0873796 -0.103885 0.0821493 3
-0.0150243 -0.00986317 0.0483184 1
-0.10518 0.0164025 -0.0995589 1
0.0279712 -0.024566 -0.033132 1
-0.0525693 -0.128525 -0.0349276 1
-0.351074 -0.328056 0.0191244 1
-0.0847161 -0.0755636 -0.0262961 1
0.0948135 0.0260638 -0.202342 1
0.011345 -0.262516 0.0334409 1
-0.128675 0.0105281 -0.00935219 1
0.0985673 0.0383446 0.0457924 1
-0.130374 0.177529 -0.119321 1
-0.0271855 -0.0186699 0.0239788 1
0.0238107 -0.0868167 0.306947 1
-0.1003 -0.105762 0.0968958 1
-0.0851699 -0.0525881 0.0436704 1
0.0103084 -0.25359 0.37407 1
-0.0644555 0.0173222 -0.154795 1
0.052636 -0.21837 0.027358 1
-0.154738 -0.111579 0.0855719 1
0.00218739 -0.007719 0.00172852 1
0.0367918 -0.0486626 0.0723541 1
0.00537142 -0.07155 -0.00298999 1
0.00657849 0.0115841 -0.0342419 1
0.179023 -0.158743 -0.151657 1
-0.0122259 -0.00113628 -0.0234618 1
0.0750465 0.112219 0.172089 1
-0.0608215 0.0642329 -0.0341022 1
-0.226753 -0.0938977 0.202424 1
0.105691 0.271623 0.186388 1
-0.102469 0.138387 -0.037923 1
-0.0857441 0.129138 -0.0181068 1
-0.09652 -0.0469396 -0.00423271 1
-0.515962 -0.180973 -0.139964 1
0.0954636 0.187703 -0.0879511 1
-0.0899419 -0.0595154 -0.0742854 1
0.037865 -0.0402925 0.0295522 1
0.104221 0.101849 -0.0108901 1
0.0114102 -0.00518041 -0.00967359 1
-0.0666671 0.00547415 -0.0124911 1
-0.00106092 0.00958762 0.0249816 1
-0.183615 0.127416 0.170461 1
-0.0584782 0.0967567 0.0603898 1
0.035466 0.048428 0.0327564 1
-0.0446542 0.0689835 -0.0385548 1
0.00313976 0.00125518 -0.00119777 1
