# 1 = ball
# 2 = lepton
# 3 = photon
# 4 = PID > 100
# 5 = neutrino
# 6 = other
0.00159364 -0.00147858 -0.000299322 3
-0.0762398 -1.78147 -2.79068 4
-0.085584 0.402187 -0.307449 4
0.18158 -0.415864 0.193765 4
-0.402962 1.3052 0.391008 4
-0.355971 0.586147 0.427228 4
0.169934 1.83803 2.36197 4
0.694041 -1.81146 -3.09135 4
0.644224 -2.53458 -3.68556 4
1.60375 -6.25027 -6.47376 4
-0.125127 -0.282046 -0.186228 4
-0.0299178 -0.710265 -0.205985 4
-0.275542 -0.210253 -0.219985 4
-0.910853 3.40899 3.39603 4
-0.76489 1.41333 1.2215 4
0.34573 -1.15856 -1.73925 3
-0.1168 0.108194 0.0244607 4
-0.148914 0.0736513 -0.18075 4
0.193137 -0.19143 -0.473911 3
0.251051 -0.49178 -0.810587 3
0.216585 -0.384742 -0.814135 3
0.200812 -0.292385 -0.441234 3
0.337223 -0.611087 -0.543467 4
-0.0605391 0.0183791 0.00895297 3
0.0540516 0.101633 0.0574121 3
-0.676672 6.30593 9.79878 4
-0.0110436 0.117834 0.133184 3
-0.40049 1.63459 2.63606 3
0.8129 -3.44051 -4.62111 4
-2.57459 8.06169 12.4829 4
0.854635 -3.32736 -3.99534 4
0.575492 -2.37239 -3.86453 4
-0.0840547 0.647235 1.05083 3
-0.0365497 0.244903 0.261553 3
