# 1 = ball
# 2 = lepton
# 3 = photon
# 4 = PID > 100
# 5 = neutrino
# 6 = other
0.223813 0.3296 0.278915 4
0.256205 -0.357448 0.011057 4
-0.324951 -0.344382 0.0110104 4
-2.9057 -0.789994 -0.893162 4
4.22786 1.41532 1.20856 4
4.86279 0.979156 1.99824 4
1.15099 0.313223 0.369144 4
-0.0677379 -0.0101931 -0.0946395 4
0.235453 0.215694 -0.562356 4
-0.115343 0.13989 0.860715 4
-3.92832 -1.18782 -2.17982 4
-1.28707 -0.233738 -0.311116 4
-10.3511 -3.11879 -3.09103 4
-1.4229 -0.71386 -0.704106 4
-1.7023 -0.831736 -0.682508 4
8.54103 2.98837 3.39447 3
0.206044 0.0794174 0.080129 2
1.46805 0.565937 0.570503 2
5.43738 1.61394 1.98368 3
6.28968 1.72765 2.34053 3
0.359261 -0.222839 0.220842 3
-3.63551 -0.574386 -1.61629 3
-0.728488 -0.0701828 -0.366304 3
-0.878593 -0.469094 -0.364743 3
-1.98613 -0.997639 -0.610381 3
-4.58744 -1.29581 -2.10386 3
-0.117572 -0.0348257 -0.0312637 3
0.448843 0.0994611 0.173078 3
1.84644 0.694743 0.73492 3
0.175823 0.0560412 0.0596804 3
0.358598 0.326113 0.0825579 3
-2.89575 -0.619483 -1.41003 3
-0.775298 -0.230976 -0.351935 3
0.30974 0.085672 0.0832643 3
1.0567 0.442784 0.0846401 3
0.0889378 -0.0641818 -0.0836183 1
0.0619493 0.0757211 -0.093241 1
-0.0422759 -0.049223 -0.0547656 1
-0.114345 -0.13432 -0.132468 1
-0.165268 -0.359783 0.213122 1
-0.0233163 0.0582556 0.0429692 1
0.0100937 -0.103839 0.14564 1
-0.0559301 0.19524 0.0715371 1
0.0574515 0.117861 -0.109405 1
-0.0204594 0.00811405 0.0245981 1
0.12772 -0.0440586 -0.0716494 1
0.0537677 -0.123747 -0.0210594 1
0.294071 0.0918169 0.399113 1
-0.158252 0.0779206 -0.00490989 1
-0.230519 0.155416 0.331434 1
-0.0426178 0.180595 0.165927 1
-0.0303111 -0.000701407 -0.107349 1
0.178452 -0.0415397 0.159813 1
0.108649 -0.0141616 -0.0724039 1
0.15814 0.00483712 0.0256626 1
-0.000413727 -4.88563e-05 -0.00134001 1
