# 1 = ball
# 2 = lepton
# 3 = photon
# 4 = PID > 100
# 5 = neutrino
# 6 = other
-1.72922 0.263135 -1.64555 4
-2.14325 -0.495178 -2.12899 4
-0.509644 -0.763972 -1.27515 4
-0.64341 -0.187446 -0.39461 4
0.538838 0.00680492 0.422877 4
-0.090253 -0.0826823 0.117953 4
-1.4241 -0.493104 -0.508078 4
-0.399821 0.671558 -0.864727 4
0.698508 0.37105 0.114936 4
4.13077 0.348562 0.0708723 4
3.43367 0.751112 1.22661 4
4.60851 0.789326 0.85068 4
-2.80552 0.461857 -0.82314 4
-0.271901 -0.0484848 0.0205446 4
-2.00214 -0.121805 -0.419527 4
-0.479827 0.360183 -0.227381 4
-0.703421 0.165082 -0.638452 4
0.012605 -0.334429 -0.788195 3
0.0336993 -0.564738 -0.942957 3
0.31136 0.042511 0.194186 4
0.260299 0.177555 -0.00875637 4
0.145042 0.00290718 0.0326692 3
0.0719098 -0.0526437 -0.105879 3
0.155596 0.0691195 -0.102223 3
0.180778 0.344195 -0.341116 3
0.0173292 0.258443 -0.19421 3
0.0642576 0.00522279 0.0176571 3
1.71385 0.812098 0.24708 3
-1.03701 0.114064 -0.0151351 4
0.0533152 0.0557885 -0.0760589 3
-0.065384 -0.00432471 -0.102316 3
0.547587 -0.00496291 0.122219 3
0.843999 -0.0618484 0.0287832 3
2.84269 -0.643945 0.934449 5
-0.793061 0.0257506 -0.180332 3
-2.94362 -0.131031 -0.539386 3
-0.353318 0.010146 -0.0244352 3
-0.766633 -0.0689167 -0.233375 3
-0.696137 -0.050042 -0.0246262 3
-0.903314 0.0443399 -0.140503 3
-0.0341142 -0.00558504 -0.0360061 3
-0.81694 0.0387615 -0.126172 3
-1.05304 -0.179166 -0.144884 3
-1.48082 -0.0949232 -0.165203 3
-0.220222 -0.0474927 0.0100817 3
-1.70448 -0.136684 -0.218893 3
1.55763 -0.0364247 -0.132822 5
1.34874 -0.230555 1.11408 4
2.94857 -0.890258 2.07694 2
0.360282 -0.185327 0.195689 5
-2.57995 0.388057 -0.0968162 4
-2.75506 0.272263 -0.870143 4
-6.38045 0.495305 0.216848 3
-1.16691 0.147711 0.0500117 3
0.151657 -0.0410355 0.0104046 3
0.529969 -0.200103 0.298164 3
0.00719973 -0.00973439 0.0337847 3
0.330243 -0.245812 0.0274481 3
7.83652 -0.526739 4.15833 4
3.21756 -0.553516 1.94275 4
