# 1 = ball
# 2 = lepton
# 3 = photon
# 4 = PID > 100
# 5 = neutrino
# 6 = other
0.000196828 0.00125439 -0.000249512 3
-6.39285 1.82117 2.69642 4
-0.995828 0.259994 0.889657 4
-1.64344 0.503176 0.747308 4
-2.16565 0.554037 1.3188 4
-1.92895 0.788776 1.11924 4
4.33882 -3.27996 -2.53684 4
6.93834 -3.20891 -3.80601 4
3.48349 -0.527717 -2.58 4
-1.70963 0.383111 0.590065 4
-4.38448 1.60247 2.81117 4
-5.80543 2.42896 2.85136 4
-2.11269 0.416257 1.18487 4
-0.168143 0.329793 1.0033 4
0.196621 0.0888897 -0.0119757 4
4.5471 -2.14139 -2.41407 4
2.33386 -0.177878 -1.79206 4
-2.35031 0.991129 2.27006 4
-0.904607 0.433591 0.560675 4
-0.369252 -0.429481 -0.18004 4
0.0261723 0.0144837 -0.0589387 3
0.09192 -0.0719604 -0.0373689 3
1.08443 -0.346249 -0.233891 3
1.01457 0.0929187 -0.995797 3
0.335028 0.0282576 -0.228259 3
-0.141696 -0.0360446 0.131803 3
-0.251546 0.112004 0.195056 3
0.701991 -0.741717 -0.217727 3
0.864972 -0.7459 -0.329787 3
1.03875 -0.250803 -0.44202 3
1.55465 -0.294205 -0.813246 3
0.521642 -0.21981 -0.074363 3
0.106386 -0.053116 -0.0816515 3
-0.501307 0.233113 0.350127 3
-0.608319 0.444265 0.545431 3
0.41398 0.0798496 -0.278667 3
0.0893024 -0.0419335 -0.0391654 3
0.249988 -0.0615377 -0.172098 3
1.01461 -0.0200152 -0.508868 3
0.0375174 0.0162408 0.00899778 3
0.919014 -0.0105901 -0.311128 3
-0.0345667 0.0960807 -0.256786 1
0.00149668 -0.037232 -0.0461356 1
0.219939 0.167405 0.254391 1
-0.0864835 0.045817 -0.0918754 1
0.0913797 -0.149701 -0.100209 1
-0.0514437 -0.0129594 -0.0530014 1
-0.0769963 0.235409 0.00129933 1
0.181761 0.114262 0.0472872 1
0.299385 -0.133523 0.0137459 1
0.125484 0.186884 0.158591 1
0.0619801 0.225858 -0.0716427 1
-0.0330801 -0.0894646 0.108657 1
0.0710444 0.213281 -0.216791 1
0.0552365 -0.0241101 -0.00173111 1
-0.114551 0.215292 -0.189259 1
0.00517453 -0.0263087 0.0614601 1
-0.0660698 0.0364001 -0.173192 1
-0.0252428 0.114044 0.0142558 1
-0.00491333 -0.026585 0.00488477 1
-0.0304606 0.0152668 0.0270045 1
0.0267929 0.00987528 -0.0348811 1
0.0209053 0.00577914 0.0221721 1
0.235914 -0.00103431 -0.162718 1
-0.377304 0.201082 -0.0331115 1
-0.0550994 0.154015 0.0516762 1
-0.0331939 0.011363 -0.0245618 1
-0.0949968 -0.0592679 0.114789 1
-0.0142808 0.0096586 0.0212838 1
0.0811836 0.0133484 -0.188438 1
-0.256919 -0.463708 0.177576 1
-0.0554058 0.0119243 0.0075245 1
-0.0402666 0.319761 0.168193 1
-0.0225069 0.0492394 -0.191414 1
-0.0604237 -0.039419 -0.16862 1
-0.0238861 -0.0428061 0.0922621 1
0.330948 -0.0179875 -0.0195452 1
-0.0623639 -0.160164 -0.0839171 1
-0.19318 -0.0292212 -0.177894 1
0.535762 -0.103069 -0.191451 1
