# 1 = ball
# 2 = lepton
# 3 = photon
# 4 = PID > 100
# 5 = neutrino
# 6 = other
0.000779681 -0.000634343 -0.000616089 3
0.069155 0.553499 -0.22643 4
4.38918 1.7832 0.232982 4
0.315436 -0.0345557 0.39668 4
2.65641 0.423237 -0.335768 4
2.97335 1.82963 0.484728 4
0.308042 0.274768 0.0530601 4
7.30914 2.59909 -0.284541 4
-16.4437 -6.68547 -2.1267 4
0.0129658 -0.184697 0.0443938 4
0.792616 0.43531 -0.0857081 4
10.8961 3.2027 -0.157856 4
2.88222 0.721769 0.238018 4
-0.429625 -0.277175 -0.439906 4
-0.549758 0.24866 0.543532 4
-0.222291 -0.185196 -0.00466498 4
0.0207431 0.00052607 0.828382 4
0.0167747 0.181599 -0.18101 4
-0.60806 -0.229007 -0.044294 3
-15.02 -6.33611 -0.880961 3
-0.384562 -0.0439764 -0.113056 4
-3.74154 -0.682918 -0.314162 4
-0.466507 0.13375 -0.219468 4
-0.00874054 0.0380797 0.157005 4
0.729656 0.371462 0.187702 3
4.4397 2.59784 1.02128 3
-0.0328153 0.0255284 0.0105656 3
-0.547012 -0.13487 0.0694594 3
-0.189343 -0.110464 0.0836751 3
-0.283071 -0.0824382 -0.0278231 3
-0.040393 -0.00807117 -5.68982e-05 1
0.21868 -0.26344 0.48739 1
0.565893 -0.0131596 0.255902 1
0.38133 -0.658507 -0.201037 1
-0.576325 -0.401107 -0.516546 1
0.0598145 -0.0716702 0.285112 1
-0.0337203 0.255312 -0.0212511 1
0.0155741 -0.0101316 0.0316565 1
0.488318 0.614514 0.416914 1
0.0373934 0.12242 0.355193 1
-0.00180495 0.000701313 -0.00176731 1
