# 1 = ball
# 2 = lepton
# 3 = photon
# 4 = PID > 100
# 5 = neutrino
# 6 = other
-0.0125605 -0.00450098 0.00656435 3
-0.0286343 -0.0223142 0.487677 3
-0.0012798 0.00517485 -0.00442323 3
0.000482389 7.66359e-05 7.68547e-05 3
-0.864287 -1.42391 -2.27924 4
-1.08003 -0.842563 -0.756466 4
0.239709 -0.17561 -0.285805 4
0.724075 0.627996 1.28425 4
2.09716 1.62915 3.43381 4
3.16873 4.37242 10.5859 4
-0.0291237 0.166129 0.23288 4
5.10532 7.98699 15.4979 4
0.0194718 0.81192 0.424579 4
-0.0286403 0.300743 -0.190712 4
-0.463398 -0.650416 -1.01591 4
-1.50643 -1.89886 -3.24548 4
-0.329147 -0.318494 -0.710988 4
-1.21168 -1.42637 -3.47501 4
-0.0688643 0.269592 -0.381357 4
0.0477778 0.00821015 -0.146809 4
-0.79968 -1.30343 -2.09316 3
-0.627063 -0.821201 -1.47501 3
-2.75699 -3.7133 -6.20314 3
-0.220598 -0.23732 -0.432236 3
-1.20937 -1.5812 -2.66932 3
-0.148717 -0.173325 -0.238153 3
-1.42538 -2.20752 -3.52039 3
-0.894234 -1.23111 -2.14022 3
-0.424291 -0.857033 -1.41703 3
-0.022397 -0.173591 -0.26125 3
0.0659526 0.056897 -0.120125 3
-0.00679423 0.255632 -0.24009 3
0.629259 0.150164 -0.00146928 1
0.01252 -0.0793141 -0.0610427 1
0.0335759 -0.0178477 0.164713 1
-0.318438 0.465234 0.947725 1
0.201878 0.436387 -0.369419 1
0.0572234 -0.0728618 -0.0942888 1
-0.034272 0.179906 -0.226617 1
-0.621226 -0.189458 0.888085 1
-0.262281 0.141487 -0.00564754 1
0.0695508 0.274714 -0.365454 1
0.562769 -0.0893962 0.523852 1
0.0385941 0.771068 0.422748 1
0.518147 0.123604 -0.936783 1
-0.0666036 0.00505976 -0.0941224 1
0.141495 -0.181203 0.144424 1
0.826136 0.254103 -0.0471959 1
0.174732 -0.146479 -0.0553943 1
0.0820164 0.128056 0.0235781 1
0.645832 0.417914 0.49105 1
