# 1 = ball
# 2 = lepton
# 3 = photon
# 4 = PID > 100
# 5 = neutrino
# 6 = other
5.31845 4.6814 2.56266 4
2.35391 2.32792 1.33565 4
0.818028 0.427443 0.387794 4
0.249293 -0.312565 -0.10599 4
-7.94374 -7.53185 -4.51242 4
6.83712 5.25767 4.11081 4
0.270182 -0.367824 -0.0747965 4
-1.80441 -1.81626 -0.944185 4
-3.40251 -2.71913 -1.4235 4
-14.2282 -12.4342 -8.74305 4
6.29506 6.72731 3.93752 3
1.89674 1.92416 1.17667 3
0.643831 1.04233 0.514108 4
1.15912 0.943408 0.863767 4
0.758343 0.536042 0.473101 3
0.35254 0.245876 0.120358 3
-0.249172 0.281134 0.0417941 3
-0.256822 0.214019 -0.0799803 3
1.8175 1.63426 0.732284 3
0.800701 0.698906 0.41105 3
-0.238357 -0.00168008 0.067635 3
-0.117729 0.0745749 -0.027416 3
-0.635679 -0.739017 -0.329958 3
-1.93779 -2.24473 -1.25561 3
0.142565 0.094013 0.110089 3
0.458536 0.439917 0.270784 2
0.642474 0.616886 0.380823 2
