# 1 = ball
# 2 = lepton
# 3 = photon
# 4 = PID > 100
# 5 = neutrino
# 6 = other
0.131486 -0.0742733 -0.174032 3
-1.65655 0.745273 -0.227265 4
-1.38278 0.145234 1.78267 4
-0.447379 -0.214673 0.201066 4
-3.52728 1.36303 4.86246 4
0.46668 -0.206966 -0.424036 4
0.853164 -0.25828 -1.04815 4
0.444872 0.0249459 -0.733471 4
0.102011 -0.246408 0.184257 4
-0.017177 0.490192 0.742523 4
-0.830238 -0.000585245 -0.326018 4
-0.780399 0.932141 1.02355 4
-2.21515 1.07442 2.91231 4
-0.667513 0.294123 0.511644 4
2.10518 -1.34349 -2.00022 4
0.10888 -0.015441 -0.256932 4
3.93553 -0.562943 -4.86064 4
1.32048 -0.426064 -1.86838 4
1.56026 -0.652327 -2.36398 4
-0.00334613 -0.0971261 0.159551 4
-0.0849907 -0.0287669 -0.127782 4
-0.422552 -0.288996 -0.0345982 4
-1.30009 0.74208 1.72927 4
-1.15228 0.321845 1.78399 4
-1.61663 0.562229 2.57999 3
-1.56559 0.616703 2.75071 3
-0.0462868 0.234949 0.0865979 3
-0.995135 0.48666 1.18524 3
-0.53991 -0.43601 1.62509 3
-0.0353862 -0.000183206 0.0439083 3
0.588906 -0.463414 -0.609902 3
0.0078195 -0.0443772 -0.0473893 3
0.0712974 0.24952 0.116549 3
-0.0581094 -0.28219 0.175488 3
0.632378 -0.471352 -1.33907 3
1.25755 -0.880968 -2.26441 3
0.42334 -0.194729 -0.744528 3
-0.954048 0.412247 1.36982 3
-2.50313 1.04677 3.94454 3
0.962377 -0.194481 -1.06087 3
0.753172 -0.170998 -0.669638 3
-0.107518 -0.326339 0.426062 2
-0.378358 -0.343741 1.14873 5
-0.065233 -0.0999503 -0.0335962 3
-0.123785 0.00607975 0.0260355 3
-0.185349 0.0710653 0.137655 3
-0.0214544 -0.0357438 0.0769204 3
0.376152 -0.160683 0.115211 4
1.44642 -0.00934125 -1.58258 4
2.21537 -0.981461 -3.41207 4
0.296959 -0.0537656 0.75329 4
1.51723 -0.168954 -1.72292 3
0.983319 -0.180052 -1.25851 3
0.998367 -0.170251 -1.25122 3
0.609995 -0.080981 -0.934666 3
-0.200997 -0.514451 -0.061609 1
-0.297068 -0.133685 -0.154485 1
0.0433205 0.423988 0.176233 1
0.0141767 0.184095 -0.442964 1
-0.0014521 0.00799543 -0.268045 1
0.13091 0.0523861 0.221146 1
-0.165253 0.114078 -0.243929 1
-0.280713 0.730415 -0.100478 1
0.3543 0.0231478 0.080921 1
-0.357947 -0.201067 -0.409696 1
0.275183 -0.340099 0.124661 1
