# 1 = ball
# 2 = lepton
# 3 = photon
# 4 = PID > 100
# 5 = neutrino
# 6 = other
4.75296e-06 1.77893e-06 0.000198158 3
0.58576 1.36526 -1.49303 4
1.12845 1.46287 -2.32715 4
-0.211441 -0.300252 -1.656 4
0.220499 0.289769 -1.83144 4
-1.0918 0.326771 0.136534 4
-0.0572168 0.250669 1.11319 4
-0.487768 -1.46982 1.9727 4
-0.599608 -0.956078 2.7327 4
2.00346 6.9873 -10.2124 4
0.393424 0.490423 -1.17929 4
-0.183156 -0.116923 -0.22309 4
0.158985 0.0116479 -0.0545825 4
0.0356103 -1.63198 3.12436 4
-0.483686 -1.26716 1.71444 4
-1.00165 -1.94498 3.82959 4
-0.665229 -2.28096 4.2257 4
-0.0281636 0.188971 -0.0917363 3
0.0101342 0.605637 -0.556335 3
1.36837 3.1696 -5.19433 4
0.0784273 0.258187 -0.272303 3
-0.148518 0.452112 -0.697344 3
0.442959 0.950189 -2.04149 3
0.307184 -0.11704 -0.193314 3
0.633399 -0.0626474 -0.280918 3
0.0147013 -0.0175397 -0.00711012 3
0.169339 0.20751 -0.34038 3
-0.0124613 -0.44855 0.622566 4
-0.0936981 -0.796645 1.51633 4
0.485453 -0.197244 -0.822176 3
0.0416092 0.00410437 -0.150061 3
-0.0988088 1.66057 -1.39213 3
0.0372131 1.60543 -1.34322 3
-0.101105 -0.784631 0.89078 3
-0.158316 -0.71615 1.00499 3
-0.575133 -3.15703 4.56241 3
-0.388599 -2.69318 3.9975 3
0.102655 -0.158913 0.412457 3
0.1278 -0.43605 1.45292 3
-0.166474 -0.0675267 0.0286485 1
-0.111025 -0.380135 -0.339325 1
-0.960434 0.00352072 0.178172 1
-0.586554 0.132533 -0.286933 1
0.34402 -0.187863 0.34787 1
0.139626 -1.26155 -0.187115 1
0.0236349 0.6485 0.274581 1
0.169399 -0.432598 0.0965077 1
-0.236981 0.0173829 -0.103989 1
-0.201381 -0.251326 -0.0578187 1
0.150676 0.0495786 0.0645314 1
-0.0565019 0.295641 0.652406 1
-0.226827 0.334064 -0.0295047 1
-0.198951 0.52475 -0.666043 1
-0.377477 -0.0235754 -0.313811 1
0.191466 0.080005 -0.334181 1
0.0363657 0.0863766 -0.1094 1
0.122813 -0.365513 0.106931 1
-0.0144861 0.0644834 -0.271046 1
