# 1 = ball
# 2 = lepton
# 3 = photon
# 4 = PID > 100
# 5 = neutrino
# 6 = other
-12.6341 4.50054 -9.71828 4
-3.12496 1.34456 -2.37192 4
-0.652033 -0.169021 -0.147685 4
-0.624771 -0.0757361 0.0316369 4
-0.57588 0.162532 0.220888 4
0.481018 -0.135368 0.590456 4
0.436224 0.105608 -0.152042 4
1.07205 -0.125656 0.685315 4
0.570926 0.432875 0.86441 4
3.15622 -3.18517 2.27321 4
-4.78015 2.24579 -3.74103 4
-0.283466 0.154002 -0.446759 4
-2.048 0.795417 -0.698751 4
-2.39895 1.04055 -1.88418 4
-0.114289 0.229939 -0.156052 4
-0.085875 -0.301232 0.432846 4
7.11639 -0.160873 5.75967 4
1.71915 0.00826843 1.18751 4
2.18115 -0.402256 1.43094 4
2.31764 -1.33253 1.50388 4
0.479493 -0.580657 0.372304 4
-0.799811 -0.29661 -0.96103 4
-1.02089 0.298635 -0.660271 4
-0.109887 0.153166 -0.123495 4
-0.536497 0.101288 -0.492949 4
-0.0859506 0.0877179 -0.595048 4
-0.509341 -0.482643 -0.33081 3
-0.126262 -0.0796308 -0.136972 3
0.227776 0.011252 0.14571 3
0.83763 0.291335 0.468154 3
0.0584421 -0.0464367 0.231192 4
1.01378 -0.0817184 0.384384 4
0.725884 -0.046108 0.658799 3
1.34769 0.0860883 1.31362 3
1.13354 -0.74516 1.05958 3
0.30376 -0.159136 0.346645 3
0.686389 -0.580691 0.425336 4
1.07596 -0.959529 0.810293 4
0.306874 -0.173487 0.142617 3
0.558818 -0.124244 0.195752 3
0.659374 0.264589 0.22493 3
0.306192 0.124196 0.206143 3
-0.775064 0.198131 -0.831327 3
-0.0998703 -0.0225717 -0.115004 3
0.0467281 -0.00431011 0.011125 3
-0.0924704 0.0109912 -0.0163445 3
0.314505 -0.124658 0.275789 3
0.00279803 -0.00069671 0.0625288 3
1.59071 -1.07935 0.962375 3
0.754152 -0.602853 0.550011 3
0.0338566 -0.10896 0.00459831 1
-0.0364606 0.132794 -0.104651 1
0.078879 -0.0891016 0.0466151 1
0.154864 -0.0127786 0.000843183 1
0.0164448 0.0357218 -0.0850315 1
0.0253189 0.060517 -0.0288968 1
0.177386 -0.235147 -0.0362066 1
-0.0608048 -0.0520114 0.155331 1
0.0580336 -0.0101385 -0.0674321 1
-0.0277188 -0.0302683 0.0320114 1
0.212169 0.102052 0.0182332 1
-0.165898 -0.0515852 0.0607178 1
-0.0301923 -0.334771 -0.0140475 1
0.102795 0.0493495 0.0746054 1
-0.303349 0.111768 -0.0172211 1
-0.0105312 -0.0926995 -0.143297 1
0.0142261 -0.0762137 0.0785302 1
0.178799 -0.0948425 -0.0901593 1
0.111266 -0.0464187 -0.105553 1
-0.205682 0.191518 -0.158894 1
-0.326119 -0.0188387 0.131434 1
4.39474e-06 0.000921507 0.000401659 1
