# 1 = ball
# 2 = lepton
# 3 = photon
# 4 = PID > 100
# 5 = neutrino
# 6 = other
-4.37607e-08 1.09799e-06 -0.000166302 3
0.705977 -1.36293 -2.05424 4
0.716964 -1.75866 -1.44877 4
0.416174 -1.35894 -0.537579 4
-0.0721377 0.360792 -0.155737 4
-0.633705 0.191038 0.0854735 4
0.167882 0.633485 0.21329 4
-0.146998 0.279542 -0.349395 4
-0.713819 1.85271 2.83927 4
0.140457 -0.424649 -0.480419 4
0.430318 -1.1419 -0.540642 4
0.0117816 -0.29082 -0.31561 4
-0.815446 0.42931 0.559761 4
0.00374703 -0.189214 0.180603 4
1.21908 -3.40073 -4.72835 4
-0.014163 -0.0290072 -0.01176 3
0.0289077 -0.0414228 -0.0790832 3
0.196583 -0.297071 -0.0947253 3
-0.966971 2.23731 2.48416 4
-0.108643 0.189364 0.185184 4
-0.442273 1.30845 1.22329 4
-0.130978 0.487498 0.823565 4
-0.366445 1.2207 1.49847 4
-0.0312118 -0.42798 -0.405685 3
0.103946 -0.691333 -0.768694 3
1.13036 -2.72471 -3.0568 2
0.461961 -2.27048 -3.36152 5
-0.232194 0.359314 0.232505 3
-0.355323 0.631671 0.5995 3
-0.0192443 -0.032527 0.0425944 3
-0.126257 0.136253 0.256206 3
-2.18833 6.13495 7.65217 4
-1.35033 3.72336 4.40087 4
1.2465 -3.02157 -4.09603 3
3.27215 -5.92528 -8.18938 3
-0.528937 1.47308 1.80898 3
-0.120258 0.420124 0.529666 3
-0.265303 0.889079 1.46011 3
-0.271473 1.54759 2.03422 3
-0.217585 0.892085 1.331 3
-0.116073 0.292766 0.485681 3
-0.0413084 0.266231 0.244518 3
0.00524685 0.0771874 -0.13029 1
-0.00174009 -0.0635219 -0.0609763 1
0.436725 -0.185513 -0.313269 1
-0.491048 -0.23335 0.163959 1
-0.203662 0.3317 0.337472 1
0.0320779 0.164896 -0.146477 1
-0.138163 0.0765718 -0.076197 1
0.170217 -0.113967 -0.061793 1
-0.335141 -0.00211142 -0.114807 1
0.640431 -0.555192 0.161618 1
-0.136395 0.00771341 0.0706903 1
0.0569861 0.0499892 -0.135771 1
0.120552 -0.114846 0.0829559 1
-0.133469 -0.00704782 -0.273615 1
