# 1 = ball
# 2 = lepton
# 3 = photon
# 4 = PID > 100
# 5 = neutrino
# 6 = other
-0.778482 0.502956 0.920234 4
0.21358 0.11129 0.0417765 4
-0.0544418 0.0803325 -0.109274 4
0.152655 0.0908344 -1.56676 4
-0.0979524 0.174287 -0.123664 4
-1.00268 1.92853 10.2838 4
-0.502535 0.709253 5.44062 4
-0.56785 1.12817 4.97608 4
-0.0578259 0.382641 1.24403 4
-1.98825 2.02753 8.37237 4
-0.527474 -0.497519 1.73727 4
0.120186 0.21622 0.131666 4
-0.183602 -0.0219289 1.59084 4
2.34249 -2.5911 -10.81 4
4.06378 -3.28456 -22.6495 4
-0.0441077 0.222061 0.0512842 3
-0.0463792 0.0952512 0.130346 3
-0.281458 -0.240068 0.207703 4
-0.613164 0.192016 0.689579 4
0.0220498 -0.0237414 0.0615639 3
-0.197524 -0.255797 0.817353 3
-0.631734 0.228571 0.84263 3
-0.106862 0.0278484 0.0661556 3
0.371385 -0.31261 -2.37772 3
0.228807 -0.106089 -0.926723 3
0.031918 -0.00253004 0.028612 3
-0.132182 -0.0776998 0.197885 3
0.124419 0.158784 0.0634328 1
-0.780874 0.722486 -0.41078 1
0.282604 0.0198375 0.163229 1
0.895248 -0.632922 -0.404076 1
-0.36105 0.138402 0.0113669 1
0.144912 -0.0967965 0.227145 1
0.105443 -0.00473066 0.00847829 1
0.00370534 -0.0579144 0.0468909 1
0.10265 0.307619 -0.102049 1
-0.142474 0.422558 -0.154401 1
-0.0629962 -0.863948 0.039726 1
0.44067 0.26853 -0.106002 1
0.19465 -0.0790819 -0.427679 1
-1.08924 -0.141729 0.413292 1
0.535377 -0.379965 1.00072 1
0.0394623 0.0057861 0.00605455 1
-0.16439 -0.492271 0.357687 1
-0.000460047 0.00121032 -0.0012578 1
