# 1 = ball
# 2 = lepton
# 3 = photon
# 4 = PID > 100
# 5 = neutrino
# 6 = other
-0.17311 -0.402713 0.211108 4
4.99863 4.29208 0.686166 4
2.44705 2.27615 -0.691622 4
11.3529 6.76954 -4.0351 4
1.4149 0.655598 -0.0901909 4
-3.58416 -2.76486 0.0627405 4
-5.03501 -4.14386 -0.501366 4
-0.419444 -0.59653 0.291314 4
0.848589 -0.215884 -0.245254 4
0.883236 1.1454 0.0420652 4
1.38206 0.208955 0.710171 4
-0.635062 -0.460698 -0.0630659 3
-7.81641 -6.06892 -0.440252 3
-0.246801 -0.0530102 -0.282962 3
0.115593 0.137793 0.116528 3
2.44072 1.44099 -0.38332 4
0.70451 0.625268 -0.000946227 4
0.612205 0.388055 -0.0637847 3
-4.78783 -3.91838 -1.16505 3
-0.563952 -0.477523 -0.185205 3
-0.074328 -0.0267939 -0.00500502 3
-2.16723 -1.38095 0.357568 3
-0.0293847 0.00204659 -0.098083 3
0.0409094 0.168357 -0.167435 3
0.571585 0.457484 0.0364127 3
0.79614 0.460738 0.107612 3
0.732573 0.548302 0.292387 3
0.21855 0.0881431 0.0429756 3
0.278227 0.158036 0.147867 3
0.508555 0.304626 0.0828068 3
0.0219212 -0.304025 -0.300792 1
0.581541 0.292843 0.604481 1
-0.0558242 -0.461321 -0.353955 1
0.113337 -0.138335 -0.337764 1
0.0999894 -0.717665 0.596166 1
-0.480187 -0.150747 -0.399821 1
-0.0513521 -0.218684 0.440209 1
-0.0551531 0.338157 0.209753 1
-0.00447427 -0.115121 0.239229 1
-1.15714 -0.0134349 0.341926 1
0.0479933 0.47558 -0.363769 1
0.7754 0.708745 1.60805 1
0.0898054 -0.091183 0.15682 1
-0.339451 -0.292401 -0.110104 1
-0.175549 0.0835271 0.551955 1
0.308095 -0.243701 0.293409 1
-0.04536 0.0210902 0.0256579 1
0.0627837 -0.481984 -0.152157 1
-0.45719 -0.67512 0.144713 1
-1.10334 1.39015 0.581078 1
-0.0838599 -0.315373 0.115064 1
-0.330069 0.198239 1.02739 1
0.0277965 -0.0323707 0.0808739 1
-0.0697397 -0.379971 -0.103837 1
-0.906976 -0.0682595 0.70805 1
0.233515 0.348258 0.543415 1
-0.247939 0.374459 0.302242 1
-0.284665 0.440159 0.0930594 1
-0.953733 0.373879 -0.830434 1
-0.3838 0.0379195 -0.469726 1
0.00943703 -0.000749906 -0.0102539 1
