# 1 = ball
# 2 = lepton
# 3 = photon
# 4 = PID > 100
# 5 = neutrino
# 6 = other
-0.91294 -0.511134 1.70299 4
1.162 -3.28532 -1.26402 4
0.335167 -4.38834 -1.38558 4
-0.164807 0.537909 4.57211 4
-0.681409 0.988501 6.47538 4
-0.728335 1.14991 6.76111 4
-0.364133 0.513939 2.36322 4
0.267741 0.591663 2.12089 4
0.188804 -0.884479 0.205223 4
0.0354998 -0.202405 -0.132527 4
-0.0853891 -0.320645 -0.269226 4
0.0849461 -0.00126703 -2.58079 4
-0.135984 0.172793 -0.344164 4
-0.610151 0.83747 5.81635 4
0.574356 -0.473543 -1.67542 3
0.0864376 -0.0673311 -0.404868 3
0.251301 0.663775 -3.94813 4
0.309227 1.86399 -14.8466 4
-0.127437 0.754095 3.74266 3
0.0116886 0.0173372 0.218202 3
0.114963 0.205557 1.16521 3
0.0572622 0.226374 1.93103 3
-0.0806367 -0.0388462 0.764242 3
0.0431772 -0.0226932 0.157223 3
0.118432 -0.153601 0.104535 3
0.13787 -0.193574 0.330874 3
0.116854 0.0587689 -0.0836904 3
0.0311011 0.139222 -0.188343 3
-0.0537178 0.0421913 -0.0351434 3
0.0535623 -0.00731535 0.0316446 3
0.0815673 0.0554821 -0.146532 3
-0.0502114 0.0722048 -0.180636 3
0.265921 1.64099 -11.0707 3
0.00600455 0.000991596 -0.0779851 3
0.188449 0.152417 0.034765 1
-0.0335359 0.0183334 0.0102472 1
-0.101441 0.0646182 0.0252278 1
0.00753522 0.0495797 0.0799268 1
0.0364062 -0.0460354 0.0486257 1
0.0225329 0.232349 -0.324317 1
-0.0758167 0.0114327 0.144357 1
0.0159785 -0.00585596 0.000937976 1
-0.0431899 -0.0253464 0.0307744 1
-0.0740102 -0.305185 0.0621622 1
0.0584551 0.269329 0.0990284 1
0.0835253 0.0772504 0.0658831 1
-0.120465 -0.154007 -0.0231363 1
-0.000386801 0.0411529 0.0643351 1
-0.169544 0.279314 0.418851 1
-0.115591 -0.0128746 0.0305882 1
-0.0529154 -0.5305 -0.489153 1
0.108043 -0.0957527 -0.0321343 1
-0.0733068 -0.00285865 -0.0752639 1
0.000548451 -2.80633e-05 -0.000277567 1
