# 1 = ball
# 2 = lepton
# 3 = photon
# 4 = PID > 100
# 5 = neutrino
# 6 = other
-11.4253 -8.0779 -17.2106 4
0.0880831 -0.368135 -0.212646 4
-0.053645 0.0257314 -0.378408 4
0.135621 -0.102759 -0.118326 4
0.824841 0.163123 0.748188 4
3.22084 2.65709 5.26894 4
8.68283 8.01792 16.6216 4
-4.07816 -2.09789 -7.28151 4
-0.40073 -0.77786 -1.68645 4
0.277086 -1.86404 -1.20825 4
-0.176902 -0.183133 -0.338836 4
0.669015 0.151376 0.0351513 4
-0.70516 -0.864657 -1.12012 4
-1.32438 -1.35636 -2.1857 3
-0.316723 -0.383638 -0.661751 3
0.226133 0.0413277 -0.363763 4
0.2105 -0.168752 -0.54036 4
0.534793 0.456337 1.67539 3
0.929877 0.725675 2.40631 3
0.344729 0.368357 1.18766 3
0.279559 0.165343 0.629944 3
1.97438 1.94359 2.73489 4
0.421703 0.228358 0.502616 4
-0.0111687 0.0389353 0.358847 3
0.0484356 0.0697469 0.102516 3
0.0115365 -0.00545373 0.00339604 3
-0.265841 -0.150564 -0.314981 3
0.285527 0.346221 0.6929 3
0.0266934 -0.00863999 0.0247259 3
-0.0622792 -0.442073 1.38683 1
0.200484 -0.566442 -0.44795 1
-0.0897083 1.04268 -0.152427 1
-0.335214 0.546676 -0.218688 1
0.0851415 0.209566 0.0752247 1
-0.203057 0.1739 0.221458 1
0.118993 0.0278656 -0.0425514 1
-0.149263 0.0201105 -0.19227 1
0.000703033 -0.00163639 -0.00101781 1
