# 1 = ball
# 2 = lepton
# 3 = photon
# 4 = PID > 100
# 5 = neutrino
# 6 = other
0.0002781 -0.00107938 0.00105832 3
-0.862909 -0.495715 -0.661079 4
-0.0763508 -0.633663 0.141938 4
-0.165294 -0.602065 0.0844194 4
0.395608 0.19944 0.0616311 4
0.0685456 0.342438 0.00685549 4
0.238098 0.789201 -0.172736 4
0.308602 -0.0891825 -0.0951822 4
-3.61018 -4.06372 -1.7071 4
0.567406 0.670762 0.150515 3
3.41305 3.69205 1.10089 3
0.279266 0.289239 0.115486 3
-0.748733 -1.17994 -0.394991 4
-4.19582 -4.81057 -1.55435 4
-5.00458 -5.69586 -1.37918 4
-4.92378 -5.67702 -1.98853 3
-1.36451 -1.48676 -0.576512 3
3.90275 3.72584 1.11289 5
5.73523 9.35558 0.994516 2
-2.7274 -3.42597 -0.469203 4
-0.877361 -0.810136 0.094039 3
-0.263833 -0.308347 -0.0306694 3
-0.146139 -0.10112 -0.0806275 3
-0.797942 -0.862401 -0.285808 3
-0.0484253 -0.0908954 -0.0304973 3
-0.413206 -0.925342 0.119016 3
0.542856 0.557032 0.246604 3
0.0598769 0.0552842 -0.0176923 3
4.42024 4.45278 1.40689 4
4.42488 5.05491 1.78222 4
2.22264 2.09958 1.28724 4
0.0932919 -0.141665 -0.162169 1
0.0233205 0.0324963 -0.0317373 1
0.0133124 -0.00897316 -0.0128744 1
-0.422202 -0.233421 0.263502 1
-0.392395 -0.058251 -0.0308966 1
-0.128237 0.181333 -0.0550035 1
0.0277132 0.109911 0.0161296 1
0.207989 0.0591369 0.12775 1
0.0198423 -0.216762 -0.0117827 1
-0.044403 -0.0645671 0.309852 1
0.217402 0.156343 -0.0952121 1
0.144694 0.154741 0.239159 1
0.00689831 0.00139999 -0.00686606 1
-0.040218 0.0323025 -0.00448155 1
-0.0633318 -0.0767936 0.188845 1
0.0615096 0.0668791 -0.0781645 1
0.0824286 -0.0692747 0.141916 1
-0.0831789 -0.0358425 -0.0708913 1
-0.0235094 -0.00111291 0.048647 1
-0.054362 0.0877193 -0.0365276 1
0.000571337 3.94425e-05 -0.00119493 1
