# 1 = ball
# 2 = lepton
# 3 = photon
# 4 = PID > 100
# 5 = neutrino
# 6 = other
-2.56446 1.12777 -0.899173 4
-0.824763 0.137959 0.107972 4
-0.760978 0.319822 -0.249146 4
-0.186207 -0.35184 -0.155795 4
0.513259 -0.511886 0.163747 4
0.62577 -1.51775 0.223779 4
1.10042 0.00723236 0.24975 4
1.60712 -0.815438 0.66911 4
2.37334 -0.213583 0.57615 4
5.59731 -1.37863 2.01283 4
4.67517 -0.782199 1.80448 4
0.649821 -0.163661 0.200263 4
-8.42181 1.85381 -3.14196 4
-6.31318 1.06094 -1.992 4
-2.02199 0.262022 -0.240887 4
-0.644336 0.110762 -0.402666 4
-0.163993 -0.480651 -0.485845 4
-0.174293 0.098772 -0.620465 4
0.56439 0.142061 -0.23683 4
-0.0171035 -0.900711 -0.40788 4
0.586653 -0.478221 0.00519531 4
4.38252 -1.11788 1.5204 4
0.455238 -0.243387 0.373618 4
1.4572 -0.105862 0.194115 4
7.75437 -1.1701 3.23662 4
-0.777625 0.512708 -0.240944 4
-0.975322 0.148552 -0.349633 4
-0.0672496 0.0556904 -0.041748 4
-1.51777 0.535061 -0.0246868 4
-0.637639 0.181335 -0.391009 3
-1.74368 0.711441 -1.22006 3
-1.45811 0.381247 -0.410717 3
-4.45115 0.933842 -1.1631 3
-0.00619595 0.0432128 0.183807 3
-0.196608 0.157856 0.350366 3
0.64863 0.16872 -0.424544 3
0.354342 0.0339891 -0.135314 3
2.42447 -0.418309 0.95267 3
1.26867 -0.218993 0.604731 3
-0.867902 0.208706 -0.271098 3
-1.11062 0.394791 -0.456051 3
-0.309764 0.090354 -0.0313783 3
-0.751374 0.404399 0.0443675 3
-0.312451 0.365979 -0.670497 1
0.74319 -0.0580371 -0.192091 1
0.335389 -0.0599483 0.879538 1
-0.18242 0.133192 0.343225 1
-0.379803 0.0524007 -0.261792 1
0.0111728 0.377157 0.821051 1
0.0209432 -0.0448629 0.0105353 1
-0.310592 0.0201523 -0.411011 1
