# 1 = ball
# 2 = lepton
# 3 = photon
# 4 = PID > 100
# 5 = neutrino
# 6 = other
-0.0770766 -0.213897 1.2295 3
0.00443615 0.00089071 0.0425781 3
-2.27127 -7.11748 -7.31827 4
-1.34625 -4.06945 -4.35785 4
-0.006979 -0.566241 -1.2932 4
0.243844 -0.359811 0.145659 4
0.612014 0.842267 1.56349 4
0.073219 1.21342 1.37737 4
-0.174335 3.55268 2.40242 4
-0.0150062 -1.60425 -2.53936 4
-0.333707 -2.28836 -3.03375 4
-0.436356 -1.74504 -2.69841 4
1.2001 -1.6622 0.241871 4
0.243687 0.0177886 0.356767 4
-0.130898 0.349843 0.144022 4
0.00640861 3.13986 2.85324 4
0.354546 5.11834 4.04222 4
-0.298344 6.15848 4.9837 4
-0.231668 -0.0658114 0.0951633 3
-0.0711933 0.0558404 0.0250367 3
0.278014 -1.25179 0.370715 3
0.859261 -0.555156 0.335761 4
0.244183 -0.148262 0.10819 4
0.227432 -0.216196 0.175292 4
0.166805 0.0131825 0.419452 4
-0.21839 1.88558 1.77241 3
0.0457591 1.67264 0.991078 3
-0.695586 -2.67935 -3.66166 3
-0.40961 -1.2165 -1.67479 3
0.213341 -0.606024 -0.611852 3
-0.0126682 -0.13811 -0.104789 3
0.351985 -1.26688 -1.15515 3
0.00111512 -0.105573 -0.0599343 3
0.053826 -0.323164 0.113675 3
0.0607522 -0.337937 0.277893 3
0.520391 -0.291143 0.465853 3
0.00100439 -0.0201008 -0.000536842 3
0.371057 -0.126586 0.286402 3
0.122766 -0.0249877 0.0113514 3
0.0779917 0.150714 -0.0100089 3
0.118065 0.0131444 0.00698046 3
0.00806997 0.00460613 -0.00901513 3
0.123888 0.411584 0.444114 3
-0.0158045 0.920469 0.738432 3
-0.0511144 0.154373 0.0956943 3
0.00293902 1.71798 1.11489 3
-0.0182059 0.73314 0.970981 3
0.273194 0.233778 0.328696 1
-0.0500517 0.0416167 -0.0192254 1
0.0621225 -0.0137003 -0.00943371 1
0.0390216 -0.00552248 0.0600817 1
0.0247478 0.0191761 0.156801 1
-0.0512925 -0.000921103 -0.0173884 1
-0.0357032 0.219387 0.116905 1
-0.0108041 0.0574934 0.021128 1
-0.169578 0.0113249 -0.127308 1
-0.0350607 -0.137966 0.0420936 1
-0.227939 -0.116251 -0.000693086 1
0.103323 0.0605216 -0.0382751 1
-0.0277166 0.0567599 0.00742447 1
-0.0449357 -0.0362266 0.106545 1
-0.0371714 0.125874 -0.254317 1
0.000760193 -0.109543 0.0511786 1
0.31354 -0.0711656 0.0222568 1
0.160624 0.0644865 -0.111675 1
-0.0406179 0.15435 -0.116855 1
-0.123458 0.0706203 0.0468664 1
0.00524297 0.161199 0.0477943 1
0.0996827 0.0895824 0.0142912 1
-0.000368452 -0.00141425 -0.000528431 1
