# 1 = ball
# 2 = lepton
# 3 = photon
# 4 = PID > 100
# 5 = neutrino
# 6 = other
0.933039 1.93268 -2.7618 4
0.540713 1.52327 -2.78169 4
3.46316 5.37017 -8.10929 4
0.372794 0.917349 -1.92918 4
1.92642 2.18548 -2.41 4
0.1005 -0.217728 0.998665 4
-0.00587656 0.151539 0.445831 4
0.303474 -1.13289 1.92285 4
-0.458569 0.0232281 0.704791 4
-1.37138 -1.64514 2.14792 4
-1.20688 -1.05004 1.51492 4
-0.81282 -0.83923 1.69239 4
0.132837 -0.175759 0.0387116 4
-0.038141 0.151123 -0.581553 4
-0.360575 -0.635345 0.938547 4
0.46657 0.679893 -1.00188 3
2.07796 3.52296 -4.79994 3
0.169764 0.106892 -0.223008 3
0.799897 0.594896 -1.59471 3
-1.02521 -0.404553 1.5937 3
-0.293306 -0.0738866 0.341508 3
-0.2632 -0.378378 0.26042 4
-0.146134 -0.226601 0.417982 4
0.0200022 -0.0339468 0.00885599 3
-1.80609 -4.84598 6.52487 3
-0.951029 -2.16887 2.10326 3
-0.087863 0.440104 -0.175298 3
-0.00913835 -0.0092291 -0.00630842 3
0.18933 0.256995 -0.0744334 3
0.172331 0.319325 0.0501911 3
0.327985 0.639431 -0.76299 3
0.570835 1.31077 -1.77316 3
0.272234 0.846923 -1.2943 3
0.324749 0.72994 -1.00295 3
0.136862 0.194491 -0.401841 3
0.31479 0.632818 -0.835303 3
-0.0757648 0.0145903 0.0949641 3
-0.105997 -0.116004 0.0496647 3
-1.26162 -3.25503 3.93017 3
-2.20202 -5.2222 6.31265 3
-0.00871663 -0.0251399 -0.0411574 1
-0.0492245 -0.0644463 -0.0325356 1
-0.0255471 -0.0078343 0.0091573 1
0.106955 -0.0543408 -0.0672992 1
0.1194 0.0417245 0.0169479 1
0.0370214 -0.0191624 -0.04723 1
-0.00400081 0.0450441 0.0331735 1
-0.0532293 0.0920591 0.0342846 1
0.0240834 0.0193729 0.0494713 1
0.017153 0.0396475 -0.0468049 1
0.0194917 0.0218391 0.0470412 1
0.02873 -0.00813759 -0.0572467 1
0.0362174 -0.106294 -0.123822 1
-0.139311 0.0907102 0.0255129 1
-0.0882292 0.0510314 0.0238434 1
-0.0573632 -0.092709 -0.0339465 1
-0.00135507 0.0680594 0.0917588 1
0.0388329 -0.020586 -0.0066095 1
0.0406079 -0.324431 -0.161174 1
-0.0456303 0.117555 0.00968898 1
-0.149085 -0.00982681 0.050253 1
-0.140174 0.00897577 -0.0476893 1
-0.841254 0.0228223 0.70116 1
