# 1 = ball
# 2 = lepton
# 3 = photon
# 4 = PID > 100
# 5 = neutrino
# 6 = other
-1.08566 1.32998 1.00234 3
0.146507 0.0120327 -0.225024 3
0.750675 0.028647 0.575644 4
3.32587 -1.52629 2.74259 4
-0.22957 0.418063 -0.128586 4
-0.211845 -0.038321 -0.18896 4
-0.623428 -0.209989 -0.978046 4
0.522399 -0.426711 0.58016 4
-0.0692514 0.275417 0.442908 4
0.13264 -0.126502 -0.315253 4
0.488837 -0.0538367 0.548468 4
-1.01847 -0.11286 -0.436106 4
7.22484 -2.91765 8.09963 5
2.2144 -0.0427254 0.772317 2
1.14404 0.211328 0.627624 3
0.679057 -0.187069 0.744141 3
0.0359557 0.000944284 -0.00793841 3
0.692475 0.461868 0.273561 3
0.136959 -0.233706 0.193713 4
0.281645 -0.00251519 0.110477 4
0.00336701 -0.0497139 0.00437778 3
0.302183 -0.170694 0.17151 3
-4.80243 0.895145 -6.89107 4
0.121671 0.10257 -0.11488 3
0.258485 0.231348 -0.0362734 3
-0.115127 0.0892035 -0.396261 3
0.00416254 0.107138 -0.154185 3
0.428529 -0.336191 0.627714 3
0.0918394 -0.081342 0.0574971 3
0.111797 0.0486901 0.0924243 3
-0.873763 0.0595782 -0.760822 4
-5.31753 1.78321 -5.1748 3
-6.06265 1.67687 -5.17789 3
-3.57936 1.54958 -3.8259 4
-0.408223 0.300909 -0.240028 3
-0.378525 0.317172 -0.386402 3
1.50449 -0.701788 1.76527 4
0.671318 -0.435446 0.805725 4
1.5779 -0.198423 1.72436 4
-2.73519 0.90773 -2.22539 3
-0.906901 0.37979 -0.790745 3
1.1911 -0.668102 1.24257 4
2.01457 -1.04732 1.94642 4
1.77215 -1.12679 2.11831 3
0.322847 -0.147353 0.321919 3
0.629639 -0.173481 0.605064 3
0.109824 -0.0842022 0.176279 3
-0.146369 -0.601719 0.00607535 1
-0.06085 -0.0691847 -0.149483 1
0.632289 -0.187531 -0.414437 1
-0.367412 0.552144 -0.0410726 1
-0.411553 0.139895 0.482692 1
-0.733388 0.107634 -0.482628 1
-0.0516982 0.087031 0.0552936 1
0.663966 -0.116605 0.625247 1
0.000767873 0.000142796 -0.00013205 1
