# 1 = ball
# 2 = lepton
# 3 = photon
# 4 = PID > 100
# 5 = neutrino
# 6 = other
0.00299226 0.0126615 1.20862 3
0.979223 -1.42296 -5.87908 4
1.42027 -2.17218 -5.20073 4
0.115749 -1.76812 -3.03626 4
-0.138309 -0.199589 0.319734 4
0.0447868 0.134852 0.155381 4
0.0116518 -0.0119981 1.02884 4
-0.41288 -1.72561 1.05149 4
-0.719656 1.23757 1.1719 4
1.12058 -0.821081 -2.88193 4
1.30632 -2.95335 -6.04688 4
0.205259 -1.19383 -1.42828 4
-0.334432 -0.679291 -0.936224 4
-0.085573 -0.60702 0.0306265 4
-0.188827 -0.406107 0.889011 4
-0.837023 -2.15164 1.31312 4
-0.652827 -0.979413 0.963347 4
-0.00877154 0.0599304 0.250074 4
0.110494 0.832826 0.715122 4
-0.917447 1.42965 2.56763 4
0.550052 -0.810366 -2.91829 4
0.0571439 -0.402452 -0.956678 4
0.159183 -0.230933 -0.763186 4
0.142823 0.0476986 0.159787 3
-0.0207917 -0.0181995 0.0058003 3
-0.196556 0.651916 0.467283 4
-0.0180618 0.208687 0.0291864 4
0.00789862 0.0510997 -0.473251 3
0.0319082 -0.00145646 -0.0165756 3
0.177733 -0.0433651 -0.151203 3
0.133518 0.00319248 -0.301866 3
-0.0299257 0.17636 0.100834 3
-0.00585684 -0.0107289 -0.0220233 3
-0.503617 -0.0948834 0.372304 3
-0.664331 -0.239539 0.38139 3
-0.0362991 0.0130712 -0.0604728 3
-0.0827911 -0.0948102 0.0271153 3
-0.0147775 -0.012351 0.0187752 3
-0.100624 0.229521 0.833686 3
0.236203 1.20707 1.79019 3
0.124108 0.348434 0.630772 3
-0.00051769 -0.0162253 -0.424752 3
0.0388613 -0.211234 -0.784341 3
0.0382561 0.040076 0.0368257 3
-0.106067 0.240822 0.217681 3
-0.101332 1.1893 1.39067 3
-0.528027 6.4338 8.01121 3
-0.142956 1.27346 1.71082 3
-0.252414 1.88532 2.28229 3
-0.0564344 1.10745 1.45567 3
-0.0702621 0.698336 0.762838 3
-0.218213 0.229915 0.22984 1
-0.493139 -0.0685965 -0.699268 1
0.17984 -0.0223327 0.00764963 1
0.281875 -0.112449 -0.163328 1
-0.133013 -0.412652 -0.0391978 1
0.15848 -0.564002 0.37906 1
0.168559 -0.790865 0.0761429 1
0.0260409 -0.156579 0.115355 1
-0.0463256 -0.147979 0.135742 1
0.10318 -0.270348 -0.278645 1
0.329284 0.563664 -0.799658 1
0.0272491 0.309591 -0.0962721 1
-0.315132 0.30497 0.0649906 1
-0.0499065 0.0556919 -0.0373637 1
-0.171283 -0.0708816 1.05664 1
0.118554 0.0474426 -0.327307 1
0.23089 0.808306 -0.25553 1
0.0451872 -0.113652 -0.0373553 1
-0.0293855 0.175975 0.600373 1
-0.000365043 0.000402861 0.000116899 1
