# 1 = ball
# 2 = lepton
# 3 = photon
# 4 = PID > 100
# 5 = neutrino
# 6 = other
3.67833e-06 5.34523e-06 -0.000465253 3
-0.020457 -0.152441 0.0511843 4
-2.23818 -0.924554 2.36118 4
-0.289457 -0.61875 0.150161 4
-0.549539 -0.270887 0.50432 4
0.160719 -0.389272 -1.23376 4
0.0647376 -0.175179 -0.214664 4
0.482779 0.398205 -0.923649 4
0.107861 0.0859065 -0.462479 4
0.206366 -0.214118 -0.472321 4
0.861675 0.72665 -0.821658 4
4.53461 4.82877 -5.13096 4
1.52156 1.77027 -1.42685 4
0.19496 0.221731 -0.321791 4
0.229754 -0.0781437 0.0919886 4
-2.20996 -1.69402 1.59902 4
-0.251135 -0.443966 0.357099 4
-0.267269 -0.597896 0.498956 4
-0.893639 -0.525405 0.316848 4
0.083599 0.353395 -0.109796 4
0.544879 -0.220778 -0.590568 4
-0.378366 -0.650382 0.117854 4
0.131005 0.565245 -0.881271 4
0.336453 -0.781225 0.244872 4
1.64596 1.29815 0.251333 4
-0.658056 -0.130422 0.280413 4
-0.365386 -0.640971 -0.51419 3
0.00536086 -0.061398 -0.060036 3
0.811223 0.837275 -0.990824 3
0.998595 0.924807 -0.996352 3
0.174185 -0.0416854 -0.584306 4
0.0452534 -0.0754841 -0.41576 4
-0.0144391 -0.0940301 -0.0510336 3
-0.0364268 -1.34229 -1.31757 3
-0.346127 -0.0317174 -0.381856 4
-0.163397 -0.181829 -0.300868 4
0.739138 0.370443 -0.334218 3
1.66771 1.0579 -0.86705 3
0.990373 0.624035 0.00965563 3
-0.407902 -0.137667 0.288772 3
-0.453116 -0.0106811 0.333889 3
-0.458371 -0.498738 -0.516787 3
-0.343597 -0.259753 -0.239284 3
-3.02549 -1.61903 2.68784 4
-5.01277 -3.06447 4.34451 4
-4.19775 -3.30783 3.73793 4
-2.40911 -1.4965 2.50033 4
-0.00425709 -0.021972 -0.0322199 3
-0.0491905 0.120996 0.040297 3
0.0170087 -0.00761301 -0.021806 3
-0.171974 0.112798 -0.0289569 3
-0.171663 0.0370137 0.231179 3
0.0149687 0.0325124 0.0154714 3
-0.0225914 -0.0182111 -0.0397726 3
0.186189 -0.122213 -0.160759 3
-0.0876296 -0.0716713 -0.305744 3
-0.0337615 -0.116449 -0.102595 3
3.64374 3.63915 0.169747 4
1.22698 1.21779 -0.297181 3
0.649698 0.579311 0.236781 3
1.78655 1.01079 0.167654 3
2.14663 1.26396 0.0609289 3
0.246861 -1.39468 0.952455 1
-0.641334 0.144077 -0.0196835 1
-0.0947067 -0.164004 -1.06836 1
-0.35939 0.140225 -0.0147199 1
0.326599 -0.126832 -0.19874 1
-0.102184 -0.064507 -0.0496274 1
-0.0144735 0.46542 -0.144744 1
-0.0409011 0.0128287 0.0426035 1
