# 1 = ball
# 2 = lepton
# 3 = photon
# 4 = PID > 100
# 5 = neutrino
# 6 = other
8.00193 7.2755 22.9166 4
-3.96863 -3.37317 -9.43903 4
0.470958 0.254379 0.135636 4
-0.697021 0.816463 -0.629111 4
0.586286 0.230562 0.398279 4
0.64963 0.60075 2.22416 4
2.13031 0.669907 3.73495 4
-0.379914 -0.157157 -2.48747 4
-0.622349 -0.597593 -0.123001 4
1.02178 0.487185 2.29419 4
0.892262 0.892036 2.35632 4
-0.912839 -1.07677 -3.0351 3
-1.50675 -0.875347 -3.42189 3
-0.993376 -1.32719 -3.2085 4
-1.35924 -1.21787 -3.78878 4
-0.0138654 -0.00270462 -0.132499 3
-0.457651 0.202541 -1.1345 3
0.18944 0.216052 0.363622 3
0.338863 0.310469 0.350961 3
-0.10228 -0.0516821 0.0109371 3
-0.586207 -0.647234 -0.109818 3
-1.01002 -0.936946 -3.28098 3
-1.31427 -1.21682 -3.88336 3
-0.16928 0.282654 0.420703 1
-0.115505 -0.0117576 0.0312088 1
-0.0525818 -0.526055 -0.486679 1
0.108137 -0.0945247 -0.0314515 1
-0.0732257 -0.00180117 -0.0746762 1
-0.000871886 0.0206131 -0.0703674 1
0.144664 0.0851014 0.122444 1
0.0908499 -0.0175656 -0.2041 1
-0.0191586 -0.05493 -0.0150612 1
-0.0692684 0.00387173 -0.00301789 1
0.125852 0.00751885 -0.0403711 1
-0.218914 -0.394697 0.0613321 1
-0.126737 0.0213865 -0.113359 1
0.266996 -0.100817 0.542848 1
0.176426 0.377727 -0.180709 1
-0.090813 -0.00551457 -0.000162141 1
-0.0673518 -0.0574751 0.00670052 1
-0.00502121 0.0233833 0.0946999 1
-0.289842 -0.0200407 0.178534 1
-0.080089 -0.143218 0.190219 1
-0.154286 0.016206 -0.260781 1
0.12695 0.212045 -0.00115992 1
0.13807 -0.00484572 0.0222939 1
-0.0645027 -0.246567 -0.00920654 1
0.123405 0.156645 -0.060911 1
-0.00707945 -0.0547601 0.0202272 1
-0.000705188 -0.0100592 0.000303396 1
0.0572754 -0.301243 -0.347966 1
-0.0257285 0.0048153 -0.201018 1
0.00792052 0.236106 0.343685 1
0.0777511 0.105745 0.0679154 1
-0.0399686 0.0809001 0.1451 1
-0.144059 -0.106172 -0.264815 1
-0.0143194 0.0652276 0.100671 1
0.0273496 -0.0240767 -0.094907 1
0.000613712 0.000817064 0.0001919 1
