# 1 = ball
# 2 = lepton
# 3 = photon
# 4 = PID > 100
# 5 = neutrino
# 6 = other
0.330943 0.908379 -0.105686 4
0.105398 -0.415167 -0.717857 4
0.25915 0.0652556 0.162404 3
0.374196 0.147714 0.0821886 3
0.308273 0.106242 0.196427 3
-0.230731 -0.401822 0.422822 2
-0.22645 -0.42404 -0.250548 5
0.0793267 0.134868 0.108237 2
0.440228 -0.271523 0.218574 5
-0.524875 0.0149325 -0.0266592 4
-0.0680092 0.135139 0.0717293 4
-0.0396006 -0.0098348 -0.0456234 3
0.569921 0.177249 0.30982 4
3.06642 1.3043 2.20431 4
2.21428 0.82181 1.33493 4
-0.261832 -0.369805 -0.453368 4
-0.784134 -0.231589 -0.213271 4
0.186992 0.202375 -0.152379 4
0.469417 0.470097 -0.68568 4
-0.0844137 -0.117036 -0.0191824 3
0.0537191 -0.077928 -0.00554187 3
-6.64566 -2.20392 -1.59393 5
-11.2145 -5.27129 -5.95766 2
1.1756 0.414721 0.594609 4
1.62212 1.04779 0.526342 4
1.42335 0.28163 0.591068 4
2.49339 1.0068 1.01484 3
0.614505 0.295608 0.202725 3
-1.46845 -0.35642 -0.76125 3
4.72865 1.98059 2.54073 4
5.74881 1.98597 2.2763 4
2.2456 0.923493 1.68764 4
0.567354 0.268369 0.342519 3
1.72395 0.61839 1.16932 3
0.00949564 0.00716834 0.0288395 3
1.27803 0.838907 1.07892 3
-6.69288 -1.86809 -3.23691 4
-0.601106 -0.0827536 -0.263814 4
-1.21746 -0.175365 -0.512157 4
-2.73824 -0.483454 -0.928704 4
0.198806 -0.347056 -0.813524 1
-0.266155 -0.0125048 -0.225874 1
-0.316476 -1.03709 -0.446634 1
0.633229 0.143661 -0.137626 1
-0.571598 -0.111441 1.05721 1
0.101425 -0.258392 0.0162844 1
0.628021 0.202952 0.0015816 1
-0.520408 0.414773 -0.361278 1
-0.105314 -0.16139 -0.00992145 1
-0.0587175 -0.0124486 0.107844 1
-0.261489 -1.39429 -1.07745 1
0.706917 0.756652 0.366165 1
0.54101 0.418807 0.288141 1
