# 1 = ball
# 2 = lepton
# 3 = photon
# 4 = PID > 100
# 5 = neutrino
# 6 = other
0 0 0.00018766 3
-0.280066 -0.276449 -0.430035 4
2.20582 0.25983 -1.18756 4
2.27607 0.225543 -0.57056 4
3.49864 0.126442 -1.80822 4
11.9133 0.363869 -6.02453 4
-1.14333 0.559877 0.252785 4
0.0364354 -0.102182 0.163872 4
-0.268528 0.191804 -0.0153255 4
0.45774 -0.149768 -0.953768 4
9.02851 -0.326071 -3.8851 4
7.8091 -0.652629 -3.94956 4
-13.3679 -0.97248 7.49254 4
-8.41831 -0.758502 4.16312 4
-0.592278 0.0176282 0.58931 4
-0.636474 -0.109276 0.759922 4
-0.206997 0.210046 -0.147108 4
-0.199083 0.879106 0.835041 4
0.269482 -0.214628 -0.616547 4
0.23169 0.0649819 -0.133616 4
-0.785218 -0.562433 0.682657 4
-0.954162 -0.362726 0.776744 4
-0.463954 0.21546 0.247672 4
-0.206065 0.411635 0.320314 4
-0.665045 0.704227 -0.280611 4
0.0250356 0.149747 0.0530097 4
-0.106693 -0.0634521 -0.366378 3
-0.0453049 -0.0456804 -0.0281989 3
-1.39396 0.0513316 0.734883 3
-2.93828 0.0957954 1.33107 3
-0.620926 -0.224521 0.0761667 3
-1.11298 -0.215226 0.140544 3
0.00139409 -0.273136 0.112417 3
-0.049033 -0.137261 0.165487 3
-0.226126 -0.32678 0.0366142 3
-0.205132 -0.11956 0.0379377 3
0.143452 -0.152638 -0.00391913 3
-0.027848 -0.0160125 0.0157705 3
-0.00961476 0.0429364 -0.0788096 3
-0.0303268 0.0405061 0.0554153 3
-1.2235 -0.255551 0.688266 3
-0.101065 0.0155586 0.0422754 3
-0.761866 0.759496 0.382456 3
-0.465114 0.354745 0.240901 2
-0.0925405 0.0604186 0.0401739 2
-0.0349517 0.023142 0.033587 3
-0.264008 0.492833 0.00871205 3
