# 1 = ball
# 2 = lepton
# 3 = photon
# 4 = PID > 100
# 5 = neutrino
# 6 = other
0.00375977 -0.00169938 0.00405515 3
1.19336 -0.461908 1.9832 4
0.120842 0.102449 0.635634 4
-1.92444 1.79379 1.25026 4
-3.20508 4.33993 0.206388 4
-0.571086 0.54628 0.032421 4
-0.600798 0.10276 0.633252 4
-0.937102 1.04435 -0.450422 4
0.458768 1.08507 0.970534 4
0.325281 -0.105546 0.317099 4
-0.559244 1.53545 1.53896 4
0.0747189 0.159075 0.023229 4
-1.82526 1.03411 0.292818 4
-0.0093229 0.175753 0.0724304 4
-0.342024 0.264663 -0.311638 4
-0.0951394 0.243413 -0.6755 4
-0.528447 -0.541228 -0.644146 4
-0.279153 -0.37891 0.430165 4
-0.299666 -0.151873 -0.0485514 4
-0.816628 -0.139942 -0.52867 4
-0.014688 -0.172918 0.0784723 4
0.234101 -0.0860835 0.229457 3
-0.725666 0.100313 -0.276036 3
-0.498747 0.149163 -0.111491 3
0.0739777 -0.353777 0.30184 3
-0.0259586 -0.0385272 0.0037336 3
-0.0456161 -0.43387 -0.781324 4
-0.373667 -0.275009 -1.22988 4
-0.018193 0.00813973 -0.029703 3
0.0116304 -0.277319 -0.82739 3
-0.360275 -0.386222 0.21027 3
-0.148713 -0.113846 0.161667 3
-0.690627 0.530762 -0.696291 3
-0.0947699 0.0885889 -0.177541 3
0.619638 -0.656664 -0.951437 5
0.163537 0.439617 -7.11497 2
1.15033 -1.47054 2.67953 5
-0.51964 0.527631 0.969492 3
-0.096564 0.059189 0.0843033 3
-0.0705398 0.105934 0.248919 3
-0.0234559 0.0255326 -0.0126567 3
-0.342393 0.339439 0.8818 3
-0.139549 0.0935064 0.180564 3
0.0361893 -0.128861 0.183886 3
0.0200172 0.034499 0.0646136 3
0.0446723 -0.024746 0.0496342 3
-0.0797643 0.016169 0.18082 3
-0.0944503 -0.0817268 0.193581 3
-0.174441 0.0358346 0.217449 3
-0.0953936 0.0656956 -0.104145 3
-0.0738136 -0.0674356 -0.111999 3
-0.1545 -0.0386741 -0.959447 4
0.513987 0.350574 0.526569 5
0.180972 -0.228548 0.207327 2
3.56435 -1.82515 3.18379 5
-0.706535 -0.104978 -1.48062 4
4.48794 -2.15464 3.65153 4
2.47535 -1.03728 3.24891 4
0.225548 -0.0371311 0.272706 3
0.241777 -0.138657 0.182331 3
-0.691036 -0.439279 -4.50841 4
0.467521 -0.159288 0.790087 3
0.354891 -0.0524217 0.413439 3
-0.341566 -0.465002 -2.74512 4
-0.23049 0.237876 -1.95625 4
-0.162499 0.11346 0.105514 1
0.0656392 -0.0229964 -0.0436826 1
0.647414 0.302607 -0.188263 1
-0.202972 -0.760331 -0.0525281 1
-0.226352 -0.499007 -0.112051 1
0.148006 -0.0145999 0.0388783 1
0.224958 -0.317629 -0.740929 1
0.313524 -1.0498 0.433702 1
0.753054 -0.445055 -0.165271 1
0.427827 -0.291478 -0.119535 1
0.089122 -0.139959 -0.371004 1
-0.494634 -0.0647464 0.285962 1
0.217567 0.169825 0.0881204 1
-0.0593647 0.224278 0.0916249 1
-0.168144 -0.150938 -0.0504165 1
-0.340136 -0.0023751 -0.420187 1
-0.0776325 0.201079 0.0304702 1
0.0888744 -0.121408 0.15027 1
0.267956 -0.143031 -0.141137 1
0.244727 -0.0690207 0.147071 1
0.0274096 0.470791 -0.0219073 1
-0.00306174 0.00447905 0.00181078 1
