# 1 = ball
# 2 = lepton
# 3 = photon
# 4 = PID > 100
# 5 = neutrino
# 6 = other
0.0284324 1.22364 19.0887 3
-0.0140696 0.0137721 -0.116789 3
0.308442 0.81159 -2.35529 4
-1.51703 -0.663269 -1.23579 4
0.109141 0.124464 0.186326 4
-0.206123 0.196766 0.362191 4
-0.819148 2.40304 2.38809 4
1.33936 -0.873895 -3.02602 4
1.05668 -0.748899 -6.36007 4
0.426847 -0.676642 -1.97272 4
-0.0069561 -0.310646 -0.297429 4
-0.35345 0.234664 -0.536698 4
0.803966 -0.317351 -1.38101 4
-0.37911 -0.941644 -1.24309 4
-0.272462 1.18994 0.895896 4
1.25714 -1.68991 -5.13083 3
0.4492 -0.710004 -2.20151 3
-0.0371895 0.0494973 0.0535838 4
-0.60244 0.55111 0.778202 4
-0.143794 0.402361 0.465306 4
-0.154357 0.332753 0.801265 4
-0.702409 2.28102 2.25053 4
-0.0763037 0.896476 1.10541 4
0.387602 -0.484357 -1.91146 3
0.155534 -0.289494 -1.29569 3
0.396107 -0.132082 -1.3846 3
0.0312473 -0.00926802 -0.331183 3
-0.0117651 0.00825192 -0.0769754 3
0.0266705 0.0661509 0.0387756 3
-0.0557529 -0.117755 -0.0418552 3
0.0553291 -0.0317213 -0.0653472 3
0.237335 -0.192382 -0.459121 3
-0.0170863 -0.025431 -0.0688153 3
-0.0616888 -0.0924672 -0.147539 3
0.0398648 0.0171442 -0.0835989 3
-0.391768 0.634268 0.28455 3
0.008502 0.0121508 -0.0041832 3
-0.0667079 0.135883 0.100273 3
-0.0455049 -0.0133579 0.104066 3
-0.160702 1.37389 1.17868 3
0.0142258 0.121296 0.144298 3
1.07091 -0.810291 0.311588 1
0.0692544 0.021893 -0.0505428 1
-0.0299556 -0.517123 0.4672 1
-0.0374215 -0.138042 -0.696924 1
-0.0660571 -0.0698415 0.151212 1
0.157022 0.632327 -0.942479 1
0.755448 0.563989 1.35312 1
-0.314907 -0.579699 0.787248 1
-0.603845 0.956273 0.152911 1
-0.135289 0.127493 -0.0969054 1
0.182636 -0.694586 0.180049 1
-0.423988 0.0837893 -0.0738667 1
-0.218433 -0.635693 -0.241341 1
0.0668411 -0.0629401 0.116133 1
0.0983872 -0.129782 0.0123526 1
-0.0232582 -0.0306705 0.145838 1
-0.0451789 -0.170978 -0.300167 1
0.1238 -0.281247 0.211184 1
-0.0255946 0.0334278 -0.032935 1
0.0637113 -0.364665 -0.0915456 1
-0.0598107 0.489587 0.635525 1
-0.99863 -0.312114 0.443133 1
0.0648515 -0.231962 -0.0290817 1
-0.183282 -0.027778 0.227619 1
0.185729 -1.044 0.280813 1
0.0186876 0.0155561 -0.021857 1
-0.0704901 0.0230092 -0.0904991 1
0.202412 -0.139014 0.142625 1
-0.452151 0.308992 -0.415082 1
-0.0439812 0.0225072 -0.0669087 1
-0.433469 -0.19398 -0.213778 1
0.116977 -0.643583 -0.628151 1
-0.415583 -0.468414 -0.433346 1
0.187665 -0.0422577 0.0994089 1
0.179147 -0.45907 0.211895 1
0.00203046 0.00932993 -0.00294332 1
