# 1 = ball
# 2 = lepton
# 3 = photon
# 4 = PID > 100
# 5 = neutrino
# 6 = other
0.361478 -0.355128 0.619281 4
-0.351871 0.22865 -0.417891 4
-0.704619 -0.126355 -2.11499 4
0.3428 -0.459117 0.996112 4
-0.287682 -0.0455192 0.633964 4
-0.0184604 0.0809722 -0.172298 3
0.00430368 0.0100188 -0.151848 3
-0.00856912 0.532247 -1.5162 3
-0.0588213 0.0490253 -0.507434 3
0.107266 -0.484276 -0.422269 3
0.0701274 -0.141645 0.412541 4
0.0795334 0.01368 0.170233 4
2.35169 -2.26613 10.1124 4
-4.35014 5.69492 -14.2637 5
-2.76013 1.86805 -10.1026 2
0.183963 -0.142641 0.33382 3
0.0597943 -0.183481 0.368727 3
0.976894 -1.02329 2.90292 4
0.436727 -0.0577602 0.987577 4
0.114488 0.163579 -0.69596 4
0.323843 -0.318412 1.04297 3
3.50966 -3.77813 12.8547 3
0.0658406 -0.090685 0.523019 3
1.22599 -1.44325 3.39064 4
-0.612939 0.282498 -1.48158 4
-0.0802341 0.075537 -0.32735 4
0.801543 0.0293354 2.29913 4
0.860488 -0.480836 1.38652 4
-0.736217 0.609251 -2.28352 4
-0.394072 0.429372 -1.31682 4
-0.123136 0.0612628 -0.226899 3
-0.107123 0.220516 -0.598736 3
-0.0827432 0.0530538 -0.43327 3
0.0188088 0.0989324 -0.200771 3
-0.531806 0.763212 -1.80615 3
-0.00782412 0.00558287 -0.072 3
0.00813681 0.00880875 -0.0103916 1
-0.00820621 -0.0745939 0.0334865 1
-0.0726239 0.00436991 -0.0361336 1
-0.0327665 0.0839355 -0.0269171 1
-0.116336 -0.0486331 -0.0586578 1
0.00075454 -0.00837305 0.00142863 1
0.274545 -0.213182 -0.0749016 1
-0.0933347 -0.252168 0.022914 1
-0.520496 0.456684 0.449511 1
0.0609518 0.100641 -0.00281417 1
0.0135543 -0.0198078 0.0116513 1
0.0138027 -0.00714 0.0296138 1
-0.0225475 0.121304 -0.0420066 1
-0.0452807 0.211192 -0.0808977 1
-0.0750583 -0.0111756 0.112135 1
-0.146209 -0.0133978 -0.0107345 1
0.029502 -0.269709 -0.123179 1
-0.262868 -0.154027 -0.000485226 1
0.127308 0.156592 -0.154255 1
0.187221 0.0558514 0.0385295 1
0.00109916 -0.000205574 -0.000125919 1
