# 1 = ball
# 2 = lepton
# 3 = photon
# 4 = PID > 100
# 5 = neutrino
# 6 = other
0.00519335 0.0346084 -0.0357268 3
0.00470859 -0.00089362 -0.0040989 3
-15.1683 1.55328 -5.13463 4
-0.284156 0.182247 -0.0382908 4
-0.879545 -0.15185 -0.269815 4
-0.816556 -0.0530003 -0.30293 4
-1.04248 1.28624 -0.658202 4
-0.403791 -0.0234477 0.390308 4
1.10533 0.175082 0.399031 4
3.98493 -0.663585 1.46403 4
5.09942 -0.648707 1.32568 4
-3.41626 0.641791 -0.903005 4
0.73445 0.066626 0.0725116 4
7.08644 -2.00032 1.62271 4
7.44087 -1.96277 2.04551 4
-1.71372 0.235503 -0.947728 3
-1.83017 0.37219 -1.10752 3
-0.800934 -0.314379 -0.424233 4
-0.0170362 0.0278449 -0.155146 4
-0.375353 0.446648 0.104433 4
0.098703 0.0402875 0.044452 4
1.01544 0.178378 -0.0989699 4
0.934086 0.234877 0.364788 4
0.225649 0.0254547 0.110544 3
0.0664181 0.0735794 -0.00777012 3
-0.0923323 0.0615933 -0.0288313 3
-0.634192 0.121845 -0.386791 3
1.81592 -0.720422 0.530893 3
0.941351 -0.290528 0.209187 3
-0.801859 0.251748 -0.298049 3
-0.454164 0.0806974 -0.0802219 3
-2.45525 0.528624 -0.448949 3
-0.108014 -0.000332478 -0.00354894 3
-0.273255 0.0225116 -0.039561 3
-1.13875 0.374969 -0.165888 3
-0.199552 -0.0323853 -0.0917784 3
-0.262623 0.113001 -0.14404 3
-0.0558958 0.204401 0.034589 3
0.0762928 0.252646 0.0814993 3
0.0406432 0.0250291 0.0175355 3
0.310354 -0.163838 0.0134674 3
-0.455269 -0.563994 -0.81122 1
-0.0243835 -0.144393 -0.0114846 1
0.467995 0.550519 -0.0178305 1
0.0228808 0.0150067 -0.00412889 1
-0.0121989 0.0119941 0.378611 1
-0.286283 0.316232 0.315256 1
0.0956971 -0.0434678 -0.366456 1
-0.402997 -0.408161 0.688451 1
0.0125661 -0.0442453 0.171097 1
0.490112 -0.266133 0.0302192 1
0.536431 -0.183857 0.204615 1
0.572977 -0.676022 -0.363918 1
0.429876 1.00814 1.49157 1
-0.257592 -0.19567 -0.0957859 1
-0.851767 -0.228505 0.310332 1
0.883396 -0.0709139 0.736099 1
-0.20423 -0.0612262 -0.170951 1
-0.210586 -0.576274 0.369848 1
-0.0145849 0.0652745 -0.122792 1
0.203694 0.0727899 -0.3427 1
0.310042 -0.516832 0.05373 1
-1.085 0.175246 -0.982109 1
-0.0609966 0.254903 0.0981929 1
0.40568 0.175637 0.37049 1
0.292916 0.365065 1.05943 1
-0.0592222 0.0751593 -0.429527 1
0.0307428 -0.00983925 0.0121469 1
-0.0920156 -0.423537 0.550584 1
0.0408316 0.125059 -0.0127543 1
1.23768 0.372255 -0.456449 1
0.221625 0.244541 0.291998 1
