# 1 = ball
# 2 = lepton
# 3 = photon
# 4 = PID > 100
# 5 = neutrino
# 6 = other
-0.111772 0.0137247 -0.00285014 3
-0.184371 -0.0567852 -0.0100074 4
-0.0372259 -0.156053 -0.31362 4
0.218997 0.76621 -1.32369 4
0.0676071 0.00502281 -0.344988 4
-0.159551 0.351019 0.98184 4
-0.398782 -0.264687 11.3825 4
0.905064 -2.67506 -8.34028 4
-0.363994 -0.574469 -2.2876 4
0.776727 -0.149145 -1.7107 4
0.274606 0.148579 -1.07435 4
0.113719 -0.101813 -0.686827 4
-0.207196 0.0409563 -0.342327 4
-0.808328 -0.167389 -0.0232575 4
0.828917 -0.144165 1.6038 4
-0.113569 -0.00572088 -0.711493 4
-0.101698 -0.432502 0.510594 4
-0.189116 0.586378 0.711252 4
0.0782363 -0.516155 1.5534 4
0.401066 -1.18385 13.299 4
0.203042 -1.02043 -1.41535 4
0.147466 0.216743 -0.363402 4
-0.225005 1.15018 -0.440494 4
-0.116884 1.9721 -1.25357 4
0.204443 0.750434 -1.06515 4
-0.0950454 0.348104 0.000794664 4
-0.223171 0.477939 -0.858454 4
0.17766 0.178495 -0.383209 4
-1.68174 -0.847199 0.108119 4
0.354996 -0.951486 -0.220358 4
0.73908 0.921892 -3.39245 4
-0.346052 -0.355905 -0.681309 3
-0.030806 0.00821798 -0.066307 3
0.117099 0.216491 -0.354457 4
0.379479 0.199818 -0.424503 4
0.086406 0.167436 -0.080873 3
-0.0221136 0.325012 -0.171652 3
-0.206187 -0.386571 0.036234 4
-0.794599 -0.721234 -0.0651933 4
-0.40701 0.293837 -0.406707 3
-0.402956 -0.22414 -0.170811 3
0.568609 -0.401276 0.862124 3
0.44801 -0.187605 0.540927 3
0.0167839 0.00432548 0.00135347 3
0.535475 0.526241 -0.815417 3
-0.050504 0.0366309 0.107237 3
-0.138702 0.0236276 0.00451981 3
-0.00750207 -0.00559122 0.190006 3
0.0464779 -0.50357 2.16678 3
0.0596815 0.0797695 -0.206369 3
0.144011 -0.036405 -0.301833 3
-0.0883226 0.0890578 -0.391084 3
-0.0911126 0.0717415 -0.101945 3
-0.105144 0.142789 -0.0707121 3
-0.390151 0.665335 -0.621218 3
-0.00623551 0.0408625 -0.018132 3
0.106242 -0.0422936 0.0548501 3
-0.0785374 -0.0276875 0.027986 3
-0.0562844 -0.109467 -0.0979529 3
0.00150513 0.0876212 0.00142987 3
0.0182063 -0.050353 -0.00548093 3
0.454149 0.443105 -0.856978 4
0.286105 0.102777 -0.32413 4
0.671813 0.5988 -1.36057 3
-0.306179 -0.116458 -0.128407 3
-0.0612342 -0.009448 -0.10238 3
-0.0270906 -0.0229754 -0.00788218 1
-0.114248 0.0846751 0.0146064 1
-0.133459 -0.0192354 -0.108817 1
-0.444557 -0.163093 0.0755299 1
0.137009 -0.219447 0.0683924 1
0.028357 -0.00919134 -0.0440925 1
0.0421626 0.252974 -0.00341543 1
-0.151129 0.0895818 0.0757748 1
-0.0349085 0.0746354 -0.0594368 1
0.137877 0.0150477 0.0996532 1
-0.321608 0.630212 0.53684 1
-0.109777 0.13502 -0.0102315 1
-0.184969 -0.0827366 0.0723428 1
-0.0519681 -0.469609 -0.369204 1
0.00383879 -0.0158608 0.0136823 1
0.398539 0.0942517 -0.109284 1
0.00133514 -0.000604983 -0.000395174 1
