# 1 = ball
# 2 = lepton
# 3 = photon
# 4 = PID > 100
# 5 = neutrino
# 6 = other
-0.166896 -0.0756826 0.724378 3
0.0207489 0.00466632 -0.71591 3
-7.49037 -21.5517 -4.18512 4
0.207406 0.826642 0.0618092 4
0.0833853 0.0670176 -0.751321 4
0.691498 0.417677 0.0748863 4
1.72852 3.89399 0.95452 4
0.755328 1.84979 0.614114 4
0.89907 3.10531 0.733158 4
-0.200272 -0.0887474 -0.138053 4
0.0118359 -1.25042 -0.716943 4
1.91554 7.17968 1.72945 4
0.807766 2.0125 0.135793 4
0.208875 1.36688 0.572094 4
-0.103598 -0.779161 -0.0602362 4
-0.81527 -2.038 -0.337381 4
1.49565 2.72181 0.171717 4
0.23355 0.378563 0.0363178 3
1.03229 1.47632 0.0552958 3
0.18532 0.375655 0.0268331 3
-1.03568 -2.18408 -0.767146 3
-0.332875 -0.607708 -0.15781 3
-0.554169 -1.02251 -0.0873355 3
-0.0866237 -0.138225 0.0373849 3
0.490831 0.625828 0.178569 3
0.0807083 0.0375238 0.00203577 3
0.0302586 0.113283 0.0166092 3
0.283162 0.511889 0.366565 3
0.762408 1.53107 0.302085 3
1.08094 2.42837 0.594873 3
-0.274987 -0.648337 0.0671387 3
-0.12636 -0.138502 0.0476845 3
1.06572 -0.216962 -0.811171 1
-0.0365484 0.06501 -0.378458 1
-0.33995 0.274522 0.492536 1
-0.705659 -0.0511612 -0.283653 1
-0.480691 -0.472655 0.518054 1
0.586789 -0.0198628 0.831618 1
0.203891 -0.171408 -0.00723687 1
0.151597 -0.124847 0.0563474 1
0.0111112 0.480159 0.236859 1
0.324081 -0.534487 -0.370517 1
-0.192886 -0.753818 -0.337417 1
-0.230315 0.320496 -0.31888 1
-0.746226 0.497041 0.339689 1
-0.411568 1.23788 -0.440098 1
-0.203438 0.0688669 0.0874718 1
0.0681871 -0.167956 -0.119054 1
-0.129504 -0.432206 -0.880377 1
0.0360454 -0.0783221 -0.0168001 1
-0.0318785 -0.119053 0.142747 1
-0.657664 -0.289912 0.138332 1
-0.191247 -0.0589798 -0.105671 1
0.726483 -0.536132 -0.618821 1
0.0648137 -0.145555 -0.140219 1
0.106168 0.276221 0.250438 1
0.0139801 -0.0599967 -0.0156739 1
0.259633 0.103891 0.0276146 1
-0.649842 -0.200989 -0.28338 1
-0.0614554 0.31699 0.770046 1
0.0366667 1.02839 1.35715 1
-0.0127533 -0.208093 -0.00778814 1
-0.391531 -0.428499 0.300263 1
