# 1 = ball
# 2 = lepton
# 3 = photon
# 4 = PID > 100
# 5 = neutrino
# 6 = other
0.00827393 -0.00447073 0.782326 3
0.442318 -0.97224 -2.76093 4
0.953908 -0.670696 -3.03217 4
-0.00266456 -0.0966992 -0.287993 4
0.736751 0.00442301 -1.56912 4
0.550854 0.666335 -1.27142 4
-0.223251 -0.823635 -0.440448 4
0.254971 0.177087 0.10231 4
-0.103332 -0.0744337 -0.0102438 4
-0.913125 1.64309 4.2239 4
-0.131705 -0.914689 -1.86833 4
0.248616 -0.692476 -1.5299 4
1.14777 -0.489836 -3.8108 4
-0.560278 0.623019 0.164587 4
-1.10375 -0.130836 0.00893615 4
-0.297948 -0.842614 -0.638583 4
-0.52669 -0.632181 0.40068 4
0.0372524 0.0576916 -0.437641 4
0.167027 0.145377 -0.0821996 4
-0.0550893 0.5168 1.06811 4
0.0446113 0.427272 0.540075 4
-0.493883 -0.678857 -1.4312 4
0.467124 -0.0415841 -0.867396 3
-0.0969183 0.0642687 -0.789878 3
-0.00312663 -0.105506 -0.291731 3
-0.1067 -0.0201267 -0.25941 3
0.19934 -0.462126 -1.2958 3
0.0417482 -0.0488333 -0.0754031 3
-0.104193 0.132992 -0.131068 3
-0.285933 0.561958 -0.81829 3
0.0495797 0.105448 0.108939 3
0.00119245 -0.0395876 0.017636 3
-0.32356 -0.198501 0.0943176 3
-0.512145 -0.129625 0.137002 3
0.159795 -0.468668 0.528544 3
-0.00804095 -0.0781396 0.0322809 3
-0.124528 0.14308 0.046918 3
-0.104338 0.0179942 -0.0457 3
-0.0643422 -0.0220604 0.105888 3
-0.42567 0.158729 0.440417 3
0.318502 0.11624 0.182738 3
-0.0316794 0.0609571 0.157429 3
-0.0391143 -0.0187464 0.624132 3
0.108645 0.770225 2.07333 3
0.133274 0.683584 2.23483 3
0.0850537 -0.394408 -0.951471 3
-0.0241574 -0.0123369 -0.039675 3
0.000953552 0.0057617 -0.0118575 3
0.976316 -0.569919 -2.90672 3
0.197998 -0.150139 -0.441126 3
0.348071 -0.530668 -1.13554 3
-0.629227 -0.0596358 -0.0636211 3
-0.230404 0.0600544 -0.0207907 3
-0.0243903 -0.0361672 0.109727 3
-0.136394 -0.332061 0.244779 3
-0.170223 -0.443814 0.463557 3
-0.0838026 -0.318054 0.18693 3
0.021784 0.0228154 0.162417 3
-0.172453 0.053757 0.526955 3
0.0975443 0.841847 0.311086 3
-0.00298967 0.0393092 0.0499582 3
0.2037 0.0151755 0.474317 3
0.406159 0.142932 1.47983 3
1.19718 -1.39551 -2.99825 4
0.161651 0.00570468 0.0628337 3
0.0239197 0.0329978 -0.0439617 3
-0.0176537 -0.0300302 0.0408175 3
-0.0348497 0.100152 -0.0221535 3
-0.0399717 0.000761527 0.0075269 3
0.0418223 0.146465 0.149137 3
0.0820582 -0.127898 -0.12926 3
0.0268572 -0.170562 -0.0107076 3
0.0364511 -0.0672352 0.00886639 3
0.0294962 0.0664313 -0.00898316 3
-0.0751296 -0.119078 0.0175929 3
0.031971 0.0137104 0.0140223 3
-0.0682479 0.0995108 0.317817 3
-0.173141 0.0250411 0.747892 3
0.0307345 0.0661266 0.670996 4
-0.287091 0.813614 2.71373 4
-0.0539664 0.125397 0.229005 3
0.00415715 0.109096 0.519667 3
-0.448424 1.51413 5.38741 4
-0.0997854 0.316952 1.14282 3
-0.0517005 0.0103331 0.171573 3
-0.209406 1.50753 3.07681 3
-0.113375 0.357195 0.807734 3
0.0366441 0.0406855 -0.157081 1
0.0906068 -0.0191966 -0.170709 1
0.165653 -0.036451 -0.357762 1
-0.300841 -0.0523246 0.547584 1
-0.176775 -0.289244 -0.33963 1
-0.257831 0.0435787 0.000537311 1
0.123882 -0.239565 -0.17368 1
0.139779 0.0333061 0.109833 1
0.0651684 0.0832374 0.02627 1
0.0260704 0.141704 0.245924 1
0.324597 -0.0694638 -0.365101 1
-0.459072 -0.860812 -0.156111 1
0.103362 0.519253 -0.268851 1
-0.131876 -0.256997 0.0556876 1
-0.0286531 -0.0379646 0.258691 1
0.288612 -0.152724 0.071538 1
0.340975 -0.224443 -0.393492 1
0.0531718 0.141672 -0.607834 1
0.238029 0.419684 -0.407243 1
-0.189013 -0.113194 -0.190166 1
-0.472128 0.763326 0.208193 1
-0.267005 0.0112559 0.422022 1
