# 1 = ball
# 2 = lepton
# 3 = photon
# 4 = PID > 100
# 5 = neutrino
# 6 = other
2.47418 -3.64808 -23.2692 3
-0.385408 -1.57998 0.753502 4
0.170817 -0.50963 0.215388 4
-0.61441 0.615109 0.00205568 4
0.250603 1.59832 2.19234 4
0.0166158 -0.185618 0.0144001 3
-0.0168224 0.486756 0.30793 3
-0.259788 1.57244 1.16675 3
0.0371183 0.0971317 0.134055 3
0.329155 -2.79097 0.469997 4
-0.260877 -0.690325 0.881696 4
-0.656855 -2.67066 0.777882 4
0.187936 -0.962013 -0.0830521 3
-0.0183469 -0.236719 -0.0381467 3
0.0653088 -0.241406 0.468812 4
0.755804 3.33982 3.16124 4
0.520399 6.57694 6.14846 4
0.948885 2.58694 2.07468 4
-0.271319 0.822549 1.08278 4
-0.281815 -1.80158 0.33448 4
-0.220687 -3.18589 0.0520469 4
-0.0904985 -0.358234 0.0634798 3
-0.169372 -1.29682 0.433117 3
-0.00131296 0.00401275 -0.00210148 3
-1.45245 2.03385 1.97596 3
0.120434 0.210447 -0.977312 1
0.376518 0.642769 0.106453 1
0.137276 -0.127655 0.103816 1
0.205817 -0.375566 -0.441421 1
0.0902083 -0.0496575 -0.0617667 1
-0.174842 -0.0168625 0.411227 1
0.308304 -0.0388443 -0.158342 1
-0.0204056 -0.225661 0.109033 1
0.0213584 1.28195 0.435968 1
0.141478 -0.221659 0.0150106 1
0.209378 0.0635278 -0.0328223 1
0.293589 1.01577 -0.204237 1
-0.106468 -0.25999 0.119903 1
-0.156479 -0.357445 0.184755 1
0.00519163 0.0103967 -0.00858307 1
-0.0480555 -0.0623133 -0.115686 1
0.21992 -0.091169 -0.00681241 1
0.062924 -0.20195 -0.526065 1
0.565237 -0.139682 0.0584561 1
-0.38979 0.377629 0.36175 1
-0.177155 -0.0893973 0.214848 1
-0.0480333 0.283224 -0.0636585 1
0.1172 -0.375096 -0.0275739 1
0.00489907 0.0503793 0.694273 1
-0.433396 -0.273456 0.33642 1
-0.146101 -0.162739 -0.165716 1
0.180254 0.0408663 -0.0259145 1
-0.17613 -0.0760789 -0.0675 1
-0.396172 -0.365571 -0.185381 1
-1.10985 0.247956 -0.555183 1
-0.0785842 0.617102 0.0988486 1
0.405335 0.232548 0.265167 1
-0.0388566 0.0715972 0.00346054 1
-0.102311 -0.57155 0.3143 1
-0.425566 -0.756619 0.0604929 1
-0.462138 -0.141919 0.43349 1
-0.0367764 0.0794158 -0.111988 1
0.259463 -0.190432 0.139292 1
-0.134919 0.035163 0.0103258 1
-0.119606 0.334616 -0.0598916 1
