# 1 = ball
# 2 = lepton
# 3 = photon
# 4 = PID > 100
# 5 = neutrino
# 6 = other
1.52899 0.506162 -21.7448 3
0.0253383 -0.178394 3.73866 3
0.754056 -4.97801 -3.12578 3
0.146805 -0.268098 0.0730909 4
0.871891 0.0582903 6.86566 4
-0.185162 0.0650193 0.606913 4
-0.0159708 -0.113543 -0.194807 3
-0.156441 -0.111841 -0.536039 3
-0.102736 -0.138627 0.259564 4
0.148272 0.219785 1.29512 4
0.563005 0.314481 8.22485 4
-0.121212 -0.0124001 -0.079031 3
-0.184871 -0.00161868 0.0480412 3
-0.478139 0.0444443 -1.45684 4
-0.263996 0.0306319 -0.751444 3
-0.0433201 -0.0549009 -0.237128 3
-0.00400199 0.0332902 0.341632 3
-0.0848757 0.0856448 0.190706 3
0.674736 0.498435 3.88871 4
0.023267 -0.0231988 0.374382 3
-0.103315 0.0620694 0.61783 3
0.039595 0.142871 -0.245931 3
0.0249195 0.176945 -0.089519 3
-2.41015 0.300147 -4.42345 4
-0.26914 -0.0247927 -0.375758 3
0.0653846 -0.0685515 5.75352 3
0.0328101 0.0105134 0.331465 3
-0.394077 -0.121424 -0.210309 1
-0.506869 -0.661159 -0.975516 1
-0.0555045 -0.108124 -0.0349374 1
0.25074 -0.132409 0.215185 1
-0.113239 0.94379 0.429801 1
-0.31941 0.488495 -0.238584 1
0.282806 0.0732157 -0.0157889 1
0.247923 0.386738 0.273615 1
0.599557 -0.715486 -0.264279 1
0.653427 0.0777254 -0.0123715 1
-0.390017 1.03775 -0.339598 1
-0.0126495 -0.0351602 0.0442921 1
0.100288 -0.0444049 0.0750298 1
-0.0292914 -0.141959 -0.102043 1
-0.108424 0.0220526 0.0633019 1
-0.406036 0.198468 -0.11876 1
-0.211055 -0.0491067 0.1117 1
-0.333052 -0.235729 0.0056835 1
-0.0820241 0.0192732 -0.146887 1
-1.03895 0.134182 0.787963 1
0.128799 0.239278 0.443177 1
-0.353557 0.132312 0.0660038 1
0.286831 0.668442 0.123411 1
0.123074 0.431648 0.320895 1
0.00455424 0.466922 -0.195246 1
-0.081364 -0.0739476 -0.384843 1
-0.0655262 -0.188303 -0.228498 1
-0.0492168 0.114109 -0.00487684 1
0.873605 0.495788 -0.0587505 1
-0.0525897 0.0474446 0.413583 1
1.24515 -0.156179 -0.765739 1
-0.0643469 -0.00233518 0.16617 1
-0.342012 -0.477754 0.716739 1
-0.0279456 -0.149871 0.0766153 1
-0.282187 0.46613 0.423748 1
0.0468444 0.274839 -0.00953141 1
