# 1 = ball
# 2 = lepton
# 3 = photon
# 4 = PID > 100
# 5 = neutrino
# 6 = other
-1.4287 -0.143624 0.763823 3
0.00191889 0.0022553 0.0228713 3
0.790681 -5.42357 6.22195 5
0.863574 -6.03405 7.50216 4
1.44375 -7.77744 9.41406 4
0.543701 -6.11112 6.92364 4
0.0191952 0.180202 -0.0960598 5
-1.27734 5.2433 -6.76543 2
-2.35054 19.235 -24.4254 5
0.343924 0.288511 -0.0618079 1
0.132042 0.134749 -0.0493531 1
-0.383665 -0.276069 0.259043 1
-0.130289 0.043622 0.187945 1
0.393232 0.804654 0.128651 1
-0.538352 0.943377 -0.358248 1
0.244395 -0.151227 -0.191594 1
1.09453 -0.363233 -0.299997 1
0.074792 -0.510133 -0.257689 1
-0.273262 0.234415 -0.0398025 1
0.296599 0.168526 -0.0103977 1
0.207049 0.499742 0.169925 1
-0.561215 0.410468 0.691472 1
0.332467 -0.751214 0.00325343 1
0.0314383 -0.607787 0.510962 1
0.132483 -0.0379638 -0.243201 1
-0.00239568 -0.00142494 -0.000753556 1
