# 1 = ball
# 2 = lepton
# 3 = photon
# 4 = PID > 100
# 5 = neutrino
# 6 = other
0.00401113 0.969346 0.776983 4
2.53449 -2.58813 -1.15388 4
-1.1264 0.224493 0.21631 4
0.194495 0.430398 0.415374 4
-0.0881307 -0.32407 -0.19877 4
-0.072853 -0.0657853 -0.0516601 4
1.08822 -0.483733 -1.02586 4
0.640618 -0.588835 -0.217446 4
2.73976 -2.84054 -2.8582 4
0.981263 -1.38092 -0.748246 4
0.689323 -0.660047 -0.328423 4
3.46478 -4.09106 -4.01091 4
0.959809 -0.768412 -0.695767 4
0.829622 -0.78108 -0.380458 4
-3.80182 6.85788 5.53912 5
-7.73793 10.2011 6.44335 2
0.518784 -0.779062 0.161905 3
0.412515 -0.099388 -0.127509 3
0.00205596 -0.00350254 0.0190829 3
-0.052165 0.0976503 0.162243 3
-0.00970439 0.463304 0.414876 3
0.0770286 -0.133289 -0.185631 3
1.23257 -1.60265 -1.84167 3
0.421845 -0.681101 -0.834459 3
0.483528 -0.579521 -0.679245 3
0.348536 -0.429304 -0.392231 3
0.87215 -0.767626 -0.792659 3
-0.555728 0.434917 0.256079 3
-1.73555 1.49309 0.907621 2
-3.25804 3.02651 2.20289 5
0.242522 -0.293137 0.00335893 3
0.0809895 -0.176866 -0.106935 4
1.11474 -1.07645 -0.755207 4
-2.27227 3.06641 2.16374 4
0.917791 -1.76423 -0.0299996 4
-0.16136 -0.718646 -0.522573 4
0.847304 -1.76752 -0.719526 4
-0.250326 -0.268241 -0.33997 4
0.0588032 -0.170888 0.0275822 3
-0.0191689 -0.0222215 0.0688252 3
-1.21546 1.34625 1.10315 4
0.270169 -0.154178 -0.213621 3
0.290558 -0.0880734 -0.0817322 3
0.439694 -0.837608 -0.582473 3
-0.0453727 -0.134726 -0.40934 3
0.000223483 -0.0269492 0.00727109 1
0.0318299 -0.0517422 -0.000470282 1
0.0779376 -0.344929 -0.174075 1
-0.0354819 0.131045 -0.116824 1
0.0745 -0.268784 -0.144848 1
-0.0799021 -0.00557718 -0.00871603 1
-0.0351097 0.0597397 0.172199 1
-0.107344 -0.161927 -0.262842 1
-0.0825222 -0.21538 0.181412 1
0.134748 -0.263373 0.0237091 1
-0.126788 -0.0813793 0.0795132 1
0.180399 0.0339704 0.0147366 1
0.0109663 -0.00751253 0.0138414 1
-0.0354401 -0.0901338 -0.00983556 1
-0.0403575 -0.038678 0.00594449 1
0.0423978 0.0281676 -0.0402618 1
0.0668311 -0.0395716 -0.012981 1
-0.0351895 -0.107739 -0.0900742 1
-0.0162149 0.00633882 -0.044773 1
0.0211587 0.0846122 -0.0843195 1
-0.0206119 -0.0341707 -0.00157771 1
0.0461008 0.0624479 -0.112161 1
-0.427851 -0.159006 0.00712671 1
