# 1 = ball
# 2 = lepton
# 3 = photon
# 4 = PID > 100
# 5 = neutrino
# 6 = other
-2.1571 0.824869 -1.4906 4
3.71197 -0.916448 2.28966 4
-13.6594 5.08631 -8.84083 4
-3.98828 1.84269 -2.0993 4
0.0109738 -0.0346868 -0.160633 4
-1.44029 0.639701 -0.805889 4
2.83008 -1.04304 1.33592 4
1.57391 -0.485425 1.6018 4
1.28385 -0.586654 0.761577 4
3.30913 -0.593632 2.52169 4
2.20399 -0.996807 0.729076 4
1.22021 -0.348899 1.217 4
1.71177 -1.09736 0.865192 4
-0.161448 0.116574 -0.0949723 3
-0.582961 0.429487 -0.656661 3
0.095802 -0.0896112 0.124293 4
-0.377615 -0.176587 -0.198428 4
-0.201279 0.0133915 -0.0770486 3
-0.308154 0.0847939 -0.31012 3
-0.0152184 0.0148254 0.0529933 3
0.265773 0.0527069 0.55714 3
0.00668456 -0.264307 -0.00880698 3
0.097488 -0.257374 -0.113856 3
3.276 -0.687442 2.36519 3
0.352726 -0.117971 0.27882 3
1.32636 -0.708076 1.00268 3
5.09574 -1.63896 3.11154 3
1.02697 -0.521167 0.315723 3
0.248473 -0.116968 0.145728 3
-3.66309 1.35648 -2.17019 3
-7.23864 2.50182 -4.1554 3
0.307523 0.146529 0.23418 3
0.3592 0.0485394 0.154688 3
0.051412 0.0339754 0.0544668 3
-0.047433 0.00916008 -0.0366404 3
0.399147 -0.356469 0.252386 3
2.82336 -2.06013 1.66734 3
-0.0528421 -0.0282413 0.0330735 3
-0.00416745 -0.17641 -0.0520443 3
0.0878018 0.0167297 0.0196839 1
-0.0421873 0.0500137 0.16563 1
-0.0768565 0.00874021 -0.0082851 1
0.130931 0.220691 -0.277791 1
0.0244047 -0.0524777 0.0344227 1
-0.199523 -0.571889 0.137282 1
-0.100676 0.351658 0.0517762 1
0.10199 0.0251383 -0.19514 1
-0.0985225 0.0380354 -0.134603 1
0.283742 -0.107861 0.123061 1
-0.0370427 0.0583679 -0.0240758 1
0.142017 -0.0660816 -0.211841 1
-0.174681 0.033793 -0.190755 1
0.00740617 -0.030632 -0.0126541 1
0.00866738 -0.000388808 0.00547085 1
0.0449571 0.0554953 0.0284749 1
-0.0105483 -0.00760923 -0.0279216 1
0.0656564 -0.0188652 0.165387 1
-0.0976298 -0.0119327 -0.0356251 1
0.249463 0.109883 -0.0131835 1
