# 1 = ball
# 2 = lepton
# 3 = photon
# 4 = PID > 100
# 5 = neutrino
# 6 = other
-0.0950126 0.375423 -0.964191 3
0.0148784 -0.0699125 -1.2687 4
0.60805 -0.667081 -2.03437 4
-0.959684 -1.16886 -4.0036 4
-0.41095 -0.118324 -0.615718 4
-0.122739 -0.290781 -0.751074 4
0.274562 1.94179 7.58437 4
0.238616 0.31531 3.53695 4
0.935467 1.21087 6.97578 4
-0.490417 -0.869399 -4.90039 4
0.0523526 -0.116129 -0.98837 4
0.303985 1.27182 3.88152 4
-0.151242 -0.0875108 1.98987 4
0.663901 0.437609 5.96929 4
0.198117 -0.328133 -2.88182 4
0.185692 -0.572045 -4.14179 4
0.0937052 0.287968 -1.41573 3
0.0729968 0.0349619 -0.53944 3
-0.12568 -0.984858 -3.21845 3
-0.036381 -0.185179 -0.837341 3
0.200496 0.219786 0.539141 3
0.112096 0.33154 0.578128 3
0.0780653 0.215882 0.553671 4
-0.00024811 0.0914574 0.168748 4
0.66509 0.208527 1.63848 3
0.112913 0.0195003 0.435498 3
0.0945017 -0.73467 -4.37481 3
0.0460119 -0.118798 -0.518136 3
-0.066468 0.0565375 0.197564 3
0.0153668 0.0581357 0.581409 3
-0.0578739 0.0817769 0.0156754 1
0.587876 0.384821 0.395687 1
0.0183869 -0.244473 -0.0494654 1
-0.57454 0.541962 -0.174886 1
-0.191929 -0.335238 0.189988 1
-0.137307 0.0328888 0.0618468 1
-0.74177 0.168758 -0.00800584 1
-0.308947 -0.176797 0.0255037 1
-0.0255309 -0.342031 -0.789385 1
-1.46248 -0.32462 -0.783761 1
-0.293289 -0.205556 -0.200585 1
0.58674 -1.26351 -0.435254 1
-0.155903 0.151212 -1.29983 1
0.0730146 0.599492 -0.00455516 1
-0.345626 0.337223 0.357089 1
1.0769 -1.79594 0.148189 1
-0.783407 0.119052 -0.231209 1
0.134199 0.0162819 0.225564 1
-0.062557 0.00351987 0.0104665 1
0.525348 -0.0592522 0.18859 1
0.418172 -0.321786 -1.283 1
-0.244341 0.414358 1.01555 1
-0.0457738 1.07722 0.698171 1
-0.232856 0.159559 0.558098 1
-0.339706 -0.0456628 -0.00952922 1
0.0844287 0.146102 0.167023 1
-0.00926244 0.1152 0.0355323 1
