# 1 = ball
# 2 = lepton
# 3 = photon
# 4 = PID > 100
# 5 = neutrino
# 6 = other
-1.0414 -0.333073 -34.9231 3
0.0114216 -0.00825172 0.0157969 3
1.49594 -0.512337 4.62168 4
-0.714196 0.158975 1.99867 4
-0.267931 0.562186 0.891779 4
-0.0292357 0.985327 0.871077 4
-0.255613 0.270905 0.00580109 4
1.26581 -0.627208 1.90168 4
-0.385315 0.0554968 1.12731 4
-0.414461 -0.395138 0.494227 4
0.682898 0.0541002 1.11177 2
3.00022 -0.739751 1.91146 5
0.0756691 -0.0118049 0.0170332 3
0.312519 -0.118682 -0.20329 3
0.0708489 0.072641 0.143808 3
0.422867 0.0648629 0.708679 3
-0.136709 0.630632 3.4117 4
0.000519874 0.169611 0.870639 4
0.00314358 0.0820694 0.24827 4
0.0120246 0.409462 0.822179 4
-0.672482 0.118213 0.53091 3
-0.0168691 -0.0515806 0.456697 3
-0.12955 0.0398304 0.107655 4
-0.174895 0.17097 0.331996 4
-0.349522 -0.224596 0.235314 4
0.053328 -0.0624377 0.0373385 3
-0.0792223 -0.167007 0.111908 3
0.107695 0.00378138 0.00853505 3
-0.00699982 0.0799854 0.00332555 3
3.19545 -1.33728 3.00597 4
-0.0368161 0.137132 0.468089 3
-0.234506 0.439808 1.01337 3
-0.0504098 0.0441266 0.133978 3
-0.335053 0.42878 2.2168 3
0.106996 -0.151838 0.614086 3
0.0132078 -0.0313896 0.0132979 3
-1.8681 -0.461659 1.19818 4
-0.895411 -0.573963 0.334552 4
-0.636157 -0.813898 0.562615 3
-1.97421 -1.36926 0.84502 3
-0.0233619 -0.123991 0.0522412 1
0.409059 0.198052 0.0810791 1
0.0134481 0.155509 -0.0484758 1
-1.82633 0.41415 -0.288195 1
0.100129 0.23487 0.258882 1
0.0759349 0.694726 0.257551 1
-0.0978 0.0525477 0.454489 1
0.41793 0.503629 -0.0379081 1
0.354061 0.713674 0.862461 1
-0.104797 0.182919 -0.263971 1
1.17465 -1.31059 0.0555839 1
-0.190511 0.357985 -0.329473 1
0.0827053 0.330439 0.599515 1
-0.510827 0.613516 0.0723632 1
0.000215702 -0.0051776 -0.00296188 1
