# 1 = ball
# 2 = lepton
# 3 = photon
# 4 = PID > 100
# 5 = neutrino
# 6 = other
-0.416739 2.86024 1.48765 4
0.010608 0.144457 -0.0420801 4
0.202889 -1.97557 -1.02756 4
2.17337 -7.17265 -4.14157 4
0.392361 -1.97544 -1.30948 4
0.10468 -0.265426 -1.32803 4
-0.410578 -0.0110072 -0.897279 4
-0.260107 1.44675 1.02594 4
0.666168 -0.220639 -0.332719 4
0.327118 -0.176225 0.397167 4
0.652522 0.120616 -0.351391 4
-0.432241 -0.226985 0.347513 4
0.0494077 1.14234 0.186762 4
1.11746 -4.87926 -2.66608 4
1.02307 -4.97164 -3.15006 4
0.931696 -2.67711 -1.67609 3
0.371152 -1.02899 -0.745089 3
-3.95084 11.8785 7.84087 3
-0.212284 0.594191 0.427351 3
-0.153311 0.329762 0.284369 3
-0.457619 1.62814 1.1943 3
-0.226917 0.666724 0.50514 3
-1.73243 5.80546 3.95525 3
-0.13039 0.442364 0.264109 3
-1.53585 4.57902 3.23508 3
0.481986 -1.7561 -1.0514 3
0.973584 -3.68442 -1.98145 3
0.00357793 0.0108368 0.000664667 1
0.0458152 0.0146526 0.0680221 1
-0.125102 0.117736 0.163075 1
0.169453 -0.105642 -0.149245 1
-0.365542 0.152462 0.245199 1
0.251658 0.0137947 0.316088 1
0.0949198 -0.028452 -0.0463736 1
0.426817 -0.14689 -0.105457 1
0.0988203 -0.0109524 0.0730445 1
-0.009021 -0.0502539 0.0552655 1
-0.0523749 -0.0683675 0.0279571 1
0.00987712 -0.082952 -0.421221 1
-0.131028 -0.273248 -0.09338 1
0.0362123 0.104547 0.035934 1
-0.0348128 -0.124032 0.148438 1
0.109582 -0.0483644 -0.355566 1
0.049392 -0.121651 -0.00756618 1
0.198809 -0.0723144 0.261933 1
0.0366863 0.0193647 -0.0300035 1
-0.158363 -0.192709 -0.18603 1
-0.0570715 0.0431101 0.0849014 1
-0.00216625 -0.0135676 -0.0859901 1
0.118852 -0.193477 -0.0809307 1
0.036384 0.031812 -0.0111557 1
0.0070934 0.0103746 -0.348896 1
0.0429505 0.0237442 0.07848 1
-0.324698 -0.0406345 0.14259 1
0.151294 -0.069958 0.0277563 1
0.00904586 -0.00647364 0.0416817 1
-0.074466 0.0283394 0.129104 1
-0.0747805 -0.0481356 -0.0442669 1
-0.0684005 -0.108396 -0.0871943 1
-0.0844094 -0.233637 -0.025916 1
-0.0774019 -0.0640995 -0.056043 1
0.141681 0.411649 -0.0365688 1
0.0224356 0.0226067 0.0103247 1
0.026898 -0.00671338 0.0393609 1
-0.00738345 0.488816 -0.229235 1
