# 1 = ball
# 2 = lepton
# 3 = photon
# 4 = PID > 100
# 5 = neutrino
# 6 = other
0.00142644 0.111502 11.8143 3
-4.75166 1.44695 -3.44258 5
-15.4961 5.84113 -14.5192 4
7.43969 -2.01506 3.03422 5
1.64462 -0.439622 0.991007 2
20.3179 -7.54445 9.40794 5
-8.98227 3.24431 -7.73739 3
-0.104674 0.05292 -0.0892033 3
-0.20577 -0.144661 -0.00755947 1
0.059047 -0.0415825 0.0848993 1
0.552803 0.303277 0.968789 1
0.027615 -0.12266 -0.418544 1
-0.049342 0.0948447 0.02455 1
0.180802 -0.166394 0.0553934 1
-0.315145 0.445613 -0.0875204 1
-0.0388055 -0.177427 0.23422 1
-0.549692 -0.68732 0.275602 1
0.269606 -0.201368 -0.588845 1
