# 1 = ball
# 2 = lepton
# 3 = photon
# 4 = PID > 100
# 5 = neutrino
# 6 = other
-0.0181758 -0.0173038 2.14729 3
-0.000727784 6.32005e-05 -0.000352412 3
-2.56751 0.137487 0.147564 4
-1.31059 0.278281 0.801539 4
-0.130241 0.04851 -0.197134 4
-10.146 0.467489 1.32192 4
-0.201429 -0.194269 -0.0139149 4
3.04514 -0.70492 -0.769249 4
3.82577 -0.16041 -0.781826 4
2.96751 -0.237553 -1.04355 4
2.40763 -0.210431 -0.43608 4
20.2558 -1.89037 -4.62833 4
-25.8911 1.32615 2.31429 4
3.15559 0.260099 -0.835111 4
-0.158568 -0.128737 0.412289 4
-0.35983 0.130413 0.186669 4
0.0441661 0.288474 0.105625 3
-0.00698451 0.156458 -0.0374633 3
1.61719 -0.143742 -0.244678 3
1.55746 -0.164927 -0.105341 3
0.0417125 -0.0347654 0.0526681 3
0.17638 0.0597427 0.519707 3
0.0154254 0.0168246 0.0356644 3
-0.0871465 0.112955 -0.0779871 3
0.118761 0.0790865 0.00872128 3
0.102887 -0.0438411 -0.0486918 3
0.0170405 0.0211186 -0.0497173 3
-0.0891695 -0.0665648 -0.00240596 3
0.152252 0.0129012 -0.0548747 3
-0.0256849 0.0148067 -0.0329829 3
0.135931 0.0318448 0.299638 1
-0.238071 -0.0986863 0.19328 1
0.492868 -0.113715 -0.0835692 1
-0.107063 -0.12616 -0.0629329 1
0.177342 0.824943 0.45864 1
-0.209003 0.614748 0.573402 1
1.20713 -0.118108 -0.277649 1
0.291222 -0.32293 0.263571 1
-0.257871 -0.104963 -0.0586214 1
