# 1 = ball
# 2 = lepton
# 3 = photon
# 4 = PID > 100
# 5 = neutrino
# 6 = other
0.257548 -0.635767 0.32798 4
0.447634 0.232771 0.27605 4
-2.913 1.39666 1.33006 4
1.20625 -0.445813 0.105934 4
0.262751 -0.21754 -0.168258 3
0.296829 0.0269433 0.0522065 3
0.073475 0.0788586 -0.00694463 3
-0.304812 0.159115 0.171774 3
0.170573 -0.0697404 -0.0699073 3
1.56164 -1.05473 -0.922525 3
-4.82523 4.43201 2.24131 5
-10.1393 6.44484 6.23429 2
2.29654 -1.24113 -1.7569 2
2.69502 -2.16973 -1.14444 5
5.22386 -2.35774 -3.23583 4
-0.702745 0.431395 0.0432533 4
4.75761 -3.16078 -2.18314 4
2.66184 -2.38448 -1.67132 4
0.87016 -1.09242 -0.604356 4
0.0219414 0.00313597 0.0428422 2
-4.97371 1.72908 2.01951 5
2.43625 -1.2859 -1.07837 4
1.89673 -1.09357 -0.945869 3
0.253848 -0.0926124 -0.108042 3
-2.92436 2.19095 1.12337 4
0.162776 0.142339 -0.0598958 1
-0.591182 -1.03135 0.21994 1
-0.142419 -0.135573 0.259365 1
-0.590909 0.037768 -0.217716 1
-0.164159 0.0876011 -0.31986 1
0.169943 -0.0914235 0.00427177 1
-0.455754 0.491839 -0.801588 1
-0.157417 -0.0135835 0.0042464 1
-0.0162513 -0.248537 0.111208 1
0.242222 0.36265 0.559596 1
0.0527535 -0.452289 -0.397228 1
-0.206444 -0.0753052 -0.055888 1
0.740617 -0.416471 0.505603 1
-0.261464 0.325499 -0.0681219 1
0.767282 0.581166 0.27329 1
-0.0703204 0.00997558 0.137387 1
0.112653 0.0224304 0.188325 1
-0.0220949 -0.00570735 -0.263369 1
-0.492783 -0.0714629 0.806706 1
-0.141394 -0.156206 0.0635751 1
-0.0609542 -0.114585 0.150468 1
-0.419059 -0.933015 0.135383 1
-0.21425 -0.077347 -1.31319 1
0.171587 0.312929 0.122261 1
-0.23909 -0.244526 -0.224089 1
-0.0582968 0.35466 0.145817 1
0.114131 0.76219 0.418659 1
0.557348 0.142264 -0.0484568 1
0.159044 0.286348 -0.0590831 1
-0.162825 -0.339191 0.110732 1
-0.235737 0.00132785 0.234129 1
0.238368 -0.117317 0.751007 1
0.434968 0.956098 -1.13714 1
0.171758 -0.177018 -0.309032 1
