# 1 = ball
# 2 = lepton
# 3 = photon
# 4 = PID > 100
# 5 = neutrino
# 6 = other
0.000390896 0.000523057 -0.00018315 3
-0.272538 0.840999 1.08993 3
-0.75144 -0.0255249 -7.25643 5
-5.0347 0.573889 -22.3202 2
-1.01277 -0.0365182 -5.77266 5
0.676939 0.313527 5.00834 5
4.99157 -0.235319 20.534 4
1.73503 -0.0419019 5.82786 3
0.378365 0.0308484 1.45667 3
-0.0125591 -0.258919 -0.346022 1
-0.388082 0.0630226 -0.904938 1
-0.881388 -0.489761 0.405428 1
0.0388594 -0.0348726 -0.118234 1
-0.0552267 0.0266503 0.240077 1
-0.284913 -0.224152 -0.328489 1
0.477054 0.160423 0.366091 1
0.0708169 -0.146754 -0.0635239 1
-0.447166 -0.580819 0.987322 1
0.251064 0.596246 -0.174866 1
0.226176 -0.270589 -0.00387297 1
0.597229 -1.62159 -1.05855 1
0.149308 0.380973 0.6182 1
-0.129263 1.0562 -0.107919 1
0.449776 0.871515 -0.00286096 1
-0.304218 0.440281 -0.0208992 1
-0.406675 0.0851145 -0.10374 1
1.57052 -0.489335 -0.0582508 1
-0.40223 -0.228814 -0.00706343 1
-0.462551 -0.00954536 0.393193 1
0.340583 0.0787629 0.431089 1
-0.0109962 0.19351 0.0876018 1
-0.121249 -0.520965 0.135785 1
-0.0933564 -0.100829 0.110955 1
-0.385082 0.0852723 0.212618 1
0.185225 -0.688852 -0.0813286 1
0.15466 0.425763 0.239045 1
-0.102919 -0.326254 0.144022 1
-0.728297 0.117038 0.501439 1
-0.00594823 -0.00924814 -0.0596754 1
