# 1 = ball
# 2 = lepton
# 3 = photon
# 4 = PID > 100
# 5 = neutrino
# 6 = other
-0.0114977 0.0530502 1.26531 3
1.09262 0.816895 1.02285 4
0.615461 0.15072 2.93448 4
1.08601 -0.01805 1.04273 4
-0.305236 0.218045 0.195608 4
0.919537 -0.792509 1.08468 4
-0.726762 -0.324444 0.65228 4
0.118243 -0.966945 1.2339 4
-0.146231 -0.0113625 0.268993 4
-0.20407 -0.0320794 -0.464901 3
-0.278925 -0.386903 -0.504585 3
-0.298279 -0.293956 -0.61126 3
-0.00940098 0.00801373 0.0184719 3
-0.0371222 -0.00443084 -0.0331751 3
-0.871433 0.504198 -0.536191 3
-0.0322202 -0.0735126 0.000284823 3
0.0676995 -0.0277089 0.0848122 3
0.173124 -0.119793 0.134057 3
0.0350788 0.0115294 0.105963 3
0.0266193 -0.0749636 0.0695799 3
0.421278 -0.275894 0.597156 3
0.290365 0.00137309 0.416359 3
0.0294947 -0.0491529 0.121499 3
0.171876 -0.0109935 0.357324 3
-0.00884862 -0.00597705 -0.00715396 3
0.033462 -0.126719 0.458205 3
0.0696857 -0.030957 0.213199 2
0.0933794 -0.043655 0.2903 2
-0.30154 0.00494068 -0.629251 4
-0.864678 0.297788 -2.08483 4
1.63094 0.133524 3.51671 4
1.47688 0.076339 2.73017 4
0.892667 0.80883 1.24708 4
0.186738 -0.0223071 0.212968 3
0.0153155 -0.0206327 0.166843 3
0.247482 -0.0126901 0.476471 4
0.278639 0.240438 0.656564 4
-0.584181 -0.134221 -1.54831 4
-2.52672 0.242492 -4.05003 4
-4.04058 0.084035 -8.71991 4
2.96653 -0.0110213 5.86825 4
-0.88061 0.139944 -1.60309 4
-0.9945 -0.0798404 -2.12543 3
-0.274044 0.0426466 -0.663003 3
-0.260017 -0.158837 -0.564625 4
-0.381579 0.164508 -1.0895 3
-0.333771 0.0169166 -0.948347 3
1.96985 0.496444 2.36939 4
0.685742 -0.0133445 2.33114 3
0.606179 -0.138722 2.0589 3
-1.50986 -0.443253 -4.90259 3
-0.353424 -0.0976999 -0.947122 3
-0.885161 0.22876 -2.71143 3
-0.147785 0.0346121 -0.654169 3
-0.425587 0.637027 -0.619961 1
-0.0100755 0.0158186 -0.00778244 1
0.0534999 0.149943 0.107283 1
-0.0726402 -0.0819138 -0.000122755 1
-0.155839 -0.0596529 -0.131506 1
-0.0139404 -0.0870978 -0.0426101 1
-0.107167 -0.331703 -0.35856 1
-0.0279541 0.273392 -0.0447478 1
0.0606624 0.5615 -0.320528 1
0.369171 -0.0586246 0.0742661 1
0.392171 -0.189638 -0.0551428 1
-0.184626 0.147164 0.269836 1
0.603333 0.257795 -0.0551287 1
0.331558 -0.0105069 0.599202 1
-0.0408675 -0.394381 -0.120916 1
-0.215156 -0.566255 0.652748 1
-0.555518 -0.148221 0.40116 1
0.0281829 0.0255885 -0.0124964 1
0.43145 0.277833 0.155195 1
0.416981 -0.276303 0.605437 1
0.26178 -0.0442029 0.073245 1
-0.0718471 -0.0710277 0.0274973 1
