# 1 = ball
# 2 = lepton
# 3 = photon
# 4 = PID > 100
# 5 = neutrino
# 6 = other
-0.146295 0.133892 0.728845 3
1.87096 -0.225289 -1.35077 4
-0.0138758 -0.0656251 -0.784425 4
0.246073 -0.155079 -0.0345274 4
-2.41751 0.176328 1.73807 4
-1.71935 -0.119722 2.2218 4
0.180803 0.109808 -0.210938 3
1.19881 0.350545 -1.18867 3
-0.00607866 0.191446 0.423788 4
0.123115 -0.174066 0.236403 4
-0.308602 -0.165188 0.376695 3
-0.655015 -0.234506 1.00555 3
-4.46037 0.296389 5.18553 2
-5.29863 0.419381 6.36876 5
-6.29865 -0.77702 6.70359 4
-0.527501 -0.19419 0.447178 3
-0.146316 -0.13758 0.148385 3
6.36335 0.351614 -7.19117 2
2.11802 -0.447827 -2.15634 5
10.1764 -0.978366 -11.4884 4
0.698424 -0.0675287 -0.69632 3
0.058172 -0.00185226 -0.0685961 2
1.05282 -0.0556888 -1.27608 2
-0.045653 -0.0369432 0.0220194 3
-0.133701 0.122939 0.0740673 3
0.0339935 0.229776 -0.0746885 1
-0.381543 -0.186813 0.546851 1
-0.181029 -0.120489 0.13934 1
0.0246652 0.507799 0.686358 1
0.815495 0.658608 0.462879 1
0.672172 0.522883 0.00124684 1
-0.702928 0.638347 0.670301 1
0.892104 0.220029 -0.288829 1
0.554475 -0.0315684 -0.327628 1
-0.237226 -0.140301 0.395478 1
-0.0334442 0.0165068 -0.11393 1
-0.1242 1.30363 -0.00577264 1
-0.750781 -0.450511 -0.0749968 1
-0.336177 -1.28975 -1.01301 1
-1.13918 -0.164606 0.387571 1
-0.434187 0.103294 0.6882 1
-0.802055 -0.0198312 -0.389451 1
-0.0767967 0.172877 0.129452 1
0.0706237 0.018637 -0.0180471 1
-0.0209205 -0.282991 0.0344887 1
-0.00028631 0.016903 0.427966 1
0.492073 -0.139469 -0.254954 1
-0.0754884 -0.32862 0.0375481 1
-0.293333 0.289902 -0.434308 1
0.0972971 -0.30161 -0.030423 1
0.0666766 -0.129321 -0.120714 1
0.0677151 0.0415215 0.0688925 1
-0.502776 0.104298 -0.217206 1
0.248608 -0.326714 -0.518068 1
-0.00548802 0.60988 0.0824686 1
0.152566 0.141829 -0.111446 1
