# 1 = ball
# 2 = lepton
# 3 = photon
# 4 = PID > 100
# 5 = neutrino
# 6 = other
0.0102981 0.0358282 0.0410466 3
-0.46904 0.647501 -0.702306 4
-0.519633 -0.690726 0.284205 4
2.29065 1.51521 1.99204 4
4.82371 1.85639 2.75264 4
3.50142 1.97969 2.33867 4
-6.81111 -3.43999 -4.34306 4
-2.8466 -1.44901 -1.37379 4
-0.361508 -0.507466 -0.445653 4
0.334747 0.618541 0.624155 4
0.809158 0.11914 0.314166 4
0.243571 0.130409 -0.0553348 3
0.324311 0.0581748 0.039482 3
0.415508 0.2256 0.662094 4
0.475611 0.388632 0.58219 4
0.635445 0.351465 0.390919 3
0.785677 0.348821 0.324035 3
-0.34395 -0.12802 -0.198202 3
-0.773429 -0.237643 -0.226633 3
-3.06838 -1.19583 -2.00172 3
-1.2458 -0.578457 -0.823554 3
-0.107085 0.0151588 -0.0347512 3
-0.767249 -0.130861 0.0238403 3
-0.00140303 0.0026809 0.0166501 3
0.295057 0.17397 -0.164207 3
1.81534 0.917032 1.54146 3
0.11226 0.0933574 0.0924317 3
-2.26898 -1.05072 -1.57959 3
-0.604975 -0.312353 -0.5079 3
-3.91923 -1.87722 -2.70419 3
-0.387389 -0.228611 -0.30298 3
-0.50869 -0.159802 -0.317293 3
-1.53759 -0.726479 -0.939883 3
1.25653 0.39622 0.539004 3
0.20896 0.0790989 0.153011 3
1.31899 0.237665 0.542907 3
0.956351 0.223884 0.512255 3
0.0048634 0.0103078 0.0032004 3
2.34008 0.75696 1.04676 3
0.158955 0.141715 0.120707 3
0.984239 0.47217 0.625637 3
0.466755 0.207972 0.235305 3
1.21153 0.622772 0.863012 3
1.93666 0.649041 1.19859 3
0.159191 0.0957491 0.114427 3
-0.0155423 -0.0871792 -0.113144 1
-0.324873 0.0201155 0.267506 1
0.265569 -0.000903951 -0.126243 1
-0.0431353 -0.149906 -0.365695 1
-0.261119 0.154353 0.248443 1
-0.405504 0.0282725 0.488174 1
-0.138719 -0.383723 0.0917848 1
-0.706798 0.316352 0.495692 1
1.03649 0.25805 -0.14645 1
0.8028 -0.320249 0.443113 1
0.0440879 -0.583207 0.00577704 1
0.0625733 -0.0867453 0.104615 1
-0.132258 -0.20898 0.294323 1
0.213009 0.0762338 -0.139451 1
-0.235649 -0.400773 0.16202 1
0.328947 -0.216676 -0.151856 1
-0.105583 0.382817 0.0899109 1
-0.225414 -0.346413 0.373096 1
0.0725616 0.0908087 -0.0737699 1
0.0886093 -0.473423 -0.50572 1
-0.0208948 0.396341 -0.766964 1
-0.10192 0.596706 0.127256 1
0.0617116 0.404172 -0.224064 1
0.211738 0.400186 -0.230421 1
-0.0726355 -0.0653685 0.114889 1
-0.343356 -0.0555747 0.169734 1
0.252267 0.166782 0.0223391 1
-0.0638182 -0.409391 -0.00590875 1
-0.583538 -0.186462 0.0891141 1
-0.994265 -0.406157 -0.636063 1
-0.240208 0.0846232 0.150717 1
-0.535239 -0.0767197 0.264933 1
-0.516996 0.363889 -0.0275739 1
0.291325 -0.123019 -0.0690984 1
0.465395 0.118995 -0.301204 1
0.536561 0.0642135 -1.37361 1
