# 1 = ball
# 2 = lepton
# 3 = photon
# 4 = PID > 100
# 5 = neutrino
# 6 = other
0.926525 -2.94621 6.20382 4
-0.260628 -0.452261 -0.356886 4
-0.202064 1.0094 -0.954648 4
-1.19334 4.77899 -10.2629 4
-0.307051 1.47381 -1.70707 4
-0.443283 1.47429 -2.90967 4
2.15874 -7.16666 13.3813 4
0.897444 -1.98533 4.65551 4
-0.147461 0.0392945 -0.429172 4
-1.63038 2.34292 -3.5822 4
-0.18784 -0.494412 1.69627 4
0.0706781 -0.252636 0.413075 3
1.16445 -2.84739 4.31325 3
0.190127 0.282931 -0.0906318 3
-0.223388 0.370644 -0.629859 3
0.0253188 2.46207 -4.79616 4
0.0138812 0.663541 -0.935216 4
-0.241576 1.36243 -1.90706 3
-0.0875194 0.984738 -1.4946 3
-0.103065 0.469336 -0.706982 3
-0.0070618 0.150075 -0.115849 3
-0.182896 1.18607 -1.14751 3
0.307525 -1.24778 2.03087 3
0.342334 -1.44877 2.09294 3
-0.0298412 -0.189213 0.261927 3
0.131743 -0.785804 1.27075 3
0.433261 0.275636 -0.63386 3
0.00562462 -0.0139079 -0.0173588 3
-0.102729 0.351952 -0.768531 3
-0.160498 1.20001 -2.17999 3
-0.0767673 0.0793511 -0.528768 3
-0.116054 0.0203722 -0.200001 3
0.110615 -0.23594 -0.25375 1
0.0190122 0.0126787 -0.0855626 1
-0.186491 -0.218878 -0.0754869 1
-0.159801 0.0512467 0.0976909 1
-0.386389 0.133665 -0.183383 1
-0.00890008 -0.206378 -0.0542092 1
-0.0819041 -0.0164697 -0.0372511 1
-0.0760075 0.182719 0.0109656 1
0.0398262 -0.164272 0.218747 1
0.219303 -0.0240736 0.248939 1
0.0536817 -0.122122 -0.0095943 1
-0.0285917 0.0508592 0.257237 1
-0.238335 -0.267615 -0.173387 1
0.00769809 -0.179276 0.169761 1
0.115931 -0.22342 0.0191861 1
-0.29363 0.0729456 -0.133957 1
-0.0035963 -0.147268 0.0303175 1
-0.0681942 0.152256 -0.0109656 1
0.0015612 0.00185794 -5.706e-05 1
