# 1 = ball
# 2 = lepton
# 3 = photon
# 4 = PID > 100
# 5 = neutrino
# 6 = other
-0.000968064 0.000853732 -0.00728093 3
0.180814 -0.140165 0.494214 4
1.25457 -0.553323 0.589392 4
-0.159889 0.222516 0.0275631 4
1.48305 0.447221 4.29979 4
0.213198 0.0425307 -0.227177 4
0.116322 -0.477886 -0.0436945 4
0.207262 0.0313144 -0.084199 4
-0.0308954 -0.731731 0.345612 4
0.234273 0.110062 0.368033 4
-0.381361 -0.0704586 -0.171896 4
-1.87396 0.754896 -3.54714 4
3.32827 -1.61295 1.21255 4
0.145781 0.0181653 0.140091 3
1.30835 0.289097 1.87289 3
0.0517221 0.213408 0.0148948 3
1.55661 -1.32557 0.138017 4
0.897001 -0.883928 0.139517 4
-0.0559706 -0.307613 -0.402184 4
-0.099906 -0.0817329 0.0567311 4
0.167922 0.283701 -0.353988 3
-0.00233708 -0.00150873 -0.0636659 3
-0.915066 0.18121 -0.870463 4
-0.912977 0.142198 -1.43391 4
-5.29059 1.53121 -6.94812 4
-1.24079 0.255553 -1.39434 4
3.78081 0.55244 12.4448 3
1.71971 0.310101 5.93563 3
0.108187 0.00993635 0.062363 3
0.75965 -0.174743 0.782423 3
0.256358 -0.0743077 0.0620505 3
0.308421 0.0205658 -0.0263721 3
0.00808064 -0.04741 -0.0174291 3
-0.269693 -0.270783 0.0119785 3
-2.96407 0.272142 -3.05775 3
-1.32726 0.126639 -1.24339 3
-0.094798 0.0379702 -0.0810485 3
-1.91329 0.364882 -2.17338 3
0.682114 -0.430683 -0.140516 3
0.23275 -0.104978 0.0226717 3
0.35744 -0.240086 0.228651 4
0.668915 -0.12933 0.0316527 4
2.49716 -0.59344 0.843116 3
1.47623 -0.264407 0.555943 3
0.0850229 0.0668054 -0.223859 3
-0.0137818 0.0363807 0.00298567 3
-0.540448 0.181561 -0.912617 3
-0.746827 0.374413 -1.13463 3
-2.03742 0.431822 -2.82333 3
-2.06043 0.576066 -2.88274 3
-0.0607747 -0.00659434 0.0191518 1
-0.191377 0.181672 0.163563 1
-0.450933 0.143726 -0.22243 1
-0.130604 -0.234319 0.139331 1
-0.172364 -0.0877271 0.649103 1
-0.124741 -0.105469 0.0389028 1
-0.438703 -0.0518673 -0.281443 1
0.220412 -0.00244087 -0.75927 1
-0.141379 0.296438 0.235201 1
0.0136358 0.107207 -0.203257 1
0.063769 0.0622184 -0.0748402 1
-0.0344313 0.27163 -0.170701 1
0.294223 0.0568978 0.0481847 1
