# 1 = ball
# 2 = lepton
# 3 = photon
# 4 = PID > 100
# 5 = neutrino
# 6 = other
-3.99675 0.0901079 3.30513 4
-2.50687 -0.148817 1.19392 4
-1.03831 -0.200782 1.13373 4
-2.04649 -0.180382 1.60582 4
-2.70913 -2.41094 1.78875 4
-1.55651 -0.802428 0.842539 4
0.0529876 -0.349261 0.0620902 4
-1.18345 0.744655 1.02909 4
0.271417 -0.235729 -0.129917 4
0.215801 -0.0129421 0.0550707 4
2.81134 0.90192 -2.17605 4
-4.58275 0.525437 3.21936 4
-0.235532 -0.734923 0.691522 4
-0.543209 -0.773842 0.740521 4
0.0554506 0.356785 0.825539 4
0.153042 0.0614584 -0.097973 4
5.61621 0.756949 -4.35025 4
9.33588 2.52645 -6.24746 4
4.04613 0.453261 -2.91792 4
-1.48723 -0.413641 0.816807 3
-0.335431 -0.0781484 0.114696 3
-0.0938713 -0.0196545 0.32515 4
-0.660568 -0.358823 0.546706 4
-2.3136 -1.63698 1.18124 4
-1.80804 -1.3922 1.1613 4
0.915474 0.0624111 -0.980342 3
0.198232 -0.0430905 -0.223498 3
0.578216 0.10359 -0.611604 3
-3.96789 0.0980935 2.62429 3
-0.429435 -0.0327631 0.296301 3
0.99561 0.245804 -0.687225 3
3.94497 0.811555 -2.96309 3
-0.22683 -0.115882 0.158302 3
-0.525665 -0.109323 0.18516 3
0.273567 0.303949 -0.220732 3
0.245758 0.370331 -0.392416 3
1.09956 0.156302 -0.778943 3
0.095397 -0.00845709 -0.0302468 3
0.762144 0.183024 -0.423203 3
0.253365 0.144604 -0.161687 3
0.0516259 0.0103853 0.00174061 3
0.461823 0.183474 -0.415631 3
-0.335313 0.101548 0.334015 1
0.0955908 0.223557 0.0731938 1
0.121635 0.325646 -0.1365 1
-0.0748294 0.419271 0.0298144 1
-0.0140972 -0.174568 0.118402 1
0.103245 -0.20181 -0.00395264 1
0.381274 -0.284964 -0.291652 1
0.00700442 0.0915424 0.100945 1
-0.203299 0.513764 0.0268113 1
-0.137279 -0.187394 -0.385361 1
0.236298 0.220359 -0.0557938 1
-0.0393921 -0.105306 -0.0757045 1
-0.0296388 0.0442601 0.191893 1
-0.29764 -0.017437 -0.0226895 1
