# 1 = ball
# 2 = lepton
# 3 = photon
# 4 = PID > 100
# 5 = neutrino
# 6 = other
-3.51248 4.13197 8.98576 3
-0.0994172 -0.171315 -33.112 3
-0.00309971 -0.00231747 -0.806619 3
-1.37452 -5.46073 0.582701 4
0.0722777 -2.25248 0.690439 4
-0.752589 -3.19256 0.39061 4
0.386097 -0.256798 -0.241431 4
0.21164 -0.0734667 0.195345 4
-0.0718294 0.253938 1.24255 4
0.0319016 0.00393237 0.100128 3
-0.106989 -0.0886855 0.218959 3
0.414529 1.09757 3.45978 3
0.393643 0.841224 3.05556 3
0.150282 0.212876 0.655101 3
0.589852 0.758289 3.19736 3
0.27353 0.0992861 0.231681 3
2.28883 1.05204 2.45698 3
0.465524 1.26762 3.79833 3
0.381318 1.39563 3.87736 3
-0.169847 0.120812 0.168547 1
-0.0273705 -0.0370516 0.0141435 1
0.182723 -0.0727815 0.256806 1
0.348696 0.116655 0.258117 1
0.0471275 -0.0319956 -0.0737312 1
-0.169785 0.0533099 -0.2186 1
-0.0932081 0.115949 -0.0255392 1
-0.139415 0.135208 0.0322319 1
-0.0590364 -0.0982202 -0.159464 1
0.00880193 -0.0715265 -0.0379562 1
-0.213275 -0.113235 0.067587 1
0.0510426 0.0711431 0.0325084 1
-0.204482 -0.128459 -0.185914 1
-0.045147 -0.0475264 -0.0342051 1
0.095078 -0.0190483 -0.0736484 1
0.0202537 -0.0192229 0.0387671 1
-0.0932593 -0.0863748 0.0601151 1
-0.0553708 0.0955852 0.0239737 1
0.153248 0.0222766 0.0169292 1
0.292556 0.147409 -0.0161781 1
0.0464924 0.0232186 0.0325665 1
0.0728332 -0.183195 -0.068575 1
-0.0663902 -0.0246526 0.151738 1
-0.0619717 -0.0295119 -0.00841276 1
-0.0947263 -0.15453 0.262506 1
-0.0113163 0.102392 0.184545 1
0.00649283 0.1145 -0.0484416 1
0.0486186 0.0232956 0.0203841 1
-0.0756454 0.0840258 0.136927 1
0.0328367 -0.0302081 0.00316607 1
-0.0848924 0.14483 -0.061871 1
-0.120593 0.128006 -0.228585 1
0.261433 -0.0318511 -0.0517849 1
-0.118494 -0.0892734 -0.0277252 1
0.0325818 0.0368807 0.079313 1
0.483502 0.180681 0.480549 1
-0.100452 -0.08965 -0.0619048 1
0.0345565 0.0231678 -0.0493712 1
-0.0148711 0.0769364 0.252484 1
0.016179 -0.242306 -0.155511 1
0.0460068 0.168311 0.0348812 1
