# 1 = ball
# 2 = lepton
# 3 = photon
# 4 = PID > 100
# 5 = neutrino
# 6 = other
1.86703 3.15626 31.4886 3
0.0290201 -0.0536425 0.141188 3
-0.246989 0.374266 -0.73458 4
0.377498 -0.44884 -0.474508 3
1.1574 -1.6651 -2.24211 3
1.43614 -2.32976 -2.96092 3
0.298289 -0.327544 -0.580912 4
0.269304 -0.0538066 -0.637726 4
-0.0261828 -0.0305645 -0.0981782 4
-0.476108 -0.511098 -0.389348 4
-0.320243 0.0687373 -0.15295 4
-0.165154 0.343788 0.0515752 4
-1.295 1.19552 -1.05469 3
1.61596 -2.1599 -3.4368 2
1.78422 -1.83605 -3.0039 5
0.0385066 0.0516353 -0.0386776 3
0.135912 0.158342 -0.537122 3
-0.206258 0.0413333 -0.0746396 3
-0.0461398 0.0745393 -0.0943803 3
0.0573727 0.199687 -0.23319 3
-0.00124915 0.0158784 0.0190739 3
-5.30234 4.42037 -3.49441 4
0.618917 -1.24336 -1.83653 4
-0.407324 0.318237 -0.41946 3
-3.79134 5.15867 -4.18536 3
2.82059 -4.38668 -4.99379 4
0.229726 0.773694 1.17998 1
-0.0425151 0.714297 0.345542 1
0.16874 0.399147 -0.0335233 1
-0.610299 1.3076 0.081444 1
-0.403919 -0.158915 0.168187 1
0.407669 -0.510759 0.234117 1
-0.393115 -1.39088 -0.724636 1
-0.00064094 -0.087157 0.0189003 1
0.0942394 -0.161614 -0.00451118 1
0.231898 -1.04875 -0.530608 1
-0.107742 0.384997 -0.355007 1
0.204122 -0.752586 -0.406149 1
