# 1 = ball
# 2 = lepton
# 3 = photon
# 4 = PID > 100
# 5 = neutrino
# 6 = other
-0.176829 -1.28588 -1.11615 4
0.321472 3.6549 -1.17855 4
0.147906 1.03806 0.410212 4
0.69709 2.49607 -1.6148 4
-0.160128 0.189294 1.0747 4
0.0512966 0.320792 -0.146445 4
-0.571353 -0.879217 0.792941 4
-0.885012 -2.69584 2.18905 4
0.660514 -1.12448 0.394405 4
-0.307376 -1.2007 -1.18204 4
0.0845952 -1.50068 -0.548605 4
-0.139506 -0.609077 0.13771 4
0.720372 5.83861 -1.4417 4
1.47552 8.07111 -1.94475 4
0.128808 1.01105 -0.467763 4
0.524386 1.20715 -0.0136165 4
-0.141969 -0.203691 0.314278 4
0.240119 -0.115624 0.384994 4
-0.615415 -1.54881 -0.388489 3
-0.00758481 -0.0177686 0.0101569 3
-0.332672 -0.492605 0.0479598 4
0.0165735 -0.663427 -0.0253024 4
-0.0420244 -0.971438 0.0597865 3
-0.160034 -0.322815 0.222778 3
-0.45253 -0.774879 0.810558 3
-0.729193 -1.36112 1.06605 4
-0.524384 -1.19805 1.39236 4
0.223881 -0.625923 0.695226 3
0.155074 -0.598164 0.486885 3
-0.938544 -2.12979 1.38118 4
-0.587237 -2.08262 1.65817 4
-0.116822 -0.306266 0.0048749 3
-0.211035 -0.615654 -0.180804 3
0.220783 0.973453 -0.230976 3
0.50875 3.29373 -0.686989 3
0.466776 0.586346 -0.0859316 3
0.663655 0.623005 -0.0347028 3
0.0612007 0.0160855 -0.0555303 3
0.171535 0.296465 -0.103495 3
0.138385 -0.184861 -0.108894 3
-0.0326885 -0.0355461 -0.0210558 3
0.332332 -1.50595 -0.32404 4
0.557555 -2.08131 0.290134 4
-0.123552 -0.551584 0.294886 3
-0.235817 -0.571031 0.431767 3
-0.473389 -0.779825 0.696496 3
-0.188184 -0.437272 0.277243 3
-0.245238 0.380706 -0.365516 1
0.132785 -0.0799265 -0.43973 1
-0.323409 0.255223 -0.0869177 1
0.442137 0.0589795 0.0570524 1
-0.431219 -0.0233917 0.0596827 1
0.090513 0.290732 1.11058 1
-0.125474 -0.258007 0.0860236 1
0.131202 0.140135 0.116947 1
0.144086 -0.356373 -0.148488 1
1.20653 -0.138212 -0.471119 1
0.094455 0.222783 -0.974309 1
-0.37238 -0.384898 0.0704801 1
-0.516383 0.503306 -0.0481417 1
-0.363737 0.619893 0.299757 1
0.238312 0.175873 -0.425521 1
0.228032 -0.156364 -0.293678 1
0.295762 -1.36243 -1.63682 1
0.11953 -0.310605 0.159114 1
-0.123025 0.00435913 0.368974 1
-0.550799 0.107359 -0.377578 1
0.0851341 -0.0997229 0.166864 1
-0.0619324 -0.00515404 0.0262708 1
-0.193926 0.18488 0.179578 1
-0.455064 0.14882 -0.19746 1
-0.133099 -0.231204 0.154779 1
-0.177489 -0.0812375 0.681682 1
-0.126387 -0.103422 0.0490174 1
-0.442849 -0.0467772 -0.256583 1
0.214244 0.00503195 -0.723219 1
-0.144572 0.300462 0.25532 1
0.0115737 0.109723 -0.19104 1
0.0623881 0.0639138 -0.0665593 1
-0.0371113 0.274927 -0.154568 1
0.498222 0.102453 0.106746 1
0.293796 -0.292723 -0.594062 1
0.120089 -0.163327 -0.121731 1
