# 1 = ball
# 2 = lepton
# 3 = photon
# 4 = PID > 100
# 5 = neutrino
# 6 = other
-0.099427 0.32371 -0.615246 4
0.247687 0.0568448 -0.408213 4
-2.04349 0.4147 -1.32352 4
-4.18318 1.33023 -3.41397 4
13.6063 -4.42428 10.3197 4
3.3651 -0.00374619 2.61707 4
1.23537 -0.551356 0.22213 4
0.044627 0.00923804 0.185703 4
-1.16111 0.112506 -1.02673 4
-6.87197 2.07012 -4.88983 4
-10.0932 2.57986 -7.84054 4
3.15303 -0.170818 2.88918 4
-2.81078 0.252079 -2.14173 4
0.132585 -0.0341441 0.443515 3
0.232993 -0.173656 0.518415 3
0.0167296 -0.268466 -0.215855 4
-0.0945206 -0.364981 -0.0284633 4
1.04229 -0.297589 0.899029 3
6.60062 -2.21501 5.61118 3
-0.0781774 0.0820993 -0.0933471 3
-0.0305666 0.306183 -0.394058 3
-0.846294 0.248599 -0.903359 3
-1.1868 0.19999 -1.33003 3
-0.140389 0.0782176 -0.0589618 3
0.0232473 0.0423113 -0.0531217 3
0.0743687 -0.0525794 0.519976 1
-0.03816 0.305584 0.126764 1
-0.0129288 0.0106115 0.0209238 1
0.0631524 0.247783 0.0116639 1
-0.0231139 -0.000485855 0.0308877 1
-0.0115829 0.173194 -0.0820899 1
-0.0813092 -0.0554232 0.126341 1
0.00949849 -0.0939507 0.0505154 1
-0.0320659 -0.338024 0.182883 1
-0.0104063 -0.015675 0.00256031 1
-0.00898153 0.0103968 0.175753 1
0.0177628 -0.0578645 0.0776228 1
0.161208 -0.140517 0.245258 1
0.00576136 0.242225 -0.190918 1
0.210348 -0.0384139 0.0206709 1
-0.0152795 0.0375901 0.0442948 1
0.134794 -0.0807065 -0.15615 1
-0.0699285 0.0681311 -0.0227545 1
-0.00326756 0.00800618 -0.323637 1
-0.20777 0.0470299 0.155876 1
-0.0727044 0.0123024 -0.0195396 1
-0.0833342 0.0114611 0.0881986 1
-0.0733188 0.109338 0.0332462 1
-0.014775 -0.0530055 0.0537621 1
-0.0889955 -0.0458655 -0.149887 1
0.00904724 0.00338817 -0.032204 1
0.00913439 0.0409371 -0.143869 1
-0.135278 0.00351236 0.0924305 1
-0.113836 0.00102512 0.189864 1
-0.0860199 0.0761805 -0.0140678 1
-0.03943 -0.0122448 -0.0261211 1
-0.28985 0.0866046 0.00796022 1
0.371987 -0.261073 0.189405 1
-0.205483 0.237185 -0.0120619 1
-0.0450384 0.0444794 0.199677 1
0.351514 -5.04096e-05 0.248076 1
0.283464 -0.133049 -0.688509 1
0.000104354 -0.000682991 -0.00177218 1
