# 1 = ball
# 2 = lepton
# 3 = photon
# 4 = PID > 100
# 5 = neutrino
# 6 = other
-0.793913 0.252885 -3.41016 4
-0.127698 -0.0688205 -0.50892 4
0.232008 -1.05499 0.970384 4
0.0790008 0.617458 0.333244 4
-0.108531 0.595902 5.09825 4
1.64651 3.30689 24.821 4
-0.0141618 -0.24404 -2.26447 4
0.0168823 -0.0769134 -4.03024 3
0.316422 -0.890724 -3.75033 4
-0.0429064 -0.0506094 -2.96711 4
-0.240365 -0.189941 -0.230698 4
-0.266262 -0.0941737 1.40059 4
-0.256164 -0.211879 0.214117 4
0.130634 -0.432614 0.576578 4
0.1096 -0.0959347 -6.18198 4
-0.490722 -0.833539 -5.59279 4
-0.0508797 0.00576796 -0.778482 4
0.0814507 -0.057022 -0.516925 4
-0.117311 0.00667073 0.111193 4
-0.194337 0.206389 -0.0837389 4
0.128083 0.308551 2.41085 3
0.277023 0.576485 6.15591 3
-0.542777 -0.566731 -4.04347 3
-0.101565 -0.183078 -0.868539 3
-0.0831589 -0.133535 -0.435823 3
0.0320042 -0.025329 -0.0337473 3
0.337817 0.228121 -0.372481 3
0.0899095 0.00529768 -0.149533 3
-0.208957 0.0018907 -0.728582 3
0.00424597 -0.0354716 -0.0790791 3
-0.187207 -0.157675 -1.47463 3
-0.0712321 -0.126543 -0.466872 3
-0.0635917 -0.0220648 -0.567117 3
-0.0335757 -0.00438104 -0.0191991 3
-0.0239909 -0.00659763 -0.344888 3
0.0516678 -0.158373 -0.55801 3
-0.0960388 -0.259521 -0.0931656 3
-0.00359538 -0.0354812 0.0376943 3
-0.0790692 0.0670811 -0.107947 1
0.445233 0.0575363 0.0930827 1
0.0832699 0.0178016 -0.0263421 1
-0.18718 -0.0299572 -0.137416 1
-0.0925156 -0.62318 0.303097 1
-0.0108864 -0.113433 -0.645649 1
-0.0156112 0.190559 -0.103551 1
0.378737 -0.0361563 -0.105095 1
0.0188833 -0.42529 -0.0365362 1
-0.018373 0.40498 0.11685 1
0.000997142 0.0454101 -0.0461362 1
0.117858 0.36717 -0.631611 1
-0.05566 -0.0188432 -0.251621 1
