# 1 = ball
# 2 = lepton
# 3 = photon
# 4 = PID > 100
# 5 = neutrino
# 6 = other
-0.00106997 -2.41241e-06 -0.00153352 3
1.94338 -2.24545 0.0234103 3
-0.455332 -1.63378 -0.344248 4
0.85486 -9.44077 -0.0297125 4
-0.0967102 -3.39404 0.111139 4
-0.221194 -0.330294 -0.186518 4
-0.324386 1.34778 0.348372 4
0.339833 6.65976 1.12667 4
0.527532 7.8162 1.3688 4
-0.25948 -0.00708691 0.0189448 4
-1.45629 -2.9838 -1.74697 4
-0.0429231 -0.478374 -0.143164 4
0.86005 -4.92607 -0.0386834 4
0.39656 0.231826 -0.820104 4
-0.0366048 -0.24977 -0.237416 4
-0.557531 -0.707588 -0.530117 4
-0.330818 0.818246 -0.47307 4
0.481862 2.06072 0.206719 4
0.129132 2.02473 0.748572 4
-0.253348 1.21312 -0.327444 4
0.460511 -1.68821 0.175622 3
0.00736641 -0.0359292 0.0243634 3
0.787068 0.453559 0.0361761 3
0.0352413 0.109775 0.232597 3
-0.174931 4.52487 0.501431 4
0.557941 3.48899 1.24233 4
0.527373 4.98485 1.31368 4
-0.0431313 0.181039 0.127849 3
0.0675389 0.254975 0.0745616 3
-0.00789881 1.0001 0.495453 3
-0.0344972 0.0629371 0.0457117 3
0.0210931 -0.204134 0.0243417 4
-3.27123 -5.53868 -2.59847 4
-1.19102 -1.95292 -0.635634 4
-0.0680325 0.054746 0.0470267 1
-0.0760389 0.0481639 0.0222849 1
0.0695712 0.0456239 0.00563543 1
-0.309013 0.110065 -0.0436044 1
-0.0774128 -0.286223 5.16702e-05 1
-0.0383746 0.0521297 0.00405003 1
0.13786 0.191008 -0.0252712 1
0.0298989 -0.183751 -0.0780233 1
0.159009 -0.0328863 0.0322752 1
-0.028201 -0.0228133 -0.0886241 1
-0.293232 -0.22798 -0.0953391 1
-0.0226046 -0.011697 0.0276093 1
0.172233 0.0739068 -0.0994653 1
0.0666814 0.014876 -0.0426628 1
0.103311 0.239164 -0.101799 1
-0.0924684 0.0652608 -0.0704194 1
0.136275 -0.291801 0.193153 1
-0.00846815 -0.125643 -0.00585207 1
0.226704 0.0613517 0.131288 1
0.0317351 -0.0794227 0.237576 1
0.00818173 0.00315899 -0.00100779 1
0.109326 -0.373517 0.0100579 1
0.134749 -0.160573 -0.0596383 1
-0.112462 -0.0495501 -0.0758058 1
-0.104532 -0.198863 0.0959166 1
-0.0662102 -0.00358687 0.119845 1
0.0342153 -0.100163 -0.00927763 1
-0.00924042 -0.0229589 0.00140215 1
0.0735361 -0.00563446 -0.124265 1
0.0434699 0.129385 0.131002 1
0.165585 0.0573554 0.0649834 1
-0.151714 0.0181518 -0.0739782 1
0.228901 -0.0449955 -0.101125 1
0.18368 0.146987 -0.00319196 1
-0.0161156 0.015394 0.00238839 1
0.326674 -0.0916927 0.226245 1
0.0755191 0.00386789 -0.0634543 1
-0.0243233 -0.0172936 -0.0925917 1
-0.17949 -0.4642 -0.177856 1
0.0399851 -0.00879233 -0.125248 1
-0.116808 0.0544195 0.0718169 1
-0.00130813 0.00243489 0.000229745 1
