# 1 = ball
# 2 = lepton
# 3 = photon
# 4 = PID > 100
# 5 = neutrino
# 6 = other
-0.000157 0.00119344 0.00311482 3
1.10663 0.431996 1.59998 3
-0.725208 0.850321 -1.78903 4
-0.89217 3.2492 -3.7677 4
-0.630183 0.498789 -0.73625 4
-0.49637 1.58809 -2.20528 4
-0.250924 0.679695 0.0500287 4
0.279025 0.376149 2.40074 4
0.665647 -0.237121 0.729027 4
-0.480261 0.590765 -0.894753 4
1.06387 -0.96357 1.46412 4
0.0137905 -0.683056 1.04413 4
1.20499 -0.0535777 0.678773 3
0.00120117 0.00506805 0.0125466 3
0.182943 0.137726 0.279691 4
0.294566 -0.428105 1.08627 4
0.0979671 -0.342079 0.481243 4
0.987919 -1.91436 1.53446 4
3.23729 -10.1758 7.3471 4
0.0530773 -0.206021 0.288126 4
1.89665 -6.34569 4.74979 4
-0.89034 2.11145 -2.23994 3
-1.26618 2.85593 -2.85163 3
-3.03241 5.34593 -7.00135 4
-1.32235 2.78721 -3.03264 4
0.0319696 0.0284561 0.237138 3
0.0289994 -0.10913 0.24368 3
0.0417333 -0.342303 0.12341 3
0.069094 -0.0906501 0.098541 3
0.631654 -2.79623 2.41674 3
0.00967454 -0.141929 0.0941698 3
-0.851424 1.24784 -1.43672 4
-0.69883 1.38609 -2.36449 4
-0.0111276 0.0749891 -0.0640969 1
-0.0189517 -0.00419623 -0.0207636 1
-0.208124 -0.0230865 0.00565862 1
-0.0551735 0.262164 0.309253 1
0.0257496 -0.00029745 0.0700437 1
-0.224845 -0.00459676 0.156269 1
-0.246041 -0.0870253 0.424137 1
-0.200546 -0.129718 -0.161758 1
-0.193656 -0.0209863 0.101816 1
-0.207577 0.30195 0.0192324 1
-0.175192 -0.242148 0.274164 1
0.282892 0.222114 0.0321544 1
0.106138 0.0505144 0.144494 1
-0.0318955 -0.0768775 -0.0732656 1
0.0261086 -0.0669823 -0.0513306 1
0.0469084 -0.13152 0.00334444 1
0.0674573 0.0610824 0.057796 1
0.00710579 -0.137256 -0.0960549 1
0.157281 -0.00268 0.0606059 1
-0.0586365 0.207553 -0.215101 1
0.00703271 0.00507557 0.00614637 1
0.078773 -0.260824 0.00598236 1
0.0735427 -0.0602852 -0.0790299 1
0.12985 -0.112038 0.190766 1
0.089858 0.258153 -0.0154564 1
-0.0517055 -0.010554 -0.0956422 1
0.00439897 0.0185622 -0.0330653 1
0.664531 -0.263472 0.260177 1
0.176023 0.124174 0.122485 1
-0.231846 0.364912 0.0679725 1
-0.13781 0.123144 -0.228587 1
-0.357391 0.226338 0.16995 1
0.0586112 0.0374931 0.0147564 1
-0.00261071 -0.0177641 0.0406996 1
-0.0207179 0.153154 -0.0377914 1
0.0697183 -0.181349 -0.00898159 1
