# 1 = ball
# 2 = lepton
# 3 = photon
# 4 = PID > 100
# 5 = neutrino
# 6 = other
1.01207 0.583238 0.68919 4
1.28341 0.008595 0.806126 4
0.409846 0.40202 0.696246 4
3.37097 5.91662 -9.18533 4
0.899773 0.560056 -0.764883 4
1.11737 0.703254 -0.329569 4
0.228342 0.880337 -0.571335 4
0.737278 2.02998 -2.83252 4
0.335345 -0.0657063 0.246839 3
-0.00160362 -0.364894 0.802311 3
2.28232 0.655899 -1.4356 4
0.0601992 0.0674969 -3.59217e-06 3
0.450285 -0.175992 -0.218815 3
0.153308 0.198331 -0.487384 3
0.272148 0.645342 -1.3405 3
0.0132103 0.0712839 -0.0695741 3
-6.8875 -10.3235 10.6088 4
-2.34423 -3.544 3.90424 3
-0.205306 -0.272321 0.358174 3
-6.23088 -7.905 9.77357 3
-1.03843 -1.27015 1.65774 3
0.671528 2.10835 -1.67009 4
0.217007 0.349626 -0.496525 3
0.0496125 0.293547 -0.357592 3
2.31544 4.53435 -6.45527 4
0.794615 2.25676 -2.95495 3
0.318579 0.829826 -0.977347 3
-0.108654 -0.0773243 -0.168755 1
-0.265947 -0.0170293 0.270686 1
-0.0704378 -0.176944 0.108882 1
-0.0101225 -0.000857112 0.0290584 1
0.280342 -0.199279 0.0507191 1
-0.504103 0.377572 0.248223 1
0.00553393 0.0190799 -0.0314617 1
-0.0358577 0.0675748 0.0296958 1
0.0715601 0.212908 0.0270208 1
0.0262434 -0.0607892 -0.134454 1
0.00175528 0.0241897 0.0205951 1
-0.0399057 -0.0888803 -0.0935508 1
-0.0805022 0.113017 -0.0141609 1
-0.0903377 -0.0514387 -0.35569 1
0.0536186 0.0774441 -6.30039e-06 1
0.195389 0.28776 0.524801 1
0.286706 0.319693 0.0924485 1
