# 1 = ball
# 2 = lepton
# 3 = photon
# 4 = PID > 100
# 5 = neutrino
# 6 = other
0.116466 -0.115146 -0.147263 4
0.438561 -0.61171 -0.363518 4
0.359995 -1.30434 -0.339476 4
-0.20934 0.698058 0.194728 4
0.27204 1.34477 0.0744663 4
0.707357 2.31546 0.0660198 4
2.5146 6.45918 1.28739 4
0.668585 4.77446 0.146029 4
1.316 1.09363 0.288045 4
0.211338 0.676875 0.645743 4
-1.03056 0.12706 -0.230719 4
-0.054616 -0.209888 -0.338227 4
-0.510426 -0.909531 -0.204796 4
0.161044 -0.035454 0.162084 4
-0.143087 -3.20352 -0.748397 4
-0.0666681 -1.38107 -0.0304747 4
-0.718898 -3.44086 -0.351876 4
0.277928 2.01946 0.353503 4
1.31324 1.69782 -0.691372 4
0.535478 0.760138 1.03464 4
0.5064 0.184775 -0.370926 4
-0.144075 3.031 0.215862 4
-0.277129 -0.0693587 -0.591322 4
0.0857188 -0.0592028 -0.120254 4
-0.175782 -0.136762 -0.0231752 3
-0.178743 -0.318024 -0.135897 3
-1.2846 -4.89164 -0.57774 3
-0.107751 -0.671211 -0.273337 3
-0.0971598 -1.20602 -0.119436 4
-0.217172 1.62232 0.226105 4
-0.824952 3.76798 1.08515 4
-0.024589 0.287122 0.0649434 3
-0.0929605 1.82367 0.0747097 3
0.325542 1.19048 0.358325 4
0.137753 0.277912 0.0119607 4
0.0553784 -0.131048 -0.0612962 3
0.0432856 -1.01002 -0.462287 3
-0.257274 -0.493025 -0.0984894 3
-0.5514 -1.06103 -0.0129869 3
-0.112415 -0.256149 0.0375075 3
-0.121872 -0.592255 0.23863 3
-0.227928 0.141836 0.194298 3
-0.00561914 0.0477365 0.0982923 3
-0.0484675 -0.191583 -0.00468984 3
0.0569778 -0.0479283 -0.0270216 3
-0.348879 -7.71577 -1.33874 4
-0.48851 1.74313 0.367953 4
-0.0377516 0.65581 0.334427 4
-0.0511469 0.181321 0.0292496 3
0.00323965 1.25582 0.223059 3
-0.380415 1.21553 0.554154 3
-0.263204 0.901087 0.286387 3
-1.20095 -8.53515 -0.82514 4
0.0658179 -0.280795 0.0262894 3
0.0103459 -0.669914 -0.0862418 3
0.00367354 -0.358036 0.010759 3
0.0675789 -0.387996 -0.115601 3
