# 1 = ball
# 2 = lepton
# 3 = photon
# 4 = PID > 100
# 5 = neutrino
# 6 = other
-0.195109 1.33532 1.17125 4
-3.8071 1.12822 -2.25419 4
0.372889 -0.183916 -0.34867 4
0.207778 -0.929461 -0.630717 4
0.858581 -0.615795 -1.03791 4
0.288685 -0.778742 -0.898395 4
0.814104 -0.918879 -0.328707 4
11.9762 -10.1648 8.7727 4
-1.11354 6.4762 4.85055 4
-0.576664 0.49296 0.428652 4
0.259864 0.583907 0.343852 4
0.00268686 -0.199406 0.178315 4
-1.13382 -0.186721 0.235277 4
-8.02468 1.62753 -3.51432 4
-2.62257 1.46665 -1.78079 4
-0.204106 0.170639 -0.356102 4
-1.38446 1.52784 -0.424769 4
0.351438 -0.037959 -0.185139 4
0.20334 -0.0458804 -0.532539 4
0.904163 0.0278214 -0.484429 4
0.83762 -0.432984 -1.10626 4
0.771023 0.148007 -0.596543 4
0.772576 -0.661967 0.0524447 4
-0.0392679 0.0587797 -0.0198569 4
1.96782 -1.38562 0.685324 4
-0.127531 0.86838 -0.212445 4
-0.252513 -0.603782 -0.330624 4
-1.50144 0.897723 -0.883311 3
-1.39169 0.685612 -0.763238 3
0.00736783 0.0393226 -0.055368 3
-0.00964338 -0.0883064 -0.00971448 3
0.0155983 0.133681 -0.203739 3
-0.212873 0.680629 -1.25551 3
0.070954 -0.121927 -0.473729 3
0.0388153 -0.150319 -0.202529 3
0.830408 -0.746361 0.300188 3
0.153093 -0.110628 -0.00140576 3
0.281886 -0.503879 0.583377 3
0.0749101 -0.0599499 0.0462835 3
0.136459 -0.0537584 0.271362 3
0.0350754 0.0506045 0.0465723 3
0.185999 -0.244731 0.17348 3
0.0644831 -0.0482542 -0.020587 3
-0.191379 0.855774 -0.183211 3
-0.255104 0.620245 -0.108978 3
-0.0869552 0.220897 0.0103789 3
-0.113093 0.235435 -0.132345 3
0.55861 -0.603972 0.514987 3
0.564443 -0.556174 0.351795 3
0.0501073 -0.00902951 -0.214481 3
-0.00198923 0.0537414 -0.0188094 3
0.0110576 -0.0947913 -0.0256071 3
-0.0149676 0.0455995 -0.0197136 3
-0.00755183 -0.00835209 0.0157978 3
0.21635 0.110279 -0.0948005 3
-0.0608786 -0.211003 0.0327411 1
-0.107481 0.166285 -0.283645 1
-0.112272 -0.0178608 -0.110019 1
-0.0462102 -0.0212488 -0.00537494 1
0.0933863 0.12332 -0.0250956 1
0.0948621 0.151159 0.0252422 1
-0.319714 0.227029 0.0534593 1
0.0187798 -0.00118597 -0.096155 1
0.128886 -0.198227 0.321048 1
-0.0765721 -0.167671 0.00310113 1
-0.0350422 -0.494494 0.00571411 1
0.0209352 -0.13722 0.166097 1
0.0134659 0.170724 0.0192537 1
-0.00763857 -0.258296 0.49834 1
-0.175269 -0.00172554 0.142535 1
0.132225 0.110124 -0.0192238 1
-0.0393585 -0.158439 -0.0381208 1
0.06119 -0.0300447 -0.00779078 1
0.0116939 0.0730459 0.0549661 1
-0.0372379 0.0432326 -0.101711 1
-0.127741 0.136331 0.12781 1
-0.0107397 0.280652 0.00172985 1
0.00166195 0.0582887 -0.00645964 1
-0.0260667 -0.01706 0.0272454 1
0.444315 -0.090608 -0.00252715 1
-0.357342 -0.196669 0.221465 1
0.115185 0.36326 -0.171076 1
-0.00560921 0.189088 -0.0521958 1
-0.0629351 0.126793 -0.178182 1
-0.0231749 0.188058 0.149928 1
-0.238315 0.0387384 0.00599373 1
-0.340043 -0.223636 0.173562 1
0.225641 -0.0957745 -0.161683 1
0.141795 -0.00122268 -0.137881 1
0.0892386 -0.119247 0.0438232 1
