# 1 = ball
# 2 = lepton
# 3 = photon
# 4 = PID > 100
# 5 = neutrino
# 6 = other
0.00209348 -0.000373673 -0.00175709 3
0.646016 4.74332 -16.6592 4
1.07427 1.23625 -4.0282 4
1.91456 1.00023 -3.73589 4
-0.706643 0.460043 -0.52537 4
-0.695603 -0.661114 0.0427469 4
-0.806802 0.315642 0.374554 4
-0.359528 -0.118089 0.167941 4
0.337768 -1.87299 5.34559 4
-0.0629126 -3.23246 9.68533 4
-0.654029 -1.46918 3.9033 4
0.38521 2.57779 -7.04069 4
0.528205 0.0837253 -0.458564 4
-0.128119 -0.026447 -0.0174019 4
0.952914 0.240649 -0.461374 4
0.343148 -0.222055 0.0660091 4
0.432907 0.493484 0.186433 4
-0.212359 -0.299529 0.660358 4
-0.0865889 0.322993 0.197847 4
-0.0263161 -0.753803 2.24368 4
0.468789 -0.862251 2.67192 4
-0.0798352 0.108319 0.187769 3
-0.00996479 0.142795 0.473831 3
-1.04277 -1.86512 5.30268 4
-0.386884 -0.46312 1.35313 4
0.246069 -0.192539 1.50936 3
0.0202936 -0.103188 0.389063 3
-0.256666 0.363118 -1.24289 3
-0.0312951 0.178606 -0.415895 3
-0.147755 -0.0865376 -0.180453 3
-0.303596 0.0183423 -0.274855 3
0.208146 -0.567548 0.263859 3
0.218755 -0.325858 0.233103 3
0.0699798 -0.223175 0.232558 3
-0.064497 -0.248263 0.261279 3
-0.0465124 1.60591 0.865578 1
-0.040553 0.0437215 -0.0397231 1
-0.229986 -0.0805498 -0.0468137 1
-0.308234 -0.467129 -0.155835 1
-1.22473 -0.05364 -0.534263 1
-0.825705 0.102219 0.165715 1
0.248932 0.110476 -0.144743 1
0.0559681 -0.505447 -0.17016 1
0.0751575 -0.182009 0.0557845 1
0.143186 -0.0465353 -0.833337 1
0.140261 0.48311 -0.269754 1
0.00120201 0.595832 -0.000282815 1
-0.239417 0.523001 0.287491 1
-0.0738034 0.090669 0.143638 1
0.220419 -0.27389 -0.0338101 1
0.316848 -0.637409 0.000764864 1
