# 1 = ball
# 2 = lepton
# 3 = photon
# 4 = PID > 100
# 5 = neutrino
# 6 = other
-0.00286188 -0.00136884 0.00036613 3
2.63398 0.22492 -6.01831 5
11.4646 1.28662 -20.4481 2
2.42247 0.728739 -4.46236 5
-2.50426 -0.414324 4.9963 5
-2.72614 -0.032052 5.49006 4
-2.63912 -0.213335 6.59072 4
-2.89609 -0.49513 7.15568 4
-1.83681 -0.214196 3.50271 3
-2.41791 -0.284043 4.9525 3
-0.332123 0.38886 -0.520795 1
-0.110502 -0.197103 0.00174169 1
0.231926 0.571215 0.178877 1
-0.699414 -0.0906597 -0.0861136 1
-0.0660291 -0.215362 -0.15629 1
0.477981 -0.109082 -0.147747 1
0.0909041 -0.118168 0.0460988 1
-0.157555 0.322526 0.629425 1
-0.479571 0.365516 0.303809 1
-0.306605 -0.0595115 -0.368102 1
0.0375738 0.12476 -0.092838 1
0.166898 -0.179549 0.0283103 1
-0.209418 -0.239324 0.0412853 1
-0.125241 0.0348429 -0.0699947 1
-0.337701 -0.0363624 -0.266998 1
-0.44514 -0.790923 -1.07839 1
0.417338 -0.0348481 0.02527 1
0.0205767 -0.649348 0.0249005 1
-0.0329476 0.0218322 -0.108996 1
0.236976 -0.160657 0.164577 1
0.000336938 -0.146297 0.207794 1
-0.163153 0.0386618 -0.26339 1
-0.0918314 0.293583 -0.646063 1
0.14084 -0.234823 0.191334 1
-0.178141 -0.0977504 -0.165172 1
-0.200028 0.143505 0.0765968 1
0.142001 -0.067368 0.185974 1
-0.821822 -0.312912 0.112238 1
-0.26452 -0.407691 -0.427921 1
0.590522 0.113098 0.106507 1
0.0197682 0.518369 -0.353666 1
0.233027 -0.390014 0.51523 1
0.39314 0.548069 0.555182 1
0.0389171 -0.153801 -0.080708 1
0.218362 0.0432785 0.0344235 1
0.549097 0.519539 -0.539851 1
-1.08416 -0.15843 0.12766 1
0.601821 0.216501 0.0562712 1
