# 1 = ball
# 2 = lepton
# 3 = photon
# 4 = PID > 100
# 5 = neutrino
# 6 = other
0.0330776 -0.0408483 -0.0386996 3
0.949676 4.39173 -5.72877 4
0.102194 4.40828 -5.77139 4
0.216433 -0.129264 0.700403 4
0.054697 0.00637298 0.357503 4
0.403199 -0.190136 0.806102 4
0.0596009 0.381636 -0.278885 4
0.265021 -0.328286 1.1871 4
-0.270276 -0.111534 -0.117776 4
-0.00289697 -0.218408 0.474358 4
-0.0705702 -0.442118 0.663468 4
-1.00617 -0.868056 0.810176 4
0.295876 3.95684 -5.65017 4
0.758605 3.93943 -4.75653 4
0.435079 3.39809 -3.38535 4
0.419427 -0.272344 -0.611451 4
0.917743 -0.553269 0.992896 4
-0.125397 -0.0809308 0.242512 4
0.711008 -0.14916 0.803869 4
1.28992 -1.34025 2.22144 4
0.931552 1.18443 2.24194 4
-0.1172 0.3095 0.454287 4
-0.8481 -1.02564 -0.0659231 4
-7.54972 -14.4362 5.03333 4
0.0413038 -0.103894 0.00976246 3
0.215732 -0.792079 0.441774 3
0.635188 -0.0473236 0.938509 4
0.579463 0.0732543 0.729718 4
0.228857 -0.233375 0.584174 3
0.0547447 -0.206467 0.386656 3
0.929887 0.290019 1.30339 3
0.889976 0.906184 1.54966 3
0.192584 0.311252 1.05552 4
-0.033468 0.568578 1.2208 4
-0.228374 -0.186374 0.136721 3
-0.0537342 -0.049379 -0.0331769 3
-0.041315 0.116558 -0.297388 3
0.0468438 0.374162 -0.563909 3
0.0899206 -0.0808414 -0.175209 3
-0.0135623 -0.0902069 -0.333846 3
0.00780443 0.0439179 0.00601578 3
-0.0692423 -0.0328334 -0.119931 3
-0.876568 -1.9354 0.708296 3
-0.31141 -0.735051 0.182635 3
0.525271 0.00584577 0.906159 3
0.187682 0.0475909 0.492101 3
-0.0251641 0.0377445 -0.0179626 3
-0.0689776 0.00273411 0.153174 3
-0.21499 0.0383341 0.0846079 1
0.027089 -0.0339053 -0.0590938 1
0.0303439 -0.352819 -0.298697 1
0.00544589 -0.029995 -0.0385452 1
-0.209871 0.0382774 0.0132606 1
0.00308656 0.0174393 0.147376 1
-0.0168637 0.0819379 0.0402865 1
0.00108891 0.00477041 -0.0388433 1
-0.0734942 0.0908376 -0.0565796 1
-0.05951 0.102378 0.169665 1
-0.263218 0.129495 0.0834322 1
-0.038596 -0.0412092 0.00621938 1
-0.144052 0.0855387 -0.0140067 1
0.0394048 0.101255 0.0682765 1
-0.0585804 -0.129777 -0.0982615 1
0.144214 -0.0405569 0.0182978 1
-0.158027 -0.022723 0.115901 1
0.134731 -0.211575 -0.0321675 1
0.0472049 0.0738817 0.0617978 1
0.00932985 -0.00879247 0.0042349 1
0.0419085 -0.0635023 0.00222041 1
0.0973705 -0.0216179 -0.0589861 1
-0.101459 0.117694 0.0317622 1
0.00122443 0.000120647 -0.000245967 1
