# 1 = ball
# 2 = lepton
# 3 = photon
# 4 = PID > 100
# 5 = neutrino
# 6 = other
0.2111 -0.685127 -2.6825 4
-1.05183 -3.03934 -11.1342 4
1.34186 0.722817 1.06972 4
-0.185812 0.129592 0.325846 4
0.135966 -0.0432034 -0.0218655 4
1.04408 1.21545 2.95437 4
0.27963 0.00497431 3.16435 4
0.0431419 0.248539 0.219313 4
0.102094 -1.58021 -3.94948 4
-0.291741 -2.47343 -9.37967 4
-0.464833 -0.977283 -3.92529 4
0.0706459 -0.483784 -2.08176 4
-0.374229 -0.730105 -2.93706 4
-0.159191 0.217971 -0.220885 4
0.258998 -0.387869 -0.131934 4
0.0811121 -0.135879 -0.069335 4
0.136865 -0.0527986 -0.233941 4
0.255507 0.00152572 0.382848 4
0.305215 0.911378 1.66079 4
0.0575464 0.670886 1.53346 4
0.0515316 -0.225281 -0.711713 3
-0.0521537 -0.0876295 -0.18943 3
-0.0698682 0.0605607 -0.0268268 3
-0.113275 0.183423 -0.311838 3
0.0905495 0.145182 0.0206246 4
-0.100095 0.295658 0.137207 4
0.0235352 0.0107537 0.0655952 3
0.0557434 -0.143998 0.0349064 3
-0.268602 0.78964 3.00123 3
-0.0949488 0.644843 2.40539 3
0.0611053 0.0243368 -0.200949 3
0.14275 -0.107313 -0.233908 3
-0.0713629 0.539208 -0.883295 3
-0.021521 0.0303168 -0.0179001 3
0.0222035 0.0915 0.0254919 3
0.0139025 0.223737 0.318827 3
-0.157691 0.233752 0.471151 3
-0.179177 0.132852 0.219447 3
0.121118 -0.0441756 0.0849238 3
-0.0265253 -0.0427018 -0.000267827 3
-0.486108 3.31867 16.8732 3
-0.140699 1.0162 4.7935 3
-0.00907335 0.00335416 0.0605919 3
-0.0708837 0.0390787 -0.060681 3
-0.455284 -0.64146 0.593095 1
0.100181 0.14047 -0.00328038 1
0.564552 -1.26229 0.212678 1
0.135135 0.244066 -0.101463 1
-0.250441 0.602221 -0.651688 1
0.00844675 -0.162625 -0.210805 1
-0.190991 0.0130279 -0.176811 1
-0.428177 0.400536 -0.0797303 1
