# 1 = ball
# 2 = lepton
# 3 = photon
# 4 = PID > 100
# 5 = neutrino
# 6 = other
0.0968094 -0.0677309 5.48181 3
-0.0110726 0.00279545 -1.24069 3
-0.276692 0.189345 0.989703 5
-4.43862 2.66435 28.7591 2
-1.46786 0.731707 5.2989 5
0.25812 -0.183014 -0.726906 5
3.8604 -1.09092 -24.6487 4
0.50219 -0.186666 -3.06885 3
1.26385 -0.692276 -8.68735 3
0.0696223 -0.0142391 -0.116011 3
0.121825 -0.0614309 -0.847602 3
0.736742 0.189685 -0.401818 1
-0.3695 -0.0774834 -0.0342734 1
-0.0277203 0.43759 -0.0192408 1
-0.272712 -0.120448 0.138561 1
-0.200291 0.0749182 0.0740916 1
0.511703 -0.436307 -0.0853399 1
0.00524658 0.0791063 -0.128451 1
-0.0017402 -0.0619883 -0.0595063 1
0.436725 -0.180074 -0.308056 1
-0.491049 -0.2279 0.169182 1
-0.203664 0.336707 0.342268 1
0.0320775 0.167349 -0.144127 1
-0.138163 0.078662 -0.0741941 1
0.170217 -0.111592 -0.0595167 1
-0.335142 0.00143408 -0.111409 1
0.64043 -0.547056 0.169415 1
-0.136396 0.00965375 0.0725494 1
0.0569859 0.0519341 -0.133907 1
0.120551 -0.112679 0.0850331 1
-0.354947 -0.0115623 -0.720767 1
-0.436056 -0.331055 0.172871 1
-0.0613712 0.0969657 0.0710332 1
0.339544 -0.600004 -0.209882 1
-3.6843e-05 0.00222061 0.00205132 1
