# 1 = ball
# 2 = lepton
# 3 = photon
# 4 = PID > 100
# 5 = neutrino
# 6 = other
2.25426 -6.00172 1.76806 4
2.16298 -6.44254 3.07708 4
2.88079 -7.79214 3.68386 4
2.0482 -5.23935 1.73392 4
0.321507 -0.224537 0.453782 4
0.255349 -0.047839 -0.0738558 4
-0.374868 0.363068 -0.181512 4
0.22067 0.528407 0.388852 4
-1.63236 4.53601 -0.264166 4
-1.47899 6.01135 -4.83583 4
-0.529718 0.966478 -1.29994 4
-0.317764 1.40524 -0.872607 4
0.87361 -1.69736 0.926634 4
1.68788 -4.41462 1.50526 4
0.85938 -3.37483 0.437801 4
-0.175598 1.12334 -0.156575 4
-0.764712 1.27975 -0.150197 4
-0.204695 -0.103838 -0.0573055 3
-0.0758447 -0.0800528 0.058875 3
-0.518276 0.490575 -0.027242 3
-0.0998686 0.192352 -0.0268515 3
-1.12614 2.09468 -0.413604 3
-1.52771 2.6148 -0.417384 3
-0.485789 1.45557 -0.644765 4
-0.252203 1.25978 -0.272616 4
-1.33042 2.54372 -1.33559 3
-0.239988 0.533797 -0.32857 3
-0.0657395 -0.00773156 0.0928109 3
-0.238336 0.0503261 0.0405307 3
-0.0390222 0.338042 -0.176119 3
-0.655813 2.48368 -1.27461 3
-0.133392 0.189884 -0.0468345 3
0.0149353 0.0669701 0.0347417 3
-0.0598227 0.14056 -0.0519985 3
-0.184317 1.05911 -0.100537 3
-0.26439 0.656943 0.0483086 3
0.00363688 0.136089 -0.0116969 3
-0.392151 0.465708 -0.185553 3
-0.0423662 0.118711 -0.0138258 2
-0.0221809 0.0568819 -0.00509091 2
1.01275 0.119253 0.371711 1
-0.0345259 -0.372671 -0.145834 1
-0.172076 0.203212 0.0776663 1
-0.0958577 -0.126219 -0.272832 1
-0.332995 0.409237 0.100782 1
-1.38638 0.600144 -1.99859 1
0.214411 -0.200379 -0.622598 1
-0.148585 0.174159 -0.252332 1
0.375545 -0.472771 0.839103 1
-0.128067 0.130696 -0.0319097 1
-0.0652005 0.469337 -0.0584047 1
-0.131039 -0.0582727 -0.0984576 1
0.538218 1.40244 0.808891 1
0.0031067 -0.013423 0.257167 1
