# 1 = ball
# 2 = lepton
# 3 = photon
# 4 = PID > 100
# 5 = neutrino
# 6 = other
-0.000725766 -0.000433789 -0.110234 3
-1.14439 -0.0469516 1.70465 4
0.354648 -0.0368277 0.622108 4
0.828126 0.281881 -0.829663 4
0.764396 0.350725 -1.55525 4
-3.1748 -0.247371 6.25488 4
-6.35787 -0.683127 13.4789 4
-1.49123 0.0292116 1.88743 4
-0.108264 0.0811311 0.602297 4
2.58866 -0.283925 -5.59473 4
3.92352 0.266576 -8.70576 4
0.456605 -0.172115 -1.03613 4
1.40887 0.068676 -3.96338 4
-0.0465372 0.0143622 0.107496 3
-0.724684 0.867202 2.24516 3
-0.176417 0.129862 -0.492377 3
-0.00507789 -0.0130489 -0.172024 3
0.616935 -0.126262 -0.869056 3
0.178403 -0.112786 -0.261115 3
-0.744662 -0.0685061 1.28293 3
-5.4538 -0.44135 10.1229 3
1.35856 0.140432 -2.5566 3
0.415851 0.054393 -0.954756 3
2.65471 0.199379 -5.20652 3
0.108274 -0.00667936 -0.267398 3
0.73561 0.075108 -1.43092 3
2.03698 0.178317 -3.49496 3
0.110136 0.357714 -0.438735 1
-0.184865 -0.0241382 -0.309571 1
0.819608 0.220246 -0.441925 1
0.102181 0.334468 0.786774 1
-0.11775 -1.21505 -0.063682 1
0.0620391 -0.186209 0.186208 1
0.360439 -0.00488915 -0.179104 1
-0.153469 0.0199901 -0.347846 1
