# 1 = ball
# 2 = lepton
# 3 = photon
# 4 = PID > 100
# 5 = neutrino
# 6 = other
-0.459787 -1.06821 -0.133463 4
0.908917 0.520753 -1.02179 4
-1.69547 0.278785 3.26823 4
0.396724 -0.5642 -0.0227893 4
1.34988 0.350846 -1.26776 4
0.643489 -0.755382 -1.84173 4
0.67001 0.119079 -0.912237 4
-0.0342137 -0.488338 0.821728 4
-0.616105 1.62348 0.794641 4
0.27738 -0.448709 0.662463 4
0.532884 -0.214783 -3.2917 4
2.2451 -1.75181 -1.63293 4
0.824188 -1.20799 -2.81467 4
0.243874 -0.603236 -0.604503 4
-0.000153861 -0.130065 -0.053659 3
0.128619 -0.119286 -0.0014386 3
-0.0344405 0.0517007 0.109096 3
-0.254587 0.170122 0.145739 3
0.310435 -0.489783 -0.616498 4
0.598615 -0.751995 -0.418102 4
0.679313 -0.460956 -1.45708 4
0.0674519 -0.0312363 -0.218543 3
0.0649901 -0.0727996 -0.0387658 3
0.0180238 -0.196313 -0.0575989 2
1.46703 -0.396304 -0.23255 5
2.01664 -1.58751 -1.60419 4
0.787836 -0.582733 -0.435328 4
-0.0810146 -0.339388 -1.3168 3
0.942179 -1.08012 -1.86146 3
-0.814066 0.944185 1.408 4
-6.57225 5.84316 8.99239 4
0.0598553 0.0846576 -0.203964 3
-0.0514114 -0.00675251 -0.124018 3
2.19978 -2.22143 -1.87867 4
0.0176902 -0.0131196 -0.111453 3
0.135564 -0.0452675 -0.0437864 3
0.0367041 -0.0798065 -0.0304429 3
0.398589 -0.192254 -0.20291 3
0.806466 -0.257648 -0.506748 3
0.104109 -0.0445168 -0.0164985 3
0.15079 -0.280542 -0.184624 3
0.19387 -0.134439 -0.18119 3
0.272779 -0.222977 -0.206456 3
0.138378 -0.22485 -0.0709188 3
0.173946 0.002247 -0.153558 3
0.175297 -0.130726 -0.123534 3
-1.57617 0.904303 1.32016 3
-2.7403 2.24022 3.24731 3
-4.25503 3.60992 4.937 3
-1.14556 0.0730836 0.950041 3
-0.598762 0.119631 0.579281 3
-0.208307 0.037415 -0.0415253 1
-0.0950277 -0.0385464 -0.120363 1
-0.185788 -0.0960077 0.159354 1
0.146644 -0.0884128 -0.0700539 1
-0.193618 -0.00666124 -0.139549 1
-0.00578716 -0.350642 0.0308315 1
0.373385 -0.224565 -0.212429 1
-0.0227188 0.0443425 0.143522 1
0.306115 0.296481 -0.228 1
0.129395 0.193675 -0.0179676 1
-0.00117709 0.0896141 0.00386794 1
-0.122351 0.135892 -0.121072 1
-0.201572 0.0384322 0.147302 1
-0.0489266 0.191412 -0.0113757 1
0.0124507 -0.0511778 0.0144364 1
-0.0246919 0.269966 -0.0371072 1
-0.0631937 -0.0393883 -0.0467082 1
0.247594 0.0710471 0.0576714 1
-0.00801941 -0.597638 -0.386563 1
0.174615 -0.0627915 -0.218978 1
-0.0309066 -0.14681 0.105716 1
-0.0783177 0.311235 0.0713699 1
0.245664 -0.211237 -0.130229 1
0.033588 0.0199599 -0.00946145 1
-0.219292 -0.169586 0.265367 1
0.101 -0.0322395 -0.0216302 1
0.17388 0.0857518 -0.130916 1
0.503943 -0.0260095 -0.10146 1
-0.0188973 -0.0155008 0.00327089 1
-0.072052 0.107255 0.0262165 1
0.0304718 0.110017 -0.123639 1
-0.0339852 0.11153 -0.00399329 1
0.0345862 -0.0221504 -0.136117 1
0.00298836 -0.0134058 -0.00077262 1
-0.0308749 0.0394324 -0.0066922 1
0.0426494 0.299077 -0.0563574 1
-0.00153309 -0.000445729 0.00230622 1
