# 1 = ball
# 2 = lepton
# 3 = photon
# 4 = PID > 100
# 5 = neutrino
# 6 = other
-0.000104888 -0.00596739 0.0103181 3
-0.59338 -0.40828 1.48478 4
-0.824443 -3.7315 3.89499 4
0.290759 -1.23965 -0.199995 4
1.22263 0.259532 -0.793632 4
0.88599 1.31666 -1.13669 4
1.24779 1.58793 -2.52646 4
-2.09109 -1.06166 3.68633 4
-0.218636 -0.256602 0.770314 4
-4.0051 -1.40484 4.6383 4
-0.63754 -0.196603 1.10082 4
-1.13054 -0.582113 1.77022 4
-0.587362 -0.182434 1.29871 4
-1.61027 -1.82909 3.13768 4
0.00929469 -0.0957268 -0.546749 4
1.88002 2.02803 -3.32363 4
-1.3394 -0.475463 1.44293 4
-0.74536 -0.859002 0.935774 4
-0.0371257 0.12326 -0.0235908 4
-0.054135 -0.244851 0.536022 4
-0.194389 -0.291045 0.199777 4
-0.474521 -1.7694 1.60873 4
-0.0163749 -0.0161801 0.00880125 3
-0.285731 -1.08232 1.34617 3
0.346348 -0.194136 1.49738 4
-0.0310601 0.0369941 0.0186991 3
0.100369 0.226513 -0.466351 4
0.372972 0.514202 -0.243519 4
0.755407 1.52926 -2.34597 3
0.62792 1.01775 -1.66565 3
0.34286 0.0862564 -0.269202 4
0.789619 0.761077 -1.80417 4
0.332508 0.621834 -0.952894 3
0.0526428 0.175611 -0.16102 3
1.36415 1.63172 -3.23306 3
0.117004 0.177173 -0.3917 3
-0.166587 -0.232693 0.49861 3
-0.360768 -0.236806 0.856545 3
0.0946571 0.0859402 0.0356448 3
0.0304797 0.278365 0.101737 3
2.72814 3.12876 -6.36742 3
1.29955 1.595 -3.03733 3
0.0247549 0.0904248 0.160996 3
-0.039606 -0.0307979 0.15168 3
-0.343192 -1.58065 1.34016 3
-0.183077 -0.565889 0.421164 3
0.0285653 0.0617596 -0.104246 3
-0.0413873 0.4611 -0.32905 3
0.852662 0.676883 -1.40787 3
0.365634 0.215806 -0.455131 3
-0.237501 0.428137 -0.457126 1
0.154049 -0.0688987 0.0495589 1
0.0977484 -0.05723 0.232795 1
0.0719332 -0.0114047 -0.12579 1
-0.000613323 0.000177031 -0.049977 1
-0.00711471 -0.0204129 0.0528771 1
0.0723779 -0.0285949 0.0205154 1
-0.065601 -0.123431 -0.0629554 1
-0.251679 -0.102526 -0.0687674 1
-0.00403291 0.00721334 0.0451974 1
-0.230645 0.126698 -0.136575 1
-0.0113665 -0.0538247 -0.0430848 1
0.0457635 0.0685679 0.00990994 1
0.0355006 0.055155 0.0748412 1
-0.0412988 -0.0117142 0.0688135 1
0.204592 -0.224251 -0.597149 1
-0.0116945 0.0225941 -0.0617756 1
-0.039074 0.0176089 -0.0121032 1
0.132052 -0.0522824 0.0288602 1
-0.158093 -0.105482 -0.0701637 1
0.0929111 0.0195671 -0.0677372 1
0.000245365 0.000184824 0.00189107 1
