# 1 = ball
# 2 = lepton
# 3 = photon
# 4 = PID > 100
# 5 = neutrino
# 6 = other
-0.044025 -0.0325092 -0.0332638 3
1.45626 -0.977961 6.72663 4
0.610393 -0.000774356 0.811436 4
0.790065 -0.286899 4.65306 4
-0.218514 -0.504272 1.16177 4
0.208483 -0.413533 0.89817 4
0.304674 -1.86933 1.06945 4
0.0206048 -0.212278 0.11693 4
0.0408977 1.07123 -1.92252 4
-2.79491 1.41391 -11.9764 4
2.32943 -1.15109 9.82219 4
0.904028 -0.412279 2.44472 4
-0.416659 -0.0815854 0.488522 4
-3.72623 2.71453 -15.9825 4
-0.798276 0.471996 -4.41412 4
-0.603418 0.0837569 -0.830575 4
-0.231964 0.423057 -0.216917 3
-0.0410899 0.272082 -0.161456 3
0.100795 -0.0369646 -0.0294189 3
0.0352209 -0.174251 -0.0414022 3
-0.0389901 -0.127158 0.00195719 3
0.0505693 -0.0974782 -0.0953686 3
0.353179 -0.166667 1.59429 3
0.72393 -0.316764 2.51255 3
0.83347 -0.191784 2.34448 3
0.189759 -0.0872897 0.740355 3
0.443961 -0.173589 1.43393 3
0.0653174 -0.0586875 0.144562 3
0.110362 -0.0396831 0.0871193 3
0.0687061 0.0633017 0.185434 3
-0.00913148 0.0226542 0.0309117 3
0.166212 -0.114864 0.209757 3
0.708968 -0.0689755 1.65891 3
-0.00185985 -0.225344 0.661715 3
-0.169564 0.159442 -0.826843 3
-0.00194008 -0.0113337 -0.00315777 3
-0.167449 0.153477 -0.79355 3
-0.0301185 0.168547 -0.766643 3
-0.136598 0.0300508 -0.572003 3
-0.322131 0.161793 -0.833722 3
-0.0564617 0.129442 0.0402174 1
-0.155854 -0.216482 -0.231191 1
-0.0116431 -0.192962 -0.0717394 1
-0.134483 -0.13629 -0.0672351 1
-0.00844709 0.0191394 -0.0115883 1
-0.0432649 0.00483245 0.0166988 1
0.00999345 -0.0157694 -0.00579441 1
0.13097 0.0385599 -0.0155418 1
0.0367122 0.106894 0.0811027 1
0.00634913 -0.114486 -0.00586159 1
-0.0834156 -0.0309241 0.0258051 1
-0.023699 0.0657534 -0.0379845 1
-0.11725 0.552052 0.357052 1
0.00546443 -0.00026387 -0.0191086 1
-0.148266 -0.131289 -0.284667 1
-0.0711486 0.00159228 -0.0777139 1
-0.0230861 -0.0328547 -0.0395889 1
-0.00667937 0.164269 -0.101469 1
0.00384384 0.0849768 -0.189582 1
0.00830237 -0.0401411 0.0384964 1
-0.0815936 0.368471 0.30017 1
0.00123447 -0.00100955 0.000484187 1
