# 1 = ball
# 2 = lepton
# 3 = photon
# 4 = PID > 100
# 5 = neutrino
# 6 = other
-0.408571 1.64331 9.17574 3
-0.458633 -0.0976649 -3.9533 4
-0.283073 0.0563149 -1.27339 4
0.315813 -0.453583 -0.32293 4
-0.0504273 -1.11958 0.877359 4
0.404173 -0.471769 1.58223 4
0.0643113 0.454456 1.45765 4
-0.150947 0.17928 -1.15676 4
-0.35571 -0.613688 -5.80503 4
-0.297775 0.0673505 -4.11859 4
0.370839 -0.434637 0.990355 4
0.112332 -0.113912 -0.40298 4
-0.134182 -0.0122708 -0.197128 4
0.239075 -0.471878 -0.0895901 4
0.184098 1.57296 1.63335 4
0.220554 0.18465 0.875986 4
0.616289 0.531225 1.7715 4
0.0835968 0.0298804 -0.0523721 2
-0.764178 -0.627933 -7.76813 5
-0.863931 -0.442595 -7.23943 3
-0.15999 0.144527 -1.09755 3
0.395275 -5.49257 7.14647 4
0.1074 -0.397712 0.544634 3
-0.248007 1.2397 1.34074 3
-0.0320559 0.330449 0.269309 3
-0.211533 0.230999 -0.0412014 3
0.0301168 0.0284544 0.0085765 3
0.33487 -0.0621451 0.583051 3
0.263979 -0.14463 0.703145 3
0.317726 1.83778 1.8107 4
-0.00722304 -0.563347 0.540415 3
-0.117335 -0.435587 0.495291 3
-0.0024539 -0.0866702 0.0115477 3
0.0576573 -0.225272 0.278017 3
0.0106761 0.0194679 0.131695 3
-0.218385 0.09505 0.457923 3
-0.0520894 0.0448564 -0.0230217 3
0.0626796 0.111821 -0.150309 3
0.0624471 0.509646 0.650452 3
0.275801 0.831797 1.16228 3
-0.415003 0.480152 -3.37874 4
0.516356 0.177032 0.31912 3
0.192647 0.158866 0.124078 3
0.0819824 0.00854621 -0.195011 4
-0.00612238 0.669641 0.782539 4
0.246597 0.0172653 0.916644 4
0.0823195 0.15677 0.790906 3
0.00363675 -0.0227491 0.0392571 3
0.0852528 0.0767425 0.0927738 1
-0.412422 0.0439102 -0.453612 1
-0.011085 0.131256 -0.048391 1
0.0588365 -0.0286225 -0.0370569 1
-0.197889 0.134588 -0.00798834 1
0.0378157 -0.0725984 -0.178978 1
0.0609394 0.0103916 0.0548834 1
-0.0143757 -0.0129123 -0.0142628 1
0.0691068 0.145938 -0.0137329 1
-0.0219272 0.307201 -0.16991 1
-0.0407913 -0.140238 -0.0341486 1
0.0543826 -0.0428097 0.127543 1
0.0137972 -0.0406493 0.0225782 1
0.170344 -0.122555 0.0435771 1
-0.375011 -0.0185484 -0.0958852 1
0.10198 -0.0616196 0.0937517 1
-0.193322 -0.0874776 0.135614 1
-0.00593304 -0.0370515 0.0322859 1
0.204004 0.29378 0.245134 1
0.000672954 -0.000773872 0.000332719 1
