# 1 = ball
# 2 = lepton
# 3 = photon
# 4 = PID > 100
# 5 = neutrino
# 6 = other
0.00839722 -0.00402406 0.467701 3
-12.3815 -2.33049 -12.8375 4
-0.297166 0.11202 -0.408597 4
4.67884 0.911346 4.17843 4
1.892 0.384614 3.32469 4
3.36057 0.204884 3.11208 4
-0.52103 -0.227124 -0.581408 4
-4.4053 -1.31624 -5.45425 4
-0.157866 0.180041 -0.607754 4
0.61708 0.0519873 0.422875 4
0.349895 -0.294007 0.412388 3
0.00146519 -0.0301929 0.0727859 3
0.0871625 -0.0317087 0.306232 4
0.273485 0.110479 0.197704 4
5.20284 0.617547 5.44865 3
0.677073 0.0320655 0.715536 3
-4.00778 -0.2367 -4.34813 3
-0.326907 0.0130669 -0.324201 3
-0.358148 0.217635 -0.727623 3
-0.289327 0.175418 -0.378312 3
1.37723 0.107728 1.38318 3
4.5657 0.447714 4.92298 3
0.664328 0.130352 0.799494 3
-0.0516631 0.0101419 0.459109 3
-0.189793 0.818064 -0.158246 1
0.117008 0.676854 -0.540467 1
0.121853 0.156381 0.396334 1
-0.3656 1.00609 -0.0124602 1
0.968468 0.171479 -0.0308144 1
-0.527806 0.144546 0.151736 1
-0.0685358 0.0737662 -0.35337 1
-0.0466191 -0.0879968 -0.0131194 1
-0.167524 -0.251847 -0.0816326 1
-0.0191615 -0.101832 -0.037653 1
-0.485077 -0.274852 0.677647 1
-0.121044 0.489547 0.0888922 1
-0.585958 -0.707261 0.26509 1
0.0517236 -0.0126192 0.00556623 1
0.439224 -0.712102 -0.563392 1
-0.115054 0.0252181 -0.0596604 1
-1.26143 0.304706 -0.393339 1
-0.17915 -0.689504 0.634072 1
0.126983 0.159545 -0.118535 1
0.372973 0.210933 -0.0588224 1
-0.165836 -0.169796 0.0451558 1
-0.0227539 -0.0646975 0.644352 1
-0.130395 -0.0133058 -0.0311733 1
0.0373822 0.0289232 -0.0120921 1
-0.212423 -0.413067 -0.182909 1
0.0423478 0.157076 -0.634012 1
0.139684 0.214741 -0.141687 1
0.218143 0.330914 0.0469608 1
0.391451 -0.0854011 -0.652798 1
0.00323703 -0.287542 0.142966 1
-0.207597 -0.250062 0.332905 1
0.156632 -0.265945 0.324431 1
0.153986 -0.179825 0.0347928 1
0.0847907 0.198595 -0.260357 1
0.00990355 0.0200619 0.0513447 1
0.012064 0.145383 -0.1434 1
0.112729 0.00396548 -0.0891459 1
-0.0513754 0.0727225 0.0431745 1
0.0876534 0.0154061 0.0456791 1
0.313617 -0.0923147 0.0808501 1
0.00188065 -0.00149655 0.00108999 1
