# 1 = ball
# 2 = lepton
# 3 = photon
# 4 = PID > 100
# 5 = neutrino
# 6 = other
0.0140131 -0.0101608 -0.00260512 3
0.322893 0.320408 0.439271 4
3.41828 0.906713 1.90243 4
1.82208 0.0474647 0.297893 4
-0.00697885 0.410441 -0.0961567 4
-1.0269 -0.595089 -0.58645 4
-4.00441 -1.80601 -0.836687 4
-5.01579 -2.90732 -2.1913 4
0.114629 0.0182968 -0.157872 4
1.31366 0.683368 0.231534 4
-3.18694 -2.13144 -1.05222 4
1.55293 0.99549 0.72974 3
17.3786 11.1606 7.68727 3
0.365436 0.826152 0.176974 4
0.0806709 0.00350967 -0.0144423 3
-0.378475 -0.227882 0.210173 3
-0.16345 -0.0201041 0.0302878 3
-0.967028 -0.550886 -0.0966777 4
-0.0159617 -0.0772647 -0.0553675 3
-2.35877 -1.48188 -0.323707 4
-0.138551 -0.13292 -0.0918044 3
-0.517919 -0.384589 -0.383149 4
-0.123327 -0.0126832 0.0638567 4
-0.306084 -0.578785 -0.122929 3
-0.0505322 -0.283817 -0.0446828 3
-1.85028 -1.06542 -0.480297 3
-4.57057 -2.4096 -1.07672 3
-0.436339 -0.286527 -0.185254 3
-3.49502 -2.46248 -1.90505 3
-0.309025 -0.0713025 -0.125504 3
-0.2943 0.0433662 -0.196915 3
0.487399 0.272973 -0.445239 1
0.365626 -0.250441 -0.351477 1
-0.0120178 0.195586 -0.159824 1
-0.0263568 -0.560911 -0.506377 1
-0.274915 -0.204801 -0.202384 1
0.323241 -0.202513 0.0710769 1
0.133788 0.403283 -0.0159155 1
0.233583 0.0105195 -0.151652 1
0.679976 0.88306 -0.493828 1
-0.118234 -0.0800577 -0.0448702 1
0.221815 -0.111672 0.4538 1
0.188603 -0.0511148 -0.398168 1
-0.320111 0.2721 0.395256 1
0.193136 0.253801 0.269151 1
0.562169 0.521893 -0.0416591 1
0.0212637 0.0759147 0.250804 1
0.582255 0.328341 -0.26615 1
-0.306179 0.492826 -0.332631 1
0.27879 0.0555399 0.321912 1
0.00499243 -0.416323 -0.197513 1
0.0549465 0.170148 0.180838 1
0.0468904 -0.219224 -0.169343 1
-0.767791 0.0210417 0.809681 1
0.642905 0.391885 0.432481 1
0.00515456 -0.312534 -0.667305 1
-0.349083 -0.407572 -0.523272 1
-0.0399649 0.0438158 -0.153642 1
-0.380033 0.489363 0.127272 1
-0.153949 0.179154 -0.392304 1
0.0285917 0.370987 -0.21135 1
-0.321286 0.311306 0.0978909 1
0.216015 -0.101868 -0.0893316 1
0.775956 -0.529768 0.454549 1
-0.139735 -0.24639 -0.0693553 1
-0.195979 0.114939 -0.0443064 1
-0.0401222 0.107685 0.682431 1
0.232075 -0.190634 -0.362877 1
