# 1 = ball
# 2 = lepton
# 3 = photon
# 4 = PID > 100
# 5 = neutrino
# 6 = other
-0.0371637 0.0313216 0.0840313 3
-2.66212 1.24972 -2.74226 4
-0.467897 0.215741 -0.680625 4
-0.903574 0.817742 -0.734009 4
-0.980042 0.810469 -1.51486 4
-0.124235 0.798709 -0.831118 4
-2.35884 0.32958 -1.63346 4
-0.367527 0.663359 -0.255642 4
-3.84884 -0.357793 -1.41266 4
-0.85906 -0.179004 -0.674175 4
-0.0552838 0.442187 -0.0851268 4
-0.242872 0.145584 -0.218711 4
3.09693 -0.980782 3.35004 4
13.0495 -3.69241 9.90329 4
-0.06854 0.43832 -0.124071 4
-0.74322 -0.208924 0.0191488 4
-0.621377 -0.534371 -0.600501 4
-0.69241 -0.167003 0.00600465 4
-2.19057 -0.388924 -1.02612 4
-0.197018 -0.344716 -0.223856 4
0.930549 -0.265519 0.424197 4
-0.168132 0.0882477 -0.521459 3
-0.362992 0.250693 -0.739108 3
-0.401553 0.0878665 -0.487772 4
-0.523177 0.50311 -0.825191 4
-0.105111 -0.080329 -0.0958194 3
-0.0769594 0.0374395 -0.157563 3
-0.6062 -0.213183 -0.401384 3
-0.998846 -0.462666 -0.525628 3
-0.313789 -0.116036 0.0047201 3
0.415989 -0.243955 0.307426 3
1.43658 -0.582252 0.884291 3
1.71519 -1.03611 1.40077 4
5.16458 -1.21163 3.29717 4
5.86714 -1.85012 4.95263 4
-0.551396 0.0694094 -0.26674 3
-0.0353672 -0.0268512 -0.0436893 3
0.0475661 -0.107885 0.355226 3
-0.018834 0.0199497 0.0168719 3
0.0154542 -0.464166 0.103792 3
0.0384359 -0.038687 0.0378468 3
-1.31669 0.68694 -0.856684 4
-0.986749 0.639709 -0.668312 4
-0.106695 0.0416909 -0.0596309 3
-1.66086 0.813678 -1.59306 3
-0.0685376 0.256369 0.321125 4
-0.467202 -0.316853 0.432436 4
-0.428871 0.431185 -0.480564 3
-0.232873 0.153598 -0.319405 3
-1.13595 0.820293 -1.11798 3
-3.7905 3.02725 -3.98385 3
