# 1 = ball
# 2 = lepton
# 3 = photon
# 4 = PID > 100
# 5 = neutrino
# 6 = other
-0.461886 0.823457 23.357 2
-0.567243 1.31709 -36.3019 2
-6.05192e-07 -2.72381e-06 0.000279928 3
-0.0783541 -0.763916 1.6351 4
0.842834 -0.835505 4.77801 4
-0.0845876 -0.0534206 0.179178 3
-0.340404 -0.0245117 1.0974 3
0.463045 -0.854656 2.46725 3
0.074864 -0.291438 0.723423 3
-0.215911 -0.131339 0.598377 1
-0.0945363 -0.244284 0.0302423 1
-0.0112287 -0.169792 0.159138 1
0.137943 -0.341493 -0.260282 1
0.271571 -0.00993763 0.0800018 1
-1.01374 1.10318 -0.215586 1
-0.157741 -0.248752 -0.257383 1
-0.113347 -0.00354499 -0.554612 1
0.168718 -0.144485 -0.401417 1
0.0272254 -0.342548 0.045193 1
0.182413 0.0967994 0.202082 1
0.255427 0.350226 0.363883 1
-0.155312 0.0605941 0.0361437 1
-0.112753 0.0534858 0.390406 1
0.134904 -0.216493 0.164123 1
-0.0191767 0.0261097 0.32338 1
0.399008 0.352385 0.0343797 1
0.0500231 0.0998324 0.224551 1
-0.308427 -0.323044 0.239466 1
-0.289234 -0.185138 0.47263 1
-0.153855 0.854925 -0.315934 1
0.738221 -0.394883 0.166173 1
0.177288 0.0557044 -0.0981912 1
0.322456 -0.418146 0.0687374 1
0.023102 -0.195828 -0.182107 1
-0.266522 0.441108 0.744604 1
0.847629 0.207147 0.572384 1
0.00424144 0.232193 -0.0195802 1
0.544801 -0.128731 -0.849997 1
0.0814924 0.0452827 0.214782 1
-0.149155 0.252351 -0.298725 1
0.0137387 -0.0690918 0.0196371 1
-0.0972158 0.0405533 0.0135877 1
-0.295587 0.160357 0.102842 1
-0.105467 -0.159993 -0.143665 1
0.343677 -0.3914 0.279581 1
-1.2577 0.392809 0.16543 1
0.166255 0.00592261 0.07269 1
-0.0265269 -0.111028 0.0719475 1
0.105032 0.0818934 -0.194575 1
