# 1 = ball
# 2 = lepton
# 3 = photon
# 4 = PID > 100
# 5 = neutrino
# 6 = other
-0.0730326 -0.0627559 0.338794 3
7.14279e-06 3.42556e-06 0.000307164 3
-5.11853 7.59428 -7.70235 4
-1.37577 1.14962 -1.02933 4
-0.169992 0.0842138 -0.0833659 4
2.54325 -2.73478 4.02261 4
2.37336 -4.14605 3.31415 4
0.208182 0.0635283 -0.771713 4
2.26072 -2.4728 2.22815 4
3.82618 -5.7779 4.69506 4
-0.608216 1.00746 -0.984849 4
-3.10965 4.95091 -4.43813 4
-0.104152 0.996702 -0.805269 4
-0.118744 0.905208 -1.16509 4
1.43763 -2.13794 1.75919 4
1.84872 -2.47831 2.57026 4
0.00821529 -0.0226391 0.018491 3
0.0698029 0.196203 0.246795 3
1.13097 -1.63159 1.58764 3
0.944441 -1.58315 1.51692 3
0.8275 -1.04443 1.01942 3
0.778499 -0.806953 0.932478 3
-1.99796 2.91554 -2.78279 3
-3.98057 5.70605 -5.70905 3
-0.01292 0.200332 -0.286643 3
0.110077 0.255885 -0.58129 3
0.0410592 -0.16815 0.0876572 3
0.127299 -0.0633914 0.101281 3
0.332731 -0.184339 -0.0481407 1
-0.106028 -0.365581 0.187596 1
-0.0105422 -0.148801 0.352166 1
0.283585 0.234841 0.137172 1
-0.282513 -0.038435 -0.276752 1
-0.526984 0.126941 -0.113447 1
-0.183179 0.309096 0.138993 1
-0.404407 -0.280954 0.128975 1
-0.359203 -0.0696064 -0.322186 1
0.527707 -0.763211 0.897785 1
-0.00672978 0.00618392 -0.0273024 1
-0.00549401 -0.532927 0.537082 1
0.509714 0.615923 0.347014 1
-0.62001 0.908352 0.537669 1
-0.324995 -0.561615 -0.323192 1
-0.16294 0.255536 -0.391021 1
-0.527091 -0.406486 0.138261 1
