# 1 = ball
# 2 = lepton
# 3 = photon
# 4 = PID > 100
# 5 = neutrino
# 6 = other
0.000896415 0.00658727 -0.00851094 3
0.0124301 0.0149002 0.803792 3
10.3165 -3.95688 9.13695 5
13.8589 -4.8913 10.3383 4
-2.20762 0.52808 -1.47372 5
-23.1492 10.3478 -20.9308 4
1.82355 -0.429172 1.33529 3
0.170937 -4.09848e-05 0.135045 3
0.0222369 -0.164617 0.385222 1
-0.222997 0.377793 -0.156322 1
-0.777267 -0.252711 -0.686564 1
0.139621 -0.480305 0.0594205 1
0.607799 -0.879359 -0.240829 1
-0.374396 0.364406 -0.1802 1
0.27015 0.403613 -0.159634 1
0.502739 0.435067 -0.220299 1
-0.166519 0.170869 0.100214 1
0.720936 -0.026164 0.180483 1
-0.0422862 -0.0473887 0.152759 1
0.29903 -0.175575 -0.259346 1
-0.541444 0.283392 -0.414616 1
0.0987636 -0.607206 0.54399 1
-0.101254 0.149889 -0.397563 1
-0.914156 -0.443633 1.13501 1
-0.32068 -0.229541 0.252978 1
-0.635197 0.555935 -0.632886 1
-0.0470412 0.170555 -0.0580368 1
0.22711 -0.0544863 -0.0150717 1
-0.213704 -0.28275 -0.0962349 1
0.0820429 0.0690704 -0.0502719 1
0.0187372 -0.161488 0.0585699 1
-0.189625 -0.141257 0.0857471 1
-0.565108 0.0262466 0.0294486 1
0.0926378 -0.859006 0.0219369 1
-0.145928 -0.074629 0.0643884 1
0.0566702 0.159014 0.626092 1
0.0941314 0.00814493 0.198978 1
0.254993 -0.148079 -0.127481 1
-0.00959356 0.0524967 0.0511465 1
-0.1731 0.0227243 0.222617 1
0.652237 -0.162182 0.280005 1
0.0850337 -0.171174 0.273144 1
0.17899 -0.458283 -0.0200408 1
0.0240813 0.468637 -0.389022 1
0.185936 0.48202 0.0458545 1
