# 1 = ball
# 2 = lepton
# 3 = photon
# 4 = PID > 100
# 5 = neutrino
# 6 = other
-3.44546e-05 -0.00620509 0.0421721 3
0.378816 -0.965353 0.325483 4
0.135304 -2.62433 -0.0322895 4
-0.00201749 -0.366259 0.0914078 4
0.190672 -0.20496 -0.27029 4
0.428376 -0.332227 -0.857465 4
0.0315932 1.00499 -0.0311897 4
0.619273 2.20173 0.492626 4
-0.0812877 0.370253 0.103333 4
-0.772099 3.29794 0.512216 4
-0.0225029 -1.50213 0.297143 4
1.72308 -4.32623 0.817057 4
0.017338 -1.56948 0.536064 4
0.294414 -1.62017 0.185574 4
0.507195 -0.644297 -0.142563 4
0.0632967 -0.374987 -0.45623 4
0.142995 -0.18411 -0.364897 4
0.0258804 -0.201282 -0.073317 4
-0.217457 0.978509 -1.47518 4
0.179157 0.0462057 -0.860136 4
0.404624 0.172229 -0.407311 4
-0.182138 0.400937 0.0672141 4
1.64921 1.49073 -2.04379 4
-0.0600896 0.54819 -0.152469 4
-0.71364 0.408587 -0.144955 4
-0.812636 1.36964 0.0197622 4
-0.172342 1.00741 -0.0677048 4
0.286379 -0.256319 0.0957832 4
0.168745 -0.818012 0.25384 4
0.923082 1.09414 -1.30318 3
0.328362 0.462156 -0.615921 3
-0.00561404 -0.00133837 0.0136861 3
-0.267066 0.650467 0.0537854 3
-0.1414 0.822941 0.498382 2
-2.11456 6.23575 1.43634 5
0.335421 -0.702304 0.436606 3
0.00866053 0.00537859 0.0026773 3
-0.43177 0.185405 -0.655867 3
-0.0597915 0.0450792 -0.220682 3
0.00189372 0.00549661 -0.0284552 3
0.234181 0.799065 -0.502622 3
0.648185 -6.05143 0.988767 4
0.603996 -3.47309 0.30955 4
1.06209 -5.73784 0.693724 4
0.085099 -0.787236 0.0138452 4
0.211169 -0.766285 0.134344 3
0.0159216 -0.428399 0.072386 3
-0.0185532 -0.0593948 0.023528 3
0.0404428 -0.193887 -0.147132 3
-0.288953 0.794321 0.116006 3
-0.500039 1.4847 0.398285 3
-1.08754 2.58704 0.690575 3
-0.244282 0.496641 0.0849944 3
0.00429637 0.0334222 0.00789399 3
-0.779218 1.93461 0.625144 3
-2.06823 5.97049 0.591777 4
0.144019 -0.297567 0.128256 3
0.50069 -1.52395 0.405295 3
-0.543147 -0.530952 -0.41543 1
-0.0922065 -0.226728 -0.356598 1
-0.433927 -0.122372 0.264066 1
-0.0346161 0.143956 -0.671405 1
-0.238531 -0.308065 0.896617 1
-0.0237125 -0.0598323 -0.331604 1
-0.176598 0.00529989 -0.335574 1
-0.041921 -0.0717054 0.481401 1
0.234054 0.285042 -0.243341 1
