# 1 = ball
# 2 = lepton
# 3 = photon
# 4 = PID > 100
# 5 = neutrino
# 6 = other
-0.00352072 -0.000465929 0.0532877 3
6.65421 8.63767 1.37307 4
2.72698 1.20697 0.0395288 4
0.508982 0.569189 -0.401012 4
1.12827 0.746437 0.0155819 4
0.0180999 -0.171387 0.0604796 4
-0.259261 0.402379 -0.27337 4
-0.304493 1.33435 -0.0156629 4
-0.558535 -0.789621 -0.43197 4
-0.191143 -0.39096 0.253852 4
-3.288 -5.96782 1.03851 4
-6.51336 -13.555 0.812353 4
4.77692 7.51649 1.20701 4
1.44606 1.14743 -0.179198 4
0.149996 0.396129 0.310771 4
0.333685 0.0160538 0.0983783 4
0.0753724 0.21153 -0.161174 4
-0.142381 0.828456 0.0120006 4
-3.24231 -5.0597 0.257494 4
0.464138 0.478164 -0.0919338 3
1.74472 2.22058 0.700494 3
0.244069 0.81879 -0.650334 4
0.0230667 0.353233 -0.100989 4
-0.176009 -0.0262247 -0.0594381 3
-0.933076 0.170891 -0.342124 3
-0.202867 0.0248139 0.313891 4
0.0326175 -0.0886239 -0.131084 4
-0.477489 -0.338281 0.0508299 3
-0.402572 -0.169716 0.106812 3
-0.439 -0.278847 -0.275621 3
-1.09526 -0.532217 -0.476433 3
-1.55629 -1.63079 -0.455882 3
-1.78751 -2.07706 -0.603213 3
0.893271 1.20372 -0.0521046 3
0.843785 1.29463 0.0460566 3
-0.00531022 0.0463406 -0.0255475 3
0.435191 0.730227 -0.694831 3
0.00182259 -0.0203797 0.418224 3
-0.0855365 -0.0421106 0.184182 3
-0.119629 0.120149 -0.100064 3
-0.283493 0.17654 -0.431303 3
-1.43895 -1.68454 -0.12213 3
-0.278129 -0.273186 -0.0670029 3
0.376764 1.43638 -0.489672 3
0.166781 0.363727 -0.121096 3
-0.0208199 -0.0591228 0.00374664 3
0.135405 -0.0507357 -0.023738 3
-0.0823085 0.00612452 -0.0697588 1
0.00862214 -0.0445394 -0.26012 1
0.091442 -0.0203398 0.0444167 1
0.0327553 -0.0766094 0.103322 1
0.065349 0.143303 -0.00725176 1
-0.0125214 0.0184743 -0.010837 1
-0.046074 0.249012 -0.0361148 1
0.0103235 0.0907672 0.0563132 1
-0.0976871 0.0132411 -0.0748306 1
-0.0948302 -0.211407 0.164434 1
0.00485385 -0.138721 -0.00313014 1
0.0340165 -0.0641139 -0.20089 1
0.0324129 -0.0116035 -0.168781 1
0.332415 0.292591 -0.163297 1
-0.0242747 0.263887 0.10166 1
-0.0134523 -0.0277281 0.0122522 1
0.0438892 -0.0647007 0.0573005 1
-0.0521205 -0.0649554 -0.0263425 1
-0.00121185 0.000708604 -0.00210539 1
0.00197945 0.00926653 0.0519578 1
0.32568 0.364056 -0.166725 1
0.0664992 0.0300184 0.0179522 1
-0.00101155 -0.00122327 0.000938512 1
