# 1 = ball
# 2 = lepton
# 3 = photon
# 4 = PID > 100
# 5 = neutrino
# 6 = other
3.05024 -12.7351 3.42367 3
2.10108 4.73635 0.550213 4
-0.266321 -0.0659157 -0.284468 4
-1.97819 -2.15036 -0.705694 4
-3.2353 -3.56737 -0.84337 4
-12.8289 -12.0974 -3.90543 4
1.89875 3.39947 0.793896 4
13.5731 24.0644 4.17141 4
0.447892 0.74205 0.397889 4
0.189933 0.286464 0.206676 4
0.114568 -0.160809 0.113057 4
0.300884 -0.145996 0.0561772 4
-0.284512 -1.0501 -1.83675 4
-1.41694 -0.891058 -0.24036 4
-0.502398 -0.584544 -0.744899 4
0.947157 1.76157 -0.10132 4
-1.59367 -2.33513 -0.795877 4
0.0428854 0.225257 0.137379 4
-0.0944116 0.261785 0.127245 4
-0.0015704 0.0297796 -0.0262922 3
-0.214899 -0.0150291 -0.547852 3
0.00888264 -0.00688638 0.00587629 3
-0.258329 0.298599 0.0488218 3
