# 1 = ball
# 2 = lepton
# 3 = photon
# 4 = PID > 100
# 5 = neutrino
# 6 = other
1.04547 0.409491 0.52288 3
0.000333418 0.00224214 -0.00394436 3
0.181183 -0.0533432 -0.894069 4
0.670011 1.51455 -0.773855 4
0.496028 -0.0681111 -0.332778 4
0.205979 0.539901 0.369352 4
0.234211 -0.110023 0.00302367 4
2.60522 -2.05911 -0.0784575 4
-0.0467048 -0.220384 1.19064 4
-0.0144252 0.0666331 0.29791 4
4.17859 2.28816 11.384 4
-0.610796 0.594128 -0.953375 4
0.318 -0.0163003 -0.0142342 4
2.75469 -1.56865 -0.48363 4
0.339155 -0.759492 -0.126461 4
1.31341 -1.44091 0.199401 4
0.0399738 -0.0410509 -0.124022 4
-3.44762 0.0791084 -4.95438 4
-1.47903 -0.00692703 -2.13439 4
-2.64417 -0.0154949 -3.27367 4
-0.545223 -0.146398 -1.23627 4
-0.109584 0.0672616 -0.173329 4
-2.64597 0.355989 -3.35882 4
-1.71081 0.429653 -1.78362 4
-0.0345226 -0.228658 0.265545 4
0.0332548 -0.107018 0.154326 4
-0.0522939 -0.08144 0.0976246 3
-0.177804 -0.413352 0.123773 3
0.233419 0.129187 0.846578 4
1.8288 1.03501 4.19143 4
1.18532 0.234259 2.85674 3
1.68228 0.468713 4.37074 3
-2.06402 0.247636 -2.50871 3
-1.11214 0.0497011 -1.26151 3
-0.00259952 -0.0605554 0.0162807 3
0.0130557 -0.00671676 -0.119257 3
-0.19896 0.0974266 -0.417566 3
0.015775 0.0281358 -0.122134 3
-0.924603 0.253488 -1.01653 3
-0.311511 0.0284891 -0.415494 3
-0.576271 -0.099163 -0.957159 3
-0.58753 -0.0139202 -1.17812 3
-0.506877 0.0253116 -0.640923 3
-0.0936006 -0.0307732 -0.217208 3
-0.0205246 -0.100324 0.131347 3
-0.233704 -0.143175 0.408024 3
0.119721 0.0668027 0.20176 3
0.685449 0.0951233 1.3401 3
0.0253718 -0.00544206 0.0896206 1
0.0481225 -0.141244 -0.0409466 1
0.143633 -0.12568 0.181789 1
0.231438 -0.00372688 -0.0869691 1
0.0118374 0.00866932 0.00198436 1
-0.0556052 0.0591499 0.251085 1
-0.15405 -0.258227 -0.255862 1
0.30819 -0.0741065 0.164246 1
0.565163 0.0103375 -0.3636 1
-0.197599 -0.00868477 -0.176444 1
-0.12051 -0.0200042 0.0197682 1
0.0277732 -0.0626961 0.0538294 1
0.0355696 -0.0178523 -0.0106855 1
-0.294803 0.0949406 0.437382 1
-0.0742845 -0.0445572 0.160312 1
-0.0470809 0.064384 0.0331478 1
-0.0415915 -0.0055008 0.0879774 1
-0.0810391 -0.18928 -0.228442 1
0.170421 -0.117681 0.206626 1
-0.0861002 -0.0127786 0.0348684 1
-0.243573 -0.00672033 -0.0444873 1
0.162583 0.219589 -0.353075 1
0.0305342 0.0166752 0.0472657 1
-0.0781827 0.0396055 0.233227 1
0.0112367 0.0839545 0.104135 1
-0.0117309 -0.230891 -0.0427996 1
-0.135133 -0.2172 0.358914 1
-0.0868453 0.189316 0.0132928 1
-0.0686317 0.0397675 -0.144604 1
-0.0403775 0.0141699 -0.0757033 1
0.104887 -0.125814 0.0604705 1
-0.0182665 0.0264559 0.0275771 1
-0.190452 -0.253171 -0.0350122 1
0.0723754 -0.17611 0.0795228 1
-0.0259169 -0.0325887 -0.0534432 1
0.00915482 0.00681413 -0.0369779 1
0.0422805 -0.104816 -0.109542 1
0.0231264 0.0435753 -0.00501718 1
4.8175e-05 0.00226046 -0.00100111 1
