# 1 = ball
# 2 = lepton
# 3 = photon
# 4 = PID > 100
# 5 = neutrino
# 6 = other
1.05975e-05 6.16057e-07 -0.0002067 3
13.1394 -9.12055 23.4116 4
1.98031 -0.975443 2.41588 4
0.88059 -0.69734 2.28083 4
0.306635 0.139971 -0.151137 4
-2.19065 -0.420148 -2.53397 4
-0.261928 -0.247736 -1.59874 4
-0.276637 0.817583 -0.871847 4
-1.62493 2.1017 -2.21081 4
-0.361903 2.15675 -1.56845 4
-2.37035 6.05741 -6.77313 4
2.0446 -0.279766 2.01806 4
0.48841 0.0243787 0.781101 4
-0.179841 0.000177779 0.161826 4
0.772089 -0.52818 -0.0433893 4
-2.25193 0.0588327 -2.90986 4
-0.816274 1.6687 -2.08503 4
0.0558573 -0.0849691 0.0682368 3
0.245197 -0.229509 -0.0165504 3
0.0723992 -0.398753 -0.919931 3
-0.0460704 -0.585546 -1.19218 3
-0.110033 -0.0213683 0.0446691 3
-0.272032 0.0698618 -0.0630603 3
-2.5647 -0.312067 -2.39402 3
-1.3894 -0.113365 -1.89347 3
-0.214205 0.0826038 -0.535534 3
-0.113839 0.141958 -0.268081 3
0.0740959 0.0354569 -0.0774035 3
-0.0481061 0.0889426 -0.0565579 3
-0.150866 0.111248 -0.183869 3
0.00997533 -0.0237852 -0.0341874 3
-0.297615 0.475664 -0.446394 3
-0.394742 0.247584 -1.19095 3
-0.154477 -0.379279 -0.243223 1
-0.243749 0.1838 0.394596 1
-0.109519 -0.314475 -0.947156 1
-0.293283 -0.343194 0.102163 1
-0.362038 -0.0793614 0.23187 1
-0.685536 -0.00991022 -1.50852 1
-0.414202 -1.00265 0.384386 1
-0.676718 0.523207 0.141919 1
-0.492861 -0.300705 -0.44072 1
0.0902286 0.913492 0.517009 1
0.166637 -0.592154 -0.0725271 1
-0.863603 1.21334 0.388333 1
-0.101466 -0.0528074 -0.113583 1
0.0071048 0.00041302 0.0019998 1
