# 1 = ball
# 2 = lepton
# 3 = photon
# 4 = PID > 100
# 5 = neutrino
# 6 = other
10.721 -10.2528 17.4187 2
0.372098 0.853408 -25.6493 2
-0.0970941 0.202673 4.19062 3
-8.2493 7.82791 3.66713 4
-4.41209 4.84263 0.899332 4
-0.360366 -0.0862749 0.297694 1
0.153335 0.625759 0.0119608 1
-0.574742 -0.303104 0.575542 1
-0.12118 -0.519706 0.051329 1
0.287088 0.570963 0.0328513 1
0.561952 -0.553809 -0.00691935 1
-0.321856 0.441476 -0.128725 1
-0.270338 -0.545173 -0.455581 1
-0.0939946 -0.319963 -0.00815453 1
-0.211675 0.0575015 -0.012412 1
-0.0142319 -0.0754879 -0.169422 1
0.929856 0.133036 0.214585 1
-0.56719 0.436118 0.174364 1
0.207901 -0.810409 -0.0594679 1
1.03326 -0.871711 -0.086176 1
-0.290492 -0.0237718 -0.376351 1
0.0587712 0.310674 -0.745539 1
0.0583303 0.0425833 -1.47863 1
0.302027 -0.613883 0.178221 1
-0.359681 0.151755 -0.00251231 1
0.475335 -1.0245 -0.362254 1
0.332997 -0.186229 -0.506717 1
-0.0087397 -0.00440921 -0.0333555 1
-0.204406 -0.139581 -0.0157268 1
0.122267 0.4506 -0.0734025 1
-0.260432 -0.0317079 0.145388 1
0.21087 0.0220042 0.0506854 1
0.082308 0.236094 0.183239 1
0.64191 -0.115453 0.607515 1
-0.13353 -0.727195 1.47151 1
