# 1 = ball
# 2 = lepton
# 3 = photon
# 4 = PID > 100
# 5 = neutrino
# 6 = other
-0.00359822 0.00485794 0.00552141 3
-0.57741 1.63813 -5.26654 4
-0.604438 0.716452 -0.384142 4
0.0113557 -0.010395 -0.256981 4
0.040843 0.381195 0.476779 4
-0.208912 -1.16459 1.00921 4
0.290461 0.0621709 0.967584 4
0.448312 -0.466336 1.69077 4
0.916606 -1.50586 3.49588 4
0.0218894 0.717643 -2.73965 4
0.104104 0.340866 -0.132051 4
-0.504454 -0.663742 0.887614 4
-0.301234 -0.0279045 2.61752 4
0.00373078 -0.230729 0.422073 4
-0.184682 0.23272 -1.70152 3
-0.235002 0.612938 -3.62451 3
0.11745 0.592899 -0.882888 4
0.00752376 0.734149 -0.856112 4
-0.146025 -0.00595243 -0.169633 3
-0.534656 1.3776 -2.18346 3
-0.0368931 0.0453206 -0.351869 4
-0.0342463 0.287039 -0.00798521 4
-0.47774 0.5482 1.41009 3
-0.0772533 0.105563 0.402365 3
0.666844 -0.9979 2.50036 4
1.2274 -1.77456 4.07103 4
-0.41365 0.451052 -2.50871 3
-0.621798 0.915591 -4.19583 3
-0.187379 0.829719 -1.81305 3
-0.153806 0.304504 -0.77037 3
-0.139799 -0.25728 0.783304 3
-0.419466 -0.387294 1.61375 3
1.07058 -1.68508 3.92815 3
0.95128 -1.58638 3.91417 3
0.00813135 -0.00860246 -0.0587203 3
-0.020169 0.385933 -0.957738 3
0.0518976 0.142076 -0.531404 3
-0.015477 0.738298 -2.18528 3
0.0122745 0.265596 -0.709405 3
0.0727832 0.434294 -0.778057 3
0.10329 0.142523 -0.366261 3
0.0950987 0.408278 -0.6175 3
0.0184052 -0.092845 0.0939784 3
-0.0144129 0.0347354 -0.00579155 3
-0.0759945 0.0251943 0.0148611 3
-0.0429883 -0.0592802 -0.091249 3
-0.048644 -0.0561194 -0.0540823 3
-0.102839 0.0727293 -0.038047 3
-0.251289 0.182594 0.0738979 3
0.233942 0.20486 -0.182836 3
0.539715 -0.765756 1.89578 3
0.20769 -0.277692 0.535801 3
0.189997 -0.424583 0.805353 3
-0.0150822 -0.0914756 0.224299 3
0.0305506 -0.0215853 0.207907 3
0.188274 -0.358264 0.825037 3
0.85601 -1.0139 2.24078 3
0.0325891 -0.0645694 0.183529 3
0.0972434 -0.0798606 -0.149738 1
0.111633 0.0144001 -0.196098 1
-0.534736 0.27545 -0.256076 1
0.00805662 -0.31713 -0.184575 1
-0.291042 0.488377 1.2915 1
-0.0720524 0.203286 -0.932872 1
-0.0417754 0.269144 -0.648523 1
0.368721 0.555902 -0.0609287 1
-0.00205319 0.209259 -0.136923 1
0.0776117 -0.100612 -0.245387 1
-1.15676 -0.130213 0.0122897 1
0.096022 -1.07894 -0.649981 1
0.221571 0.600423 -0.303121 1
-0.801677 -0.868854 -0.221289 1
-0.150456 0.0223352 -0.193996 1
