# 1 = ball
# 2 = lepton
# 3 = photon
# 4 = PID > 100
# 5 = neutrino
# 6 = other
-0.0207469 0.018425 0.484208 3
-0.000347588 0.00296125 0.00464727 3
3.46728 -6.22244 -3.4167 4
2.5255 -4.67161 -2.60783 4
0.778166 -1.83276 -1.73952 4
0.202782 -0.157718 0.621465 4
-0.860252 1.99338 0.717547 4
-5.74372 11.4526 5.79275 4
-6.12988 12.8698 6.83682 4
0.814617 -1.24709 -0.210583 4
-0.0952892 -1.02237 -1.12185 4
-1.68754 2.41921 0.548965 4
-0.394416 0.203094 0.242252 4
-1.59622 3.562 1.67998 4
-0.0658193 0.327678 0.0121766 4
7.8368 -13.9576 -7.5875 4
0.748319 -1.36158 -0.816168 3
0.238719 -0.703013 -0.245486 4
0.0619527 -0.0266475 0.0458349 3
-0.156842 0.30713 0.191617 3
-0.194345 0.179302 0.164577 2
-0.127267 0.124595 0.111112 2
0.0499797 -0.345367 -0.351864 3
0.0635527 -0.673923 -0.442914 3
-0.154255 -0.415658 0.267384 3
-0.0326223 -0.401008 0.167885 3
0.00731767 0.073551 -0.0252294 1
0.00415154 0.0513692 0.387708 1
0.174781 -0.144932 0.00737405 1
-0.06334 0.00151546 -0.00804757 1
0.0017615 -0.0209806 0.0406615 1
-0.13143 -0.180686 0.0445873 1
-0.011275 0.0342526 0.239181 1
-0.106056 0.257095 -0.00264604 1
-0.0161827 -0.0232527 -0.0326477 1
0.0410215 0.0235831 -0.174871 1
-0.109936 0.0200585 0.0304646 1
0.0241266 0.0357233 0.00827859 1
0.104336 0.0524483 0.0624314 1
-0.0401639 -0.0408634 0.0477201 1
-0.0443976 0.0479033 -0.129831 1
-0.000155647 0.0823601 -0.0267537 1
0.0134051 -0.176509 0.0470287 1
0.0591019 -0.0898347 0.275393 1
0.139787 -0.093729 -0.0971749 1
0.385608 -0.14256 0.00945432 1
0.0476617 -0.193145 -0.0739852 1
-0.00745109 0.00453301 0.0231486 1
-0.000764085 0.000682332 -0.00105437 1
