# 1 = ball
# 2 = lepton
# 3 = photon
# 4 = PID > 100
# 5 = neutrino
# 6 = other
5.09364 5.66498 7.36544 4
5.04722 5.06894 7.35574 4
0.257594 1.00788 1.03529 4
0.767433 1.14603 0.883306 4
-0.506619 1.50244 1.30279 4
-0.771713 0.632934 -1.24624 4
-0.930642 1.21462 -1.33992 4
-2.35078 -2.4517 -3.10016 4
5.38223 5.66544 8.33665 4
2.2765 2.11615 3.22513 4
-0.320503 -1.0918 -1.25791 4
-0.689755 -1.03842 -1.27469 4
-0.285836 -0.299484 -0.752921 4
-2.61338 -3.41094 -3.94214 4
0.233903 0.305693 0.38728 4
0.266012 0.321117 0.512689 4
-0.0137111 -0.586605 -0.329068 3
0.00273016 0.00607374 0.00232377 3
-7.36083 -10.0655 -11.2855 4
-1.87584 -2.466 -2.70899 4
0.694752 0.453043 0.642851 3
0.0783772 0.0640079 0.146028 3
-1.17222 -1.72673 -1.87098 3
-1.20857 -2.03223 -2.087 3
