# 1 = ball
# 2 = lepton
# 3 = photon
# 4 = PID > 100
# 5 = neutrino
# 6 = other
4.73124 0.76483 3.40178 4
2.30841 0.731881 1.43905 4
1.81448 -0.428209 0.863795 4
0.304736 0.122502 0.729728 4
-0.914883 -0.369955 -0.678843 4
-0.301688 -0.0334166 -0.995201 4
-1.21834 0.220179 -0.980474 4
-0.0768538 -0.312179 -0.0660824 4
0.159276 0.0777289 0.157248 3
-0.312183 0.109034 0.131585 4
-0.190642 -0.118389 0.0113429 4
-3.75993 -0.583534 -2.75671 3
-0.692713 -0.127029 -0.579476 3
-0.240399 -0.060685 -0.275715 3
-0.0614074 -0.0777414 -0.0658368 3
-0.0453457 -0.451064 -0.481307 3
8.87456 0.307195 6.70938 4
1.50569 0.109347 1.02202 4
0.51967 0.122927 0.413305 3
0.769859 0.0782958 0.768242 3
0.355313 -0.0323692 0.279387 3
0.4374 0.068834 0.488584 3
0.417865 0.108233 0.380251 3
0.136883 0.12402 0.16354 3
-0.394146 0.0372292 -0.389886 3
-0.0569491 -0.0109433 -0.00285505 3
-0.0541155 0.0171615 -0.01397 3
-1.29143 0.129121 -0.971527 3
-0.774941 -0.0727898 -0.396721 3
-0.443795 0.00719973 -0.331817 3
-0.308307 -0.0688016 -0.220113 3
-0.894793 -0.00481308 -0.479631 3
7.58991 0.725149 6.4562 4
2.93649 0.656785 2.37519 4
-1.3759 -0.137225 -1.38949 3
-2.21174 -0.362313 -2.11523 3
-14.4089 -2.02561 -9.74043 3
-3.25287 -0.483363 -2.27249 3
-0.222234 0.0598437 0.0940106 1
-0.0305918 0.154258 -0.0498846 1
-0.198468 0.126601 -0.625928 1
-0.198813 0.172903 -0.146373 1
0.224567 0.0374768 -0.0480825 1
0.134786 0.0307378 0.201002 1
0.373782 -0.243944 0.288559 1
0.115144 0.0597261 0.110451 1
0.0736219 -0.254807 -0.0209294 1
-0.16898 -0.00177711 -0.150954 1
0.302095 0.145975 0.122961 1
0.0746333 0.107591 0.0295061 1
0.0759898 0.583645 -0.558718 1
-0.134358 0.266562 0.166533 1
-0.000680836 -0.00201224 0.000950265 1
