# 1 = ball
# 2 = lepton
# 3 = photon
# 4 = PID > 100
# 5 = neutrino
# 6 = other
-0.0623338 0.174893 -0.0986471 3
-0.0926687 0.0934283 -0.0898724 3
-5.32974e-05 0.00227374 9.11845 3
-0.000964058 -0.00106736 1.17357 3
1.64942 -0.712915 1.02255 4
-2.89661 0.908979 -2.3884 4
-5.07112 3.00659 -5.20246 4
1.12158 -0.148228 0.647963 4
2.96431 -1.10188 2.44513 4
0.188392 -0.0391196 0.0383915 4
1.66171 -1.4633 1.97422 4
0.269018 -0.0288966 0.180242 4
-1.20637 1.11385 -1.85316 4
-0.133227 0.0398939 0.00069092 4
1.82665 -1.27166 2.10262 3
0.806049 -0.45874 0.907598 3
-1.97259 0.424545 -3.61378 4
-1.79679 0.60001 -3.48243 4
-2.69879 0.893581 -2.81974 3
-3.29816 0.936648 -3.42081 3
4.05915 -1.31326 3.29211 3
5.3088 -1.82192 4.4821 3
-0.489127 0.10595 -0.879544 3
-0.142879 0.0969099 -0.222891 3
0.043738 0.0225164 0.553627 1
1.51171 -1.11043 -1.53828 1
0.29085 -0.325472 0.26102 1
0.0688098 0.119306 -0.0169371 1
0.328602 0.177611 -0.849525 1
-0.0859249 -0.0798239 -0.157809 1
-0.132911 0.0842603 -0.0885134 1
-0.149176 0.190854 0.393221 1
0.197651 0.190774 -0.0511905 1
0.0192348 0.431919 0.092311 1
-0.262035 0.837069 0.900029 1
0.408273 -0.199706 -0.412637 1
0.406375 -0.230703 0.403703 1
-0.143567 0.0146164 -0.128968 1
0.177404 -0.30594 -0.352556 1
-0.147318 0.0430756 -0.119684 1
-0.117421 0.0868854 -0.0294297 1
-0.452282 -0.241459 -0.117891 1
-0.00942375 0.218948 -0.0955244 1
0.128427 0.458354 -1.19711 1
0.0716114 -0.158323 0.00374076 1
-0.507708 -0.517444 0.00836376 1
-0.242615 -0.426001 -0.314827 1
-1.18709 -0.0527453 -0.021731 1
-0.355384 -0.219352 -0.10298 1
0.0337459 -0.419098 0.20246 1
0.167377 -0.0633473 -0.0646038 1
0.249871 -0.0320082 -0.330737 1
-0.0069017 0.0330781 0.0967784 1
-0.285891 -0.164324 0.0612063 1
-0.708976 0.729477 -0.261849 1
0.286788 -0.307697 -0.23172 1
0.109129 0.680445 0.220635 1
0.0928849 0.00286021 -0.188536 1
0.20875 0.495256 0.162039 1
