# 1 = ball
# 2 = lepton
# 3 = photon
# 4 = PID > 100
# 5 = neutrino
# 6 = other
-0.303207 0.023561 -1.11643 4
0.182468 -0.0187639 -0.958792 4
-0.0305382 -0.52773 -2.99938 4
-0.289622 -0.169126 -0.79366 4
-0.264087 -0.361391 -1.56392 4
-0.332017 0.281848 -0.284075 4
0.118622 -0.0998659 -0.0798782 4
0.180385 0.0421707 -0.851977 4
0.0432533 0.331231 -0.0646968 4
0.0531228 0.592811 1.03459 4
-0.252027 0.373081 0.919798 4
0.228184 0.351853 3.16905 4
0.599585 1.10441 4.02671 4
0.227194 0.46899 3.66694 3
-0.0229418 -0.0238136 -0.445506 3
-0.117705 0.187323 -3.28233 3
0.241453 -0.118378 0.506128 3
0.121188 0.016655 0.378272 3
-0.0266003 -0.0755004 0.233791 3
-0.0267157 0.0429216 0.440139 3
0.141607 0.187382 0.356559 3
0.0423993 0.151364 0.458724 3
-0.261326 -0.478072 -3.89643 4
-1.46922 -2.11572 -13.0966 4
0.0380182 -0.170702 -0.980837 4
0.637511 1.99247 10.4399 4
0.546876 0.541097 3.71023 4
-1.7361 -1.99971 -11.5346 4
0.250648 0.560593 3.61373 4
-0.0420946 0.18668 1.43137 4
0.270991 0.34846 3.26713 3
0.367372 0.262833 3.66972 3
0.538795 -1.11985 0.230818 1
-0.109281 -0.0101111 0.115242 1
-0.200528 -0.101738 0.470354 1
0.102961 -0.63655 0.158486 1
0.194868 0.184842 0.166612 1
-0.013633 0.115184 0.495194 1
0.619124 -0.0699762 -0.511032 1
0.213257 -0.34149 -0.334236 1
-0.460809 0.0876676 -0.164231 1
-0.00143023 0.00305851 -0.0010139 1
