# 1 = ball
# 2 = lepton
# 3 = photon
# 4 = PID > 100
# 5 = neutrino
# 6 = other
-1.76037e-06 2.04219e-06 -0.000491476 3
2.2042 -0.989445 2.22709 4
0.619808 -0.503445 0.772686 4
2.2836 -1.22664 0.224879 4
-0.471975 -0.275193 -0.432922 4
-0.688639 -3.35162 -2.1288 4
-1.32009 1.77842 -0.37507 4
-4.66814 10.74 -1.21091 4
-2.09497 2.74249 -0.690686 4
0.0725776 0.952291 -0.14565 4
0.973179 0.414765 1.03569 4
0.915701 0.186236 1.18433 4
2.04637 -0.425017 2.60635 4
1.77048 -0.86432 1.7774 4
-0.190435 0.125304 0.0702011 4
-2.89088 7.01367 -0.716468 4
-0.133087 0.157445 -0.248755 4
-0.0877102 -0.170143 -0.547415 4
-0.181295 -0.527896 0.0340259 4
-0.523066 0.128654 0.104794 4
-0.639798 -0.106035 -0.211456 4
0.423941 0.0874398 0.660768 4
0.0289152 -4.20977 -2.02694 4
-0.539814 0.00612046 0.216557 4
0.668654 -0.464542 -0.0223948 3
0.0349222 0.00549936 0.201168 3
-0.792503 -4.00199 -2.31579 4
-0.347975 -2.5797 -1.55251 4
-0.49319 0.303592 -0.133538 3
0.474531 -0.451527 0.548879 4
1.24219 -0.554703 1.68958 4
0.954967 0.0166022 0.58922 3
0.626073 -0.0339614 0.509252 3
0.340896 -0.113932 -0.0734033 3
0.692502 -0.316404 0.024284 3
-0.0791623 -0.713214 -0.646878 3
-0.0465507 -0.0542313 -0.0564425 3
-0.917913 0.249753 -0.14369 3
-0.0242824 0.0203756 -0.0276352 3
0.196667 -0.780152 -0.0526286 3
0.00033436 -0.167315 -0.0579096 3
0.324937 -0.201596 0.329525 3
0.373299 -0.401111 0.382682 3
-0.0661507 -0.520878 -0.435893 3
0.0222344 -0.985337 -0.676811 3
-0.209392 0.234157 -0.335347 4
-0.151417 -0.0293726 0.0580598 4
0.092076 -0.0607969 0.254465 3
0.564139 -0.149386 0.832623 3
-0.101351 0.0756691 -0.0942837 3
-0.576805 0.326859 -0.163587 3
-0.16286 -0.0452959 0.0658571 1
0.0234035 0.14091 0.0431286 1
-0.0732127 0.0287422 0.154331 1
0.00507715 -0.00247311 -0.25518 1
0.0394915 -0.00512847 -0.0237859 1
-0.170439 -0.18526 -0.033905 1
-0.371482 0.166483 0.0120993 1
-0.1306 0.0786271 0.00244801 1
0.0456195 0.022245 -0.00513474 1
0.106477 -0.0361034 0.00701905 1
0.296116 -0.0526958 -0.0174167 1
0.244946 0.307963 -0.442687 1
0.00085338 0.0571795 -0.014162 1
-0.020456 -0.0162736 -0.0456265 1
0.0706317 -0.0469002 0.0412398 1
-0.188704 -0.246962 -0.15561 1
0.0216816 0.0174667 -0.0961903 1
0.0875765 0.00653775 0.0308648 1
0.236062 -0.0115609 0.117401 1
0.0327721 -0.00575018 -0.0448593 1
0.014938 -0.0682836 0.0398405 1
0.0456136 0.0683388 0.0447617 1
0.200896 0.117376 -0.167053 1
0.0387754 -0.0312636 0.200546 1
0.0251706 -0.189082 -0.0449691 1
-0.026895 0.014167 -0.00533608 1
-0.115983 -0.0325125 0.170506 1
-0.147483 -0.153746 0.17753 1
-0.100266 0.0988885 0.249709 1
0.26767 -0.150264 -0.480455 1
-0.0677375 -0.0510126 -0.0147542 1
0.0224744 0.0907826 0.0717349 1
-0.0164225 -0.386716 -0.06097 1
0.0103225 0.127848 -0.103698 1
0.0938895 0.0360783 -0.0630141 1
0.0631255 0.047791 0.0152377 1
0.0093591 -0.0104675 0.0461709 1
-0.140321 -0.338533 -0.229194 1
0.0198167 0.302554 0.00198366 1
-0.000497431 0.000577064 0.0013926 1
