# 1 = ball
# 2 = lepton
# 3 = photon
# 4 = PID > 100
# 5 = neutrino
# 6 = other
0.000752958 -0.00434589 -0.00381444 3
-0.000779972 0.000426297 0.000399981 3
-0.436775 0.00227505 0.127645 4
0.776826 -0.945849 3.13299 4
1.12646 -0.369381 1.64902 4
-0.202303 0.874916 1.53402 4
0.223841 -0.633597 1.79705 4
0.556601 -0.20539 1.45863 4
-0.00203829 0.0120267 -0.0128723 3
0.0924098 -0.264147 -0.126763 4
-0.191534 -0.0636303 -0.0128005 4
0.0266778 0.049992 -0.111535 3
-0.10277 0.181132 -0.922667 3
-1.16555 -1.94509 -15.7884 4
-0.27879 0.202407 -0.414554 4
-0.104989 -0.490548 -0.135958 3
-0.0240297 -0.315359 0.0132589 3
0.302326 -0.448414 0.447365 3
-0.013413 -0.0272404 0.0135832 3
0.0199896 -0.0227183 -0.00173239 3
0.273417 -0.334454 0.550889 3
0.386953 -0.199561 0.352324 3
0.173123 -0.20091 0.177635 3
-0.0100692 0.147991 0.92602 4
-0.390833 1.7881 4.73897 4
0.137749 -0.540928 -4.53292 4
0.0932248 -0.178653 -0.383495 4
-0.0843841 0.0857177 0.375284 3
-0.0434709 0.0314894 0.784598 3
-0.368968 -1.03079 -10.0867 4
0.235576 0.232659 -2.26986 3
0.132185 0.0454689 -0.612816 3
-0.0379777 -0.417887 -2.97965 3
-0.0694383 -0.159135 -1.81201 3
-0.400518 0.0569535 3.74153 4
0.101256 0.371142 3.08769 4
0.388969 0.840906 2.27948 4
-0.00337631 -0.00338133 0.0108395 3
-0.835901 0.894341 7.71446 3
-0.61583 0.584276 3.86167 4
-0.0987457 0.0849824 0.402133 3
-0.197424 0.493882 1.33853 3
-0.361609 0.501233 0.536153 1
-0.00630115 0.20257 -0.106398 1
0.14519 0.601621 0.205785 1
0.866738 0.328351 0.096331 1
-0.176856 -0.0831858 -0.257366 1
0.0446641 -0.0957253 -0.0940607 1
0.160356 0.0289397 0.0127795 1
-0.00719788 -0.0901882 0.203374 1
0.235372 0.548618 -0.0919464 1
0.0918096 -0.0383174 -0.424177 1
-0.360593 -0.0836015 -0.387944 1
