# 1 = ball
# 2 = lepton
# 3 = photon
# 4 = PID > 100
# 5 = neutrino
# 6 = other
-0.00804728 0.0140987 0.197144 3
0.372737 -0.359578 -0.414889 4
0.541056 -0.280552 -1.13948 4
-0.0526918 0.160042 -0.702506 4
-0.0749072 0.685156 0.45094 4
0.151812 -0.244102 1.26947 4
0.0525506 0.623344 1.68466 4
-1.08527 3.0768 4.58457 4
-0.839955 4.85555 4.84371 4
-0.157036 0.363024 0.730609 4
-0.168054 -0.38778 -0.232439 4
0.132281 -1.65133 -2.46598 4
-0.0776334 0.0234607 -0.0698707 3
-0.214703 -0.156109 -0.152576 3
0.0370447 -0.0703078 0.0199802 3
-0.108546 -0.335757 0.169742 3
0.0163348 -0.236061 -0.0185283 4
1.13608 -0.07972 -0.387408 4
0.0169416 0.0785577 0.00749509 3
-0.00950698 0.0442623 -0.134065 3
-0.0690135 0.424834 1.51818 4
-0.0755111 0.125816 0.131853 4
-1.40559 3.7813 5.68522 4
-0.533657 2.22747 3.45049 4
-1.52197 5.19668 5.56525 4
0.179251 0.0264849 -0.0644725 3
0.09619 0.0992289 0.0285397 3
1.19894 -7.89301 -10.7184 4
1.79114 -10.4073 -13.9291 4
0.00264592 -0.0560486 -0.0222906 3
0.24313 -1.00491 -1.07442 3
-0.00811674 0.0266867 -0.0135844 3
0.0144981 0.252477 0.285998 3
0.190061 0.178218 0.0484097 1
-0.184279 0.231724 0.238056 1
0.171746 0.0880231 -0.311065 1
0.137819 -0.108056 -0.148312 1
0.101772 -0.079571 0.0644736 1
-0.572044 -0.0224836 -0.043879 1
0.212321 0.50259 -0.239548 1
0.0643519 -0.0241408 0.132026 1
-0.094912 0.37584 0.459294 1
0.157908 0.892811 -0.124735 1
0.147267 0.00187731 -0.0560698 1
0.177697 -0.0867891 -0.215493 1
-0.182323 0.136631 -0.0802455 1
0.156791 -0.587905 0.26677 1
0.100768 0.12854 0.0510723 1
0.0682108 -0.0137794 0.0340018 1
0.38766 0.201555 -0.112148 1
0.112931 0.800387 0.0951739 1
-0.481217 -0.0483654 0.276736 1
0.051964 -0.744562 -0.125499 1
-0.296921 -0.74525 0.707212 1
