# 1 = ball
# 2 = lepton
# 3 = photon
# 4 = PID > 100
# 5 = neutrino
# 6 = other
12.9271 8.67199 5.23929 4
3.48225 1.84691 1.54238 4
0.88243 0.81757 0.646203 4
2.17903 1.03374 1.22985 4
0.712296 -0.299146 -0.0155361 4
0.869773 -0.379909 -0.494716 4
-1.35352 -1.49189 0.0515088 4
-1.48912 -0.905516 -0.401927 4
-5.13316 -2.28248 -2.42813 4
-1.80497 -1.41309 -1.01659 4
-5.45342 -3.18451 -2.08791 4
-4.1393 -2.59426 -1.41641 4
5.43432 3.92279 2.40999 4
-14.1305 -8.57279 -5.99781 4
1.41686 0.928138 0.628028 3
8.11444 5.50852 3.33736 3
-1.73408 -1.0859 -0.904743 3
-0.780478 -0.520175 -0.320864 3
