# 1 = ball
# 2 = lepton
# 3 = photon
# 4 = PID > 100
# 5 = neutrino
# 6 = other
-1.19128 0.441297 0.693531 4
-2.33694 0.375611 -0.442718 4
0.15414 0.333037 -0.153024 4
-1.30551 0.651265 0.760718 4
-0.924153 0.524005 0.969276 4
1.26198 0.246021 1.2637 4
3.48072 -1.84882 -1.72513 4
2.97905 -2.16656 -1.27719 4
-3.65503 1.89625 -0.282523 4
-10.5311 3.97852 -1.04088 4
-0.247522 0.892388 0.686155 4
0.158967 -0.327306 1.16812 4
0.0584117 0.278208 1.31206 4
0.568819 -0.132507 0.394648 4
2.51656 -1.27371 -1.3901 4
2.48065 -0.993802 -0.637499 4
2.94183 -1.85449 -1.31161 4
-0.329138 0.126516 0.0361394 3
-0.335405 0.283395 0.0087943 3
-0.00769986 0.150883 0.557541 4
0.238321 -0.0332882 1.26659 4
1.97555 -1.23423 -1.05928 3
4.3444 -2.53249 -2.42459 3
-0.0877409 0.0496003 0.0338264 3
-1.08621 0.189767 0.12158 3
-2.11712 1.08228 -0.27662 3
-0.684102 0.37206 -0.166243 3
-0.106863 -0.03519 0.122819 3
-0.330114 0.000840363 0.111277 3
0.808717 0.358423 1.10992 3
0.00104137 0.0187375 0.0209259 3
0.224591 0.0149599 0.117108 3
0.0296874 0.040911 -0.0211947 3
0.839026 -0.269156 1.85563 3
0.15897 0.000813961 0.274179 3
0.262505 -0.0255416 -0.0575201 3
0.536627 -0.19461 0.0140809 3
0.0606094 -0.146505 0.872173 3
0.103981 -0.204055 0.6164 3
0.0704862 0.030471 0.224771 3
0.105671 -0.0293428 0.0650657 3
0.0857693 -0.00249185 0.0214994 3
0.00551933 -0.0522831 0.131718 3
0.168065 0.0616278 0.209189 3
0.163109 0.17601 0.137681 3
0.448509 0.145289 -0.019636 1
0.111905 0.0833599 -0.0266453 1
-0.946368 -0.732089 -0.0486894 1
-0.472901 -0.05365 -0.662782 1
-0.144186 -0.0464699 -0.0116959 1
-0.374362 0.105147 -0.131415 1
-0.0264909 0.225701 -0.266393 1
-0.0628641 -0.191738 -0.303216 1
0.446467 -0.107787 0.13386 1
-0.105382 0.0343456 -0.0350878 1
0.264813 -0.0406328 -0.139998 1
-0.491572 -0.199435 0.371902 1
-0.527337 -0.302263 -0.727755 1
0.095989 0.23716 0.321955 1
0.118857 0.00790234 0.198896 1
0.0470817 -0.195574 -0.219609 1
1.13306 0.138819 0.157529 1
-0.893289 -0.280554 -0.562129 1
0.301519 0.733138 -0.0259713 1
0.0430987 0.174833 -0.146788 1
-0.0909172 -0.0503494 0.198803 1
0.654466 0.240291 0.0400412 1
-0.41804 0.193829 -1.33116 1
-0.000829611 0.144673 -0.136867 1
-0.790507 0.171541 -0.238248 1
-0.342085 0.278977 0.137761 1
0.163956 0.25014 0.0623605 1
0.165888 -0.0567944 -0.13806 1
0.603288 -1.2126 0.731561 1
-0.839447 0.0861015 0.860672 1
0.110635 -0.0445245 -0.188419 1
0.0703692 0.11077 -0.120723 1
0.0555993 0.0715612 -0.253608 1
-0.00466276 0.393606 -0.162813 1
0.18794 0.469763 -0.228646 1
