# 1 = ball
# 2 = lepton
# 3 = photon
# 4 = PID > 100
# 5 = neutrino
# 6 = other
0.698533 2.8366 -2.03822 3
0.819208 0.511305 -1.45798 4
0.140269 0.260363 -0.463691 4
0.388352 0.333753 -0.696975 4
-0.50401 -0.054613 -0.128205 4
-0.235102 -0.574149 -0.146779 4
-0.53634 -0.284713 0.750139 4
0.286068 -0.0560323 -0.22815 4
0.0996659 0.453413 -1.994 4
-0.135622 -0.293892 1.53683 4
-0.106836 -0.284347 1.15979 4
0.298346 0.33128 -1.07453 4
0.506326 1.03703 -2.18628 4
-0.0504388 -0.152255 0.482154 4
-0.499146 -0.986698 0.916098 4
-0.0199304 -0.00948413 0.0398381 3
0.202396 -0.292154 0.658856 3
-0.00840725 -0.0336727 0.08744 3
-0.945097 -1.20792 2.44556 3
2.07973 4.00712 -10.1219 4
2.20888 3.52268 -8.42972 3
1.02107 1.55079 -3.94927 3
0.265111 0.295091 -0.919156 3
1.52991 2.09199 -5.45623 3
-0.212079 -0.190036 0.180488 3
-0.244267 -0.12427 0.323153 3
-1.83769 -4.21896 10.9891 4
-0.808459 -1.61253 3.83102 4
-1.64636 -2.48302 5.70694 3
-2.75409 -4.37267 10.1837 3
