# 1 = ball
# 2 = lepton
# 3 = photon
# 4 = PID > 100
# 5 = neutrino
# 6 = other
-1.63011 3.86828 -5.03517 4
-0.561747 1.12871 -1.93165 4
-0.574305 1.3167 -2.00472 4
0.826444 0.136526 -1.00158 4
1.36648 1.75292 -2.66956 4
3.71539 1.9655 -3.87563 4
-0.455267 0.201947 -0.0969053 4
0.707673 0.379494 -2.69047 4
0.519539 0.560864 -0.635784 4
1.60191 1.01619 -2.97854 4
-1.90671 -3.96586 6.87765 4
-0.798376 2.01707 -2.8031 4
-0.292772 1.55668 -1.91392 4
-0.0771056 -0.186649 -0.0643364 4
-0.107367 -0.360158 -0.242179 4
0.470571 0.160496 -0.189287 3
-0.111011 -0.555107 0.587823 3
-0.146243 -0.451323 0.345427 3
0.0159323 -0.432963 0.538121 3
-0.0486659 -0.357146 0.295734 3
-0.340145 -0.844432 1.49426 3
-1.09648 -2.46283 4.84462 3
-0.879314 -2.40103 3.29902 4
-0.181603 -0.652319 0.875129 4
0.284532 0.235374 -0.267952 3
0.153673 0.0185921 -0.104391 3
-0.22754 -0.545549 0.860532 3
-1.32557 -2.77704 4.0256 3
-0.0394337 0.0665992 -0.268621 3
-0.0700427 0.102521 -0.0899386 3
0.0832961 0.0367492 -0.0135244 3
0.219733 -0.118373 0.00613952 3
-0.0954449 -0.0614599 0.271419 3
0.0382082 -0.041741 0.0591555 3
-0.021923 -0.169291 0.268749 3
-0.415338 -0.963933 1.98267 3
0.63142 -0.0687815 0.0573896 1
0.214062 0.0790551 0.248996 1
-0.10049 0.391799 -0.437193 1
-0.0417418 -0.371787 1.10308 1
0.332865 0.210604 0.318296 1
0.00143604 0.18172 0.342184 1
-0.130348 0.123365 -0.0322554 1
0.104956 -0.0770984 0.0416147 1
-0.649549 0.0821157 0.683715 1
1.00168 0.27044 0.621983 1
0.163996 0.325452 -0.470448 1
0.551826 0.0783633 -0.54617 1
-0.0725654 0.0362062 -0.0699581 1
0.318534 -0.483685 -0.807336 1
0.185202 0.240831 0.300296 1
0.092161 -0.159238 -0.034448 1
0.034861 -0.0548385 0.355334 1
0.111149 -0.274695 -0.806348 1
0.122 0.489951 -0.205659 1
-0.425216 -0.494936 -0.1901 1
-0.155696 -0.0990076 0.378441 1
-0.0235676 0.0385567 -0.195567 1
0.185621 -0.333199 0.175929 1
0.00864578 -0.244953 0.0311107 1
-0.486978 0.407752 -0.179783 1
-0.148039 0.418856 0.309059 1
-0.0831436 -0.046849 -0.040654 1
-0.34636 0.180082 0.260966 1
0.128353 0.244717 -0.225486 1
0.950203 -0.147774 0.2911 1
0.281826 -0.501761 1.12769 1
-0.111227 -0.0721603 -0.225646 1
-0.798224 -0.00486985 -0.0825874 1
-0.225212 0.589396 -0.00633873 1
-0.223312 -0.127641 0.154007 1
