# 1 = ball
# 2 = lepton
# 3 = photon
# 4 = PID > 100
# 5 = neutrino
# 6 = other
0.161252 0.0759565 -0.952555 3
0.00605507 0.012158 0.0406002 3
5.2718 6.64301 8.51481 4
0.64849 1.45758 1.30186 4
0.0222192 -0.379314 0.706678 4
-0.791366 -0.182387 0.897194 4
-0.218424 -1.80866 -1.0112 4
-0.204336 -0.112354 -0.567331 4
0.85915 0.742643 2.25975 4
0.303577 0.539393 0.899024 4
1.35547 1.13818 1.70552 4
0.273188 -0.669776 1.37584 4
0.226515 -0.144656 0.847266 4
-3.06516 -2.95452 -6.83285 4
5.31057 5.35626 6.9734 4
0.176744 0.097492 0.247441 3
0.848488 0.704275 1.00536 3
-0.0325366 -0.111433 0.0174924 3
-0.309548 -0.271394 -0.0456478 3
-0.381958 0.28975 0.344979 4
-0.0731668 0.203988 0.177877 4
-0.139371 -0.286311 -0.284818 3
-0.0688645 -0.533388 -0.449781 3
-0.177979 -0.0821243 -0.446378 3
-0.438109 -0.0373466 -0.711874 3
-0.106285 -0.105921 -0.25746 3
-5.34863 -4.06954 -11.2901 3
-0.777866 -0.782819 -1.86507 3
-4.27743 -4.505 -11.0746 3
0.0134786 0.0225841 0.0599905 3
0.859896 1.1922 1.49672 3
0.141236 0.160649 0.452862 3
0.251497 0.246308 0.420943 3
-0.0347495 -0.162987 0.158077 3
0.128176 -0.8155 0.78354 3
-0.00981175 0.0102353 0.00450466 3
0.0459751 -0.165853 0.638438 3
-0.0829321 -0.191728 0.966754 3
-0.00931218 -0.259241 1.88171 3
-0.0145716 -0.0202856 0.0226985 3
-0.106086 -0.283081 1.38416 3
-0.00536995 -0.0116854 -0.0151036 3
-0.229915 0.0546398 0.219244 3
