# 1 = ball
# 2 = lepton
# 3 = photon
# 4 = PID > 100
# 5 = neutrino
# 6 = other
0.000110472 -4.10334e-05 -4.00402e-05 3
26.1182 -7.01978 7.30212 5
14.0322 -4.26261 2.7219 4
-19.7955 5.1224 -4.67747 5
-4.93413 1.97947 -1.18885 2
-15.683 4.75127 -3.91493 5
0.0240282 0.0952696 0.053861 1
-0.00861821 0.025423 0.0196769 1
0.0501712 -0.0859218 -0.0944573 1
0.0372114 -0.120486 -0.0655999 1
0.0014568 0.038478 -0.111377 1
0.151061 0.0301104 -0.07372 1
0.0517593 -0.016748 -0.021463 1
-0.171846 0.12257 -0.370314 1
0.0200333 -0.0574235 0.0765323 1
0.00962423 0.00388726 -0.0230203 1
0.118503 -0.0299295 0.203416 1
-0.340198 -0.353427 0.133129 1
0.0387686 0.0758276 0.0977014 1
-0.0524528 0.154626 -0.0722025 1
-0.0676948 -0.114105 0.0753551 1
0.0118073 -0.118022 -0.0379704 1
0.0433293 0.0775897 0.0484543 1
0.0543973 -0.0305486 0.0690184 1
0.220311 -0.193266 0.159058 1
0.0382165 -0.173768 -0.147259 1
-0.0489184 0.0234289 -0.129704 1
0.0815112 0.0747945 -0.0322494 1
-0.000424272 0.000924069 0.000393032 1
