# 1 = ball
# 2 = lepton
# 3 = photon
# 4 = PID > 100
# 5 = neutrino
# 6 = other
-0.00327172 -0.0063549 0.190885 3
-0.000245496 -0.000891759 4.87773e-05 3
0.396086 1.91954 -2.02766 4
0.00803095 1.23499 -1.24477 4
0.151943 0.273152 -1.2743 4
0.682647 6.79534 -5.90916 4
-0.0436782 0.571384 -0.641481 4
-1.36257 -0.791276 -0.477424 4
-1.6157 -0.550015 -1.30234 4
0.197692 -0.115672 -0.342503 4
-0.0645211 -0.0891147 0.285432 4
2.1537 -5.7505 8.76018 4
0.0532935 -0.20497 0.406694 4
0.0715252 1.32052 -1.13283 4
-0.0702358 1.01837 -0.551602 4
-0.0491891 -0.0327124 -0.134153 3
0.0160387 -0.0391445 0.020301 3
-0.620251 0.191024 -4.31802 3
-0.26786 0.0237744 -2.29101 3
-1.31818 -1.03112 -0.40889 3
-0.251209 -0.210843 -0.0207689 3
-0.558765 -0.494702 0.0641314 3
-0.816162 -0.53099 0.0280924 3
-0.553059 -0.911176 1.51054 3
-0.245587 -0.418206 1.41361 3
0.123492 -0.878674 1.4766 3
1.05896 -3.87076 5.91802 3
0.669903 -2.84204 4.21797 3
0.51209 1.45908 -0.965206 3
0.252056 0.81751 -0.649255 3
0.120184 0.473191 -0.390137 3
0.299081 2.2101 -1.61175 3
-0.208932 -1.16067 0.900481 3
-0.0181134 -0.24871 0.124047 3
0.180494 0.00282894 -0.0296486 1
0.11868 0.349601 -0.0133346 1
-0.117764 -0.518609 0.109343 1
-0.182987 -0.660177 -0.320744 1
-0.348027 -0.0753044 -0.436014 1
-0.443894 0.120753 -0.108833 1
1.04868 0.992402 1.03233 1
0.0307451 -0.0227565 -0.128392 1
-1.05235 0.20666 0.964008 1
0.0863505 0.0569144 -0.138285 1
0.0128814 0.0175034 -0.0928372 1
-0.177205 -0.0307661 0.114809 1
0.0019115 0.214858 -0.590322 1
-0.294233 0.500098 -0.0110343 1
-0.474624 -1.29091 -0.11042 1
0.215618 -0.135455 -0.170025 1
0.348027 -0.00795638 -0.124362 1
0.781967 0.380706 0.037406 1
0.138691 -0.0922523 -0.648084 1
-0.164942 0.838659 0.0695429 1
0.590584 0.175786 0.363779 1
-0.205379 -0.146642 -0.126046 1
-0.199055 0.50648 -0.0321638 1
0.227418 -0.417905 -0.11678 1
0.020687 0.0787593 0.229981 1
0.0729026 -0.155722 -0.0536476 1
-0.0624378 0.146587 -0.171826 1
0.468575 0.0744901 -0.143607 1
0.268144 0.237932 0.587397 1
-0.139459 0.0315142 0.205566 1
0.738763 0.476415 0.0170918 1
0.0240767 0.178447 -0.112329 1
0.0938128 0.0854076 0.0504289 1
0.145818 -0.292697 0.111611 1
-0.126305 0.102668 -0.0705058 1
-0.198458 -0.0454236 0.171644 1
0.0312361 -0.245115 0.0576818 1
-0.158131 0.23279 0.00283034 1
