# 1 = ball
# 2 = lepton
# 3 = photon
# 4 = PID > 100
# 5 = neutrino
# 6 = other
-0.0015315 0.00177344 0.0201519 3
3.39967 0.288217 0.537841 4
14.9266 0.07401 5.49115 4
3.60694 0.195933 0.567553 4
0.457373 0.0962686 0.344162 4
0.34705 -0.300357 0.096535 4
0.0596161 -2.60061 -0.941473 4
0.0718617 -0.429696 -0.380832 4
0.0317212 -0.400972 0.225978 4
-0.302783 -0.0856247 -0.303169 4
0.167217 -1.34159 -0.405445 4
-1.32295 0.291589 -0.707134 4
-5.5635 0.304842 -0.538261 4
-3.02827 0.567928 -0.395295 4
-6.56375 1.32044 -0.398485 4
1.49442 1.01012 0.325847 4
0.544793 0.540012 -0.440444 4
-0.239186 -0.487469 -0.479746 4
0.309902 -0.361152 -0.428995 4
-0.262869 -0.13854 -0.0728798 4
3.71906 1.78082 -1.9407 4
6.58563 -0.111855 2.5202 3
0.150587 -0.0163357 0.0420292 3
-0.0279002 -1.23829 -1.03483 3
0.0646475 -0.383373 -0.302482 3
-1.00297 0.243993 0.102827 3
-0.0639763 0.0165267 -0.0279728 3
-0.811123 0.0667513 -0.0924161 4
-4.26858 0.916157 -0.304571 4
-3.68495 0.409721 -0.471581 4
-4.2707 0.820915 -0.304493 4
-0.0719481 -0.205697 -0.0903576 3
-0.199232 -0.196654 -0.215987 3
-0.137449 -0.100206 -0.160138 3
-0.142978 -0.232807 -0.0982962 3
-0.0425534 -0.327922 -0.216493 3
-0.0943427 -0.32468 -0.0833108 3
-1.63168 0.192448 0.0233924 3
-0.90259 0.148656 0.104791 3
-0.896821 0.267222 -0.208473 3
-0.125986 0.0317886 0.0210697 3
-0.0340436 -0.0753076 -0.00722027 1
-0.220234 -0.0119382 0.0865956 1
-0.0208253 0.0250239 0.031867 1
-0.0920166 0.0278302 0.00711377 1
0.136563 0.243674 -0.275147 1
0.109463 -0.186055 0.0781092 1
-0.0802616 -0.0801843 0.052566 1
-0.00760477 -0.0775846 0.0251289 1
-0.0262001 -0.0985415 0.00573969 1
-0.102807 0.120714 0.155223 1
-0.0704015 -0.077921 0.0376672 1
0.0255862 0.0692856 0.00620875 1
-0.0792135 -0.144298 -0.0536147 1
-0.288753 -0.150061 0.182816 1
0.210469 -0.139323 0.21008 1
0.0293096 0.0808641 0.178917 1
0.0846945 -0.0897514 0.0323324 1
0.0416602 -0.0405496 0.0809202 1
0.14422 0.170293 -0.0670576 1
0.154238 0.089366 -0.0827953 1
-0.111061 -0.0299689 -0.0361312 1
-0.0796851 0.0716455 -0.0275867 1
0.000447623 0.000489466 -0.00100504 1
