# 1 = ball
# 2 = lepton
# 3 = photon
# 4 = PID > 100
# 5 = neutrino
# 6 = other
-0.471081 -0.176369 -0.112822 4
-0.894171 -0.399069 0.197778 4
0.339278 0.0593894 0.0149657 4
0.280862 0.720052 0.415256 4
1.85269 -0.146349 0.693026 4
3.15431 0.161678 0.131741 4
1.21417 0.880539 -0.245318 4
-0.300337 -0.0164142 0.159155 4
-3.09567 -1.05971 -0.128919 4
-1.56051 -0.142509 0.997642 4
-0.149113 -0.127475 0.325362 4
-0.126751 0.018916 -0.497763 4
0.0970838 0.359768 0.158514 4
0.838084 0.116845 0.804019 4
-1.66012 -0.205086 0.69148 4
-0.153282 -0.028465 -0.0390425 3
-1.64852 -0.334527 0.556029 4
-2.22898 0.102302 0.684561 4
-0.564044 -0.0559221 0.0853885 4
-0.604793 0.17564 0.219351 4
0.150676 -0.0136857 0.10245 4
-0.175665 0.0721741 -0.0914495 4
0.179828 0.13277 0.0173717 4
0.532307 0.494584 0.507564 4
1.22539 -0.209369 -0.29336 3
1.17496 0.285228 -0.0536472 3
4.75695 1.45108 -2.31115 5
0.993653 0.075049 0.36745 3
0.496859 0.0726571 0.0926632 3
-0.04927 -0.0236848 -0.010138 3
-0.368978 -0.0195759 0.25993 3
0.0330246 0.0107992 -0.0492482 3
0.272256 0.20213 -0.00313307 3
0.0707086 -0.0477866 0.0529202 3
0.48715 0.0207487 0.185852 3
0.727447 0.275627 0.210886 5
4.82758 1.33274 -1.1358 4
1.15013 0.402342 -0.413326 4
3.3038 0.0714413 -0.463878 4
2.24352 1.03102 -0.257846 4
3.82832 0.604357 -0.76083 3
4.46219 0.849509 -0.862696 3
-6.34781 -2.17914 0.0772125 4
-0.812157 -0.41894 0.0017906 4
-1.82664 0.222627 -0.264734 4
-0.0691017 -0.0430044 0.0257418 3
-2.04923 -0.658638 0.219951 3
-0.552721 -0.209745 0.0242031 3
-2.45311 -0.662657 -0.0195242 3
-1.25601 -0.369138 0.0150096 4
-4.53701 -1.40677 0.311493 4
-2.27518 -0.459024 -0.31401 3
-0.211174 -0.0839162 -0.0192423 3
-0.476257 -0.254915 0.0883869 3
-0.484737 -0.412916 0.0493944 3
-0.712295 -0.198296 0.0735855 3
-0.16191 -0.105594 -0.0165818 3
0.0596459 -0.190972 0.196896 1
0.216688 -0.0736684 -0.20433 1
-0.00465748 -0.0108344 -0.0102003 1
0.00202831 -0.00123217 -0.00193638 1
-0.00200297 0.12923 0.119576 1
-0.13326 0.144262 0.00518284 1
-0.0733955 -0.30263 -0.463669 1
-0.000241834 -0.0728941 -0.0164087 1
0.000536205 0.0584836 -0.0131443 1
-0.0664053 0.265242 0.0610389 1
-0.506324 -0.0300191 0.0638912 1
0.0929518 0.134743 0.034644 1
0.036858 -0.113848 0.0815059 1
-0.126769 0.05326 0.0297507 1
0.0452675 0.0808603 -0.204573 1
0.00482528 -0.0219918 0.0834814 1
0.0148127 0.114413 0.131327 1
0.0849071 0.0588026 -0.337793 1
-0.062744 0.0459016 -0.00963403 1
0.000674541 -0.000431788 0.00073454 1
