# 1 = ball
# 2 = lepton
# 3 = photon
# 4 = PID > 100
# 5 = neutrino
# 6 = other
-0.0015379 0.00423215 0.371968 3
-0.239866 -1.11104 0.456526 4
0.607023 0.438143 0.103633 4
-0.420167 -0.731751 0.462594 4
0.341057 0.269034 0.170183 4
0.0749992 0.12025 -2.54891 4
0.247232 -0.0746119 -0.1555 4
0.100276 0.174026 -0.417607 4
0.239534 -0.148684 -1.07859 4
0.00643662 -0.295733 0.387898 3
0.102604 0.129628 -0.24446 3
0.396754 1.06427 -1.6679 3
-0.0388894 0.105462 -0.0918787 3
-0.321239 -0.0155294 -1.15966 3
-0.0161283 0.0335482 -0.0752228 3
-0.664307 -4.00345 5.91766 5
-0.792668 -0.516709 2.09877 2
-0.449497 3.36332 -2.84401 3
-0.19893 2.19944 -2.45247 3
0.00828456 0.336138 -0.554924 4
-0.0627166 4.8516 -4.81607 4
-0.0698237 0.280287 -0.248311 4
0.166055 -1.77618 2.86926 4
-0.185483 -2.74425 3.73847 4
0.0300792 -0.179561 0.341806 3
0.056533 -0.996899 1.31934 3
-0.0185221 1.47143 -2.09999 4
-0.0839986 0.243979 -0.278259 4
-0.150397 4.31345 -6.10472 4
0.486448 -5.58881 7.58423 4
0.0517579 -0.551273 1.06684 3
0.157947 -2.30253 3.89129 3
-0.0129525 -0.0152716 0.0113994 3
0.0722578 -1.01283 1.36517 3
0.0185618 0.377597 -0.559162 3
-0.0417259 0.581724 -0.61799 3
-0.136545 1.22631 -1.66987 3
0.0330994 0.341355 -0.457542 3
0.0678752 0.814686 -1.30058 3
0.0518181 0.159835 -0.187901 3
0.215728 0.0713163 -0.0786594 1
0.0662609 -0.0203017 0.0221429 1
0.0957239 0.152938 -0.113196 1
0.0629387 -0.152513 0.0512866 1
-0.0736406 0.0330751 -0.00270754 1
-0.305535 -0.0726013 -0.00944769 1
0.0519881 -0.0262443 0.0875737 1
0.00321649 -0.000339387 -0.0550489 1
0.106383 -0.20597 0.0750276 1
0.10525 0.0285008 0.0984794 1
0.0644409 -0.0630646 0.14038 1
-0.0623652 0.0624794 0.0510554 1
0.0224417 -0.262801 0.112962 1
-0.0867364 0.0552534 0.0450913 1
-0.232399 0.245899 -0.236587 1
0.0185707 0.0377418 -0.163163 1
0.00748174 0.0613698 0.0315697 1
-0.0188792 -0.0492054 0.0402918 1
-0.0740842 0.0325987 -0.0036781 1
0.0141842 -0.0720608 -0.108411 1
0.00774936 -0.0268554 -0.0133105 1
0.579575 -0.23624 -0.228768 1
-0.0178482 -0.0034002 -0.0154856 1
0.0440549 -0.203332 -0.209702 1
-0.0038887 -0.0231269 -0.0104413 1
-0.0041096 0.0202208 0.233127 1
-0.00900628 0.0314271 -0.0521487 1
0.19245 -0.174806 0.0305022 1
-0.128487 -0.043421 -0.0358378 1
-0.099286 -0.063974 0.00171947 1
-0.000750016 0.0175572 0.00300991 1
0.0136343 -0.154467 0.0681613 1
0.056944 -0.142031 0.144487 1
0.110312 -0.0645548 0.0246968 1
0.0507137 -0.0325446 -0.0079204 1
-0.0202651 0.0511871 0.0169469 1
0.0430933 -0.052327 -0.0891811 1
0.000216159 0.025516 -0.0150496 1
-0.189331 -0.178253 0.0239725 1
-0.0259406 -0.0143858 -0.0131416 1
-0.0824751 0.340124 -0.330459 1
0.270057 0.272614 -0.0453937 1
-0.178609 -0.0370681 0.00885218 1
-0.00101199 0.00143461 0.000903248 1
