# 1 = ball
# 2 = lepton
# 3 = photon
# 4 = PID > 100
# 5 = neutrino
# 6 = other
-0.000363585 0.00106552 -0.00148096 3
-0.981602 -10.8581 16.5492 4
-0.119739 -0.0876536 -0.0957239 4
0.585654 0.471055 0.630738 4
0.996171 0.141353 -0.44088 4
0.485557 0.601412 -0.690639 4
0.00625814 1.93788 -2.64775 4
-0.318893 0.33306 -0.258055 4
-0.540501 4.27771 -7.5633 4
-0.378442 6.27874 -10.8968 4
-0.246503 -0.900185 1.88496 4
-0.133304 -3.04285 6.27575 4
-0.00714813 -0.63626 0.78378 4
0.671638 -1.06837 0.864385 4
0.285851 -0.00117252 0.61606 4
0.459288 1.41753 -2.00611 4
-0.0494242 -0.529528 0.838519 3
-0.309258 -2.39179 4.34017 3
-0.0138305 -0.175962 0.0242785 3
0.0715571 -0.0328308 0.00985663 3
0.0269451 0.200938 -0.0795493 3
0.0979649 1.04315 -0.758431 3
-0.0247261 -0.606234 0.51608 3
-0.0742521 -0.236279 0.141456 3
-0.0229821 0.00738843 -0.0755379 3
-0.251643 0.62844 -1.07551 3
0.0054744 0.794412 -1.35774 3
-0.0259635 0.238673 -0.289449 3
-0.0127257 0.0909652 -0.0640173 3
0.00617794 0.430934 -0.731635 3
-0.0616671 0.215262 -0.394598 3
-0.28383 2.04367 -3.08506 3
-0.163735 -0.283358 0.0691156 1
-0.020562 0.0332686 -0.00461021 1
-0.00512587 0.238067 0.419635 1
0.0020321 0.104552 -0.1327 1
-0.267615 -0.26054 -0.0268232 1
-0.023821 -0.062908 0.0594049 1
0.0560527 0.182221 -0.19249 1
-0.066422 0.0348313 -0.0498577 1
0.276222 0.330064 -0.0824705 1
-0.0268502 -0.0128994 -0.0136609 1
0.00282029 -0.0171245 0.00225479 1
0.0431245 -0.00293249 -0.0373999 1
0.000200682 -0.0324882 0.00176611 1
0.0331183 0.0451515 -0.132412 1
-0.180524 0.0940806 0.0566239 1
0.528784 -0.643726 -0.0533122 1
0.00646661 -0.0911695 -0.00260095 1
0.0883025 0.0875874 -0.153174 1
0.101263 -0.0657227 -0.0373733 1
-0.0970304 -0.149573 0.021688 1
0.0131659 0.0393927 -0.0235813 1
-0.0279953 0.0172504 -0.00768403 1
-0.0530314 -0.215599 -0.12197 1
0.00130142 -0.0168071 -0.0111821 1
-0.546086 -0.052467 -0.11306 1
0.0926039 -0.0598717 -0.0111524 1
-0.0410916 -0.112531 0.114238 1
-0.123744 -0.18192 -0.156166 1
-0.0777468 0.0942796 -0.0891224 1
-0.0180514 -0.00740086 0.0729225 1
0.451014 0.193865 0.0733913 1
0.119997 0.302504 -0.0384267 1
0.127101 0.220743 0.0525729 1
0.0746894 -0.302836 -0.323619 1
-0.0493508 0.0494892 -0.0142657 1
0.013927 -0.050528 -0.156159 1
-0.0848703 -0.0323445 0.0770397 1
-0.000272025 0.00100792 0.00165518 1
