# 1 = ball
# 2 = lepton
# 3 = photon
# 4 = PID > 100
# 5 = neutrino
# 6 = other
0.000912714 1.43143e-05 0.00156905 3
0.687817 -0.677994 0.451997 4
-7.79323 -1.02637 -6.16267 4
-2.68555 -0.571411 -1.7713 4
0.121143 0.173405 -0.702235 4
-0.423233 -0.0168802 -0.278546 4
-0.199829 0.950509 -0.214312 4
-0.312257 0.282671 0.169228 4
0.357915 0.271689 -0.0669418 4
0.400332 0.307807 0.0222503 4
-0.443408 0.118586 0.343775 4
1.61381 1.94415 3.23526 4
0.453069 0.0951807 0.957997 4
1.07005 -0.157275 0.32619 4
0.695803 -0.115935 0.0983205 4
0.0337265 0.0271599 0.0193924 3
1.12925 0.117514 0.241865 3
-9.44605 -1.30961 -8.01277 4
0.0558812 0.290074 -0.0761155 3
-0.0586214 0.435663 -0.0285555 3
-0.0764493 0.021884 0.0565036 3
-0.266951 0.0690516 -0.0614358 3
0.263618 0.148801 0.794591 3
0.308942 0.377607 2.17777 3
0.178605 0.243432 0.941735 3
-0.0428734 -0.0459621 -0.0379031 3
0.0795416 -0.160311 -0.00179794 3
9.73648 -0.504671 5.26994 4
3.93267 -0.681884 2.10727 4
-0.399195 -0.0567723 -0.333438 3
-1.10765 -0.0879675 -0.657835 3
-4.78414 -0.492199 -3.6258 4
-1.58607 -0.0749613 -1.22392 4
0.811913 0.659632 1.44835 4
0.0313057 -0.141602 0.210677 4
4.68251 -0.566918 2.89489 4
4.0854 -0.0654084 2.03362 3
0.806982 -0.0503821 0.455539 3
-0.863252 -0.167948 -0.670095 3
-0.777224 -0.279053 -0.585017 3
-0.0990103 -0.0488284 0.0552099 1
-0.101965 0.140715 0.0697444 1
0.000802355 0.0036306 -0.0188979 1
0.0489263 0.0879127 0.228689 1
-0.050151 0.166565 -0.0356445 1
0.105735 -0.0817779 -0.142123 1
0.00434999 0.0661035 0.000344115 1
0.126505 0.277582 -0.400932 1
0.226095 -0.0502766 -0.0868703 1
-0.0970709 0.187071 0.0644421 1
-0.0707295 0.0451112 0.199312 1
0.148638 0.192734 0.345488 1
-0.0725804 0.19729 -0.0412674 1
-0.056795 -0.231214 0.067887 1
-0.0905501 0.120279 0.0852012 1
-0.0887459 -0.0316689 0.141134 1
-0.00246898 -0.0569426 -0.111426 1
-0.0313059 0.0235418 -0.129686 1
-0.14325 -0.220187 -0.00749499 1
-0.0285583 -0.0697953 -0.0307514 1
0.000439905 -0.00116041 -0.000407943 1
