# 1 = ball
# 2 = lepton
# 3 = photon
# 4 = PID > 100
# 5 = neutrino
# 6 = other
0.00101631 0.000268626 0.00284444 3
7.42204 -4.78796 14.7026 4
0.330294 -0.0121167 0.768317 4
-1.51655 0.237666 -1.91189 4
-0.769429 1.30901 -3.12178 4
-2.6945 0.52157 -6.07037 4
-1.14748 1.03211 -2.20785 4
0.918327 -0.46377 1.17548 4
1.61934 -0.958702 2.59535 4
-6.58123 3.91933 -14.4194 4
-0.802923 0.714061 -2.01816 4
0.0840829 -0.0728313 -0.125817 3
0.193201 -0.00362146 -0.0713234 3
0.0353779 -0.10257 -0.199615 3
-0.0163263 -0.0094988 0.0179593 3
-0.271056 0.330566 -1.48717 4
-0.606143 0.360367 -1.02771 4
1.57499 -1.51151 3.59353 3
0.383551 -0.407566 0.809655 2
0.038505 -0.036315 0.0805787 2
2.15892 -1.30837 4.70838 3
2.46089 -1.56383 5.16607 3
-0.224567 0.389748 -0.340805 3
-0.0748698 0.0447143 -0.0215477 3
-0.142483 0.363591 -0.319165 3
-0.193582 0.25287 -0.37792 3
-0.147025 0.307104 -0.389469 3
-0.261491 0.259613 -0.523391 3
0.0101526 0.0351455 -0.0696423 3
-0.378148 0.525052 -1.32778 3
-0.121818 0.151088 0.197123 1
0.200617 0.306163 0.341805 1
-0.083845 0.041819 -0.505772 1
0.121732 0.00674661 0.103342 1
-0.0775809 -0.612709 -0.01162 1
0.100307 -0.290247 0.0848128 1
0.0908998 -0.36614 -0.013397 1
-0.123267 -0.18478 -0.159253 1
0.0281518 0.17562 -0.322114 1
-0.0333204 0.384754 0.355709 1
1.05017 0.200136 -0.0216955 1
-0.272997 -0.099535 0.165788 1
-0.0692981 0.181179 0.236142 1
-0.735154 0.184825 -0.191405 1
0.140239 -0.0904572 0.0703339 1
0.0999191 -0.0279074 0.423884 1
-0.414386 0.409535 0.28387 1
-0.53136 -0.0834767 0.390678 1
-0.80226 0.0675646 0.694071 1
0.0279557 0.282797 0.291941 1
0.00241133 -0.00109298 -0.00414259 1
