# 1 = ball
# 2 = lepton
# 3 = photon
# 4 = PID > 100
# 5 = neutrino
# 6 = other
-0.0288705 -1.05771 -1.83177 4
-1.31978 -3.15743 -5.62232 4
0.781368 -0.00327337 -0.410703 4
2.88819 -1.4173 -2.78048 4
6.54887 -2.5339 -6.27862 4
2.03908 -0.535335 -1.58402 4
-1.60125 1.04909 1.66855 4
-3.40085 0.37292 3.74386 4
-2.30105 0.984709 1.80194 4
-1.74433 1.75894 0.12352 4
0.560312 -0.417071 -1.24489 4
-0.145398 -0.353771 -0.431592 4
3.68044 -2.31248 -2.62897 4
0.922367 -1.8911 -3.07027 4
-0.585147 0.520668 2.16676 4
-2.37988 1.75487 5.02203 4
-0.902357 0.659512 0.0314976 4
2.95021 -1.36247 -2.73027 3
1.29899 -0.513375 -1.22718 3
-1.54114 1.29816 3.96093 3
-0.988244 0.891561 2.40309 3
-0.345579 0.284095 0.47888 4
-0.537742 0.473301 1.0349 4
-0.26743 0.347185 0.333088 4
-1.18747 0.618313 0.401789 4
-0.220021 0.352005 0.0792778 3
0.243646 0.318922 -0.212351 3
-0.252591 0.22343 -0.154067 3
-0.418776 0.614267 -0.25426 3
-0.0842717 0.202317 0.301841 3
-0.183687 0.111078 0.305258 3
-0.126203 0.276587 0.54529 3
-0.488593 0.646881 1.20256 3
-0.945607 0.970397 1.93712 3
-0.28162 0.357901 0.764943 3
-0.224639 0.154928 0.322289 3
-0.343323 0.177737 0.250869 3
-0.0842745 0.00469296 0.0187907 3
0.00812721 0.102193 -0.00202488 3
0.845025 0.409423 -0.292403 1
0.306245 0.473465 0.230598 1
0.424812 -0.307513 0.414857 1
-0.224038 0.220522 -0.0372146 1
-0.23142 0.0995601 -0.101319 1
-0.0239123 -0.0963839 0.155171 1
0.0985915 -0.455427 0.1378 1
-0.238914 0.125059 0.565539 1
-0.00526771 -0.0624735 0.216793 1
-0.00443979 -0.382698 0.377 1
0.0618423 0.00503686 -0.102096 1
