# 1 = ball
# 2 = lepton
# 3 = photon
# 4 = PID > 100
# 5 = neutrino
# 6 = other
0.0871384 0.538266 0.0351886 4
-0.682667 1.25804 0.774658 4
-0.389298 0.415959 -0.374627 4
0.277174 0.278545 0.0350197 4
-4.4501 0.424783 -5.0294 4
0.385592 0.297276 1.4528 4
-0.10438 0.0390033 -0.0193497 4
0.0877347 0.495928 0.320213 4
-0.0274731 0.332501 0.072861 4
-0.355714 0.432095 0.269754 4
-0.836806 0.418065 -0.485687 4
-4.27999 -0.330738 -5.03812 4
-0.171858 -0.0751616 -0.194633 4
0.221324 -0.00963606 0.212507 3
2.4661 -0.257935 2.60486 3
0.22706 -0.0488371 0.198605 3
0.988122 0.281812 0.739867 3
1.32696 0.218141 0.969591 3
0.202325 0.022148 0.0552159 3
0.00557736 -0.041769 0.0308896 3
-0.105595 0.136454 0.0176245 4
-0.0177869 0.0654047 -0.0587171 4
-2.34494 0.506344 -3.6471 3
-0.121485 0.00940122 -0.142546 3
-0.127898 -0.0530354 -0.0397331 3
0.275476 0.0864056 0.377233 3
0.201123 0.0281846 0.487172 3
0.0700205 0.094603 0.0723568 3
0.0414358 -0.0262961 0.125263 3
-0.747225 0.594744 0.0132786 3
-0.0130581 0.0350571 0.0187465 3
-0.445438 0.198396 -0.0872385 3
-0.553324 0.0895052 -0.093711 3
0.146991 -0.114322 0.108081 3
0.0479233 -0.209976 0.112365 3
-0.0679585 0.0610528 -0.159302 3
-0.0851001 -0.00658674 -0.00784351 3
-0.0938111 0.126572 0.0263899 3
-0.052593 0.395739 -0.012504 3
-0.620129 -0.275864 -0.466426 4
-2.39381 -1.357 -1.80317 4
-2.38028 -1.16505 -1.79797 4
1.52477 -0.0763202 1.13391 3
-1.37715 -0.906216 -1.18914 4
-0.286857 -0.0595913 -0.272073 4
-1.21801 -0.652744 -0.582157 4
-0.384038 -0.181151 -0.299075 4
3.43522 0.0575558 2.43498 4
0.182774 0.0418088 0.119868 3
1.71613 0.43274 0.668934 3
-0.710734 -0.401479 -0.700632 3
-0.0735151 -0.0174202 -0.119459 3
-1.35198 -0.80531 -1.01266 4
1.07595 -0.175775 0.940803 4
3.59164 -0.506196 3.58586 4
1.66742 0.697324 1.6463 4
1.13737 0.182059 0.864472 3
3.73777 0.489744 2.55958 3
5.71433 0.29743 3.7927 4
-1.15891 -0.833359 -1.45192 4
-0.475767 -0.160122 -0.27147 3
-0.913082 -0.124688 -0.563889 3
-0.858967 -0.75999 -0.656613 3
-0.563728 -0.446513 -0.300775 3
