# 1 = ball
# 2 = lepton
# 3 = photon
# 4 = PID > 100
# 5 = neutrino
# 6 = other
-2.80027 -0.888762 -1.81403 4
-0.185216 -0.119476 -0.281876 4
-4.53499 -2.08798 -3.8346 4
-4.9753 -1.63291 -3.0004 4
-1.09026 -0.977133 -0.800373 4
-0.492157 -1.38953 -0.469272 4
-0.0644138 -0.945556 -0.837756 4
-0.577595 -1.55539 -0.462061 4
10.7583 10.4304 10.9907 4
-1.55338 -1.01439 -1.4266 4
-0.484323 -0.498883 -0.0853062 4
-1.05799 -2.23253 -1.45841 4
0.10827 0.00341429 0.146145 4
0.584053 -0.281095 0.331886 4
1.31371 0.900904 0.654126 4
0.204944 1.21548 1.21313 4
1.82375 1.93062 1.67296 4
2.76842 2.62206 3.5974 4
-1.21382 -1.48615 -1.67285 3
-0.687483 -0.75667 -1.00375 3
-0.349384 -0.542573 -0.477545 4
-0.278583 -0.694156 -0.238858 4
-0.441 -0.154802 -0.696419 4
0.0665649 -0.199593 -0.166812 4
-0.0120642 -0.0221817 -0.10427 3
0.223095 0.0308911 -1.05976 3
-0.0279495 0.208644 -0.17229 4
0.241645 0.113352 0.160607 4
0.777036 0.572554 0.612522 3
0.208315 0.0777274 0.117859 3
-0.244493 0.0124295 -0.135858 3
-0.166218 -0.0708722 -0.0137642 3
-0.112283 -0.156457 0.0133231 3
-0.286452 -0.824733 0.202439 3
-0.0587269 -0.193235 -0.118762 3
0.0389244 -0.0777602 0.0110501 3
0.648324 0.509573 0.218784 3
1.16827 1.031 0.584509 3
0.0952777 0.0491928 0.0635572 3
1.68851 1.56925 1.38995 3
-0.399519 -1.06637 -0.704845 3
-0.562707 -1.67583 -0.913994 3
-0.113265 -0.146369 -0.241686 3
-0.0782258 -0.221602 -0.129245 3
0.0520482 0.0269349 -0.106697 3
0.211 -0.0280134 -0.0770162 3
-0.95804 0.0662634 -0.238013 1
0.78075 0.579216 0.403223 1
0.0467653 0.382144 0.223999 1
0.195831 0.0954155 0.0218633 1
0.167318 -0.129218 -0.0172262 1
0.00250108 0.0478782 -0.0436907 1
0.169542 0.508653 -0.246541 1
0.201656 -0.471719 0.444141 1
-0.148824 -0.607375 0.0025554 1
-0.0617174 -0.0711804 -0.150725 1
0.629234 -0.194534 -0.418791 1
-0.370045 0.546132 -0.0448064 1
-0.414131 0.134004 0.479033 1
-0.736857 0.0996645 -0.487585 1
-0.0524002 0.0854285 0.0542983 1
0.660368 -0.124815 0.620148 1
-0.244608 -0.30827 -0.0768556 1
0.000227628 -0.00109421 -0.00090089 1
