# 1 = ball
# 2 = lepton
# 3 = photon
# 4 = PID > 100
# 5 = neutrino
# 6 = other
-0.0748309 -0.176684 0.200044 3
0.0507019 0.0677114 -0.424443 3
0.0073968 -0.00507855 0.00615988 3
0.00182497 -0.000487321 0.0322127 3
-6.44057 1.57278 7.66328 4
-0.562319 0.339932 0.491774 4
-0.285239 1.51539 0.136529 4
-0.783773 1.68596 -1.03964 4
-0.180275 0.0681743 -0.390517 4
0.0849029 0.214141 -0.556958 4
-1.63256 1.76984 -0.949652 4
-1.21777 1.37851 -1.17967 4
1.96395 -2.23023 -0.288936 4
-1.86406 0.838711 2.76154 4
-0.0464835 0.539794 0.513898 4
0.191137 -0.0804871 -0.0796437 4
-1.11531 1.39304 -2.34276 4
-2.40501 1.81157 -2.79382 4
-0.0614972 0.217461 -1.12431 4
-0.050135 0.0409823 0.481297 4
2.59641 -2.66658 0.817077 4
0.383488 -0.983257 0.0875457 4
3.23905 -3.77722 0.660191 4
0.029839 -0.0453187 0.0754304 3
-0.125906 -0.147422 0.492761 3
0.0587497 0.964252 -1.0602 4
0.249061 0.73824 -0.794911 4
-0.544882 0.723221 -0.480209 3
-0.0704988 0.200593 -0.106471 3
-0.402889 0.807962 -0.616499 4
-0.183837 0.594836 -0.69852 4
-0.28929 0.420096 -0.341042 4
-0.00765264 0.114714 -0.048203 4
-0.0452422 1.10321 -0.17541 3
0.000833364 -0.00326616 0.00288775 3
0.0821454 0.183548 -0.0865886 3
-0.021605 0.299711 -0.216644 3
1.24086 -1.74316 0.181881 4
6.27764 -7.39142 0.694328 4
-1.25859 0.165862 1.28019 3
-0.0967374 0.0510244 0.123665 3
-0.223642 -0.0267417 0.0454394 3
-0.104899 0.0139511 -0.069198 3
0.191885 -0.536873 0.553091 3
0.0810382 -0.430522 0.57017 3
0.0646339 -0.253436 -0.0581524 3
-0.0128537 -0.0182033 0.034082 3
0.0167502 0.0426456 -0.0059559 3
-0.042018 0.401604 -0.45973 3
-0.370625 0.407806 -0.323001 3
-0.474646 0.740191 -0.417792 3
0.0226449 0.169343 -0.0707327 3
-0.148391 1.1646 -0.688368 3
1.26958 -1.54075 -0.029715 3
1.36073 -1.58598 0.100602 3
0.21483 -0.252628 -0.0516102 1
0.266915 0.337239 -0.121558 1
-0.130328 -0.18471 -0.143609 1
0.313558 0.107479 0.219435 1
0.187718 0.132365 -0.201532 1
0.635146 -0.605018 0.0910094 1
0.250098 -0.114497 0.590845 1
-0.347241 0.073331 0.397385 1
-0.278525 -0.131435 -0.631922 1
0.524386 0.508902 -0.302494 1
0.281533 0.213271 0.195391 1
0.512537 0.0473589 -0.628881 1
0.0664072 0.769984 -0.470174 1
0.00735415 0.0243971 -0.0150664 1
-0.0796671 0.0370073 -0.0635939 1
-0.506224 0.311155 0.90919 1
-0.345126 -0.536013 -0.0522466 1
0.108282 0.145052 0.190901 1
-0.00288554 -0.00151554 0.00015191 1
