# 1 = ball
# 2 = lepton
# 3 = photon
# 4 = PID > 100
# 5 = neutrino
# 6 = other
0.0236288 0.0211637 0.0870113 3
-0.00512378 0.00425135 -0.00353273 3
5.68667 -3.92881 4.7211 4
0.831725 -0.776945 1.05628 4
-0.0643752 -0.716736 1.09562 4
0.0892007 0.0992712 0.0608912 4
-1.22057 1.39532 -1.81337 4
-1.5478 1.3152 -0.984983 4
-0.891566 0.456882 -0.230831 4
5.32292 -4.21026 5.07454 4
2.8833 -3.48701 2.64993 4
1.98679 -1.56059 1.65232 4
2.06056 -1.04679 1.51037 4
-0.191155 -0.969655 -0.0302156 4
-0.595637 0.0173287 0.315798 4
-0.0787178 0.150914 -0.170118 4
0.860655 -1.48285 2.39026 4
0.179972 0.341681 -0.406744 4
-0.762562 0.00205151 0.294748 4
-2.03386 2.24873 -1.71925 4
-6.86365 6.44123 -6.79239 4
-4.51935 3.71063 -4.53166 4
-0.0152997 -0.201125 0.11534 3
0.194076 -0.664469 0.433794 3
-0.0922103 0.143175 -0.227439 3
-0.270778 0.114067 -0.335437 3
0.138307 -0.187554 0.128396 3
1.03201 -0.867278 0.669395 3
0.461356 -0.387474 0.186147 3
1.32954 -0.833708 0.466936 3
-0.0745067 0.0562259 0.189588 3
-0.121906 0.091994 0.0594161 3
-0.326439 0.124437 -0.524874 3
-0.0425374 0.0507816 -0.21903 3
-0.254404 0.221232 -0.269314 3
-4.55348 4.0923 -4.18568 3
0.0157227 -0.00783513 0.0290332 1
-0.0915057 -0.057204 -0.177718 1
0.153291 0.094737 0.328511 1
0.00383658 -0.137752 0.0321013 1
0.0153813 -0.0834843 0.134978 1
-0.0773739 0.0361829 -0.0013656 1
-0.00792047 0.0385573 -0.0178146 1
0.0277832 0.0685474 -0.0623734 1
0.0375621 0.0110527 -0.0611041 1
-0.133691 0.108327 -0.148663 1
0.0797414 0.170518 -0.0521749 1
0.0339027 0.015618 0.0169265 1
0.00852747 0.00623057 0.0149521 1
-0.058957 0.163601 -0.0805761 1
0.0137084 -0.087936 0.100596 1
0.203722 0.0683674 0.227116 1
0.137383 0.0315964 -0.188995 1
-0.0915104 -0.310716 -0.178768 1
-0.0226623 0.0261116 -0.0881546 1
-0.0109934 0.0031942 0.00187 1
-0.0323232 -0.147258 0.0274074 1
0.105391 0.205879 0.316768 1
0.0112168 0.0154872 0.0765948 1
0.0568575 0.0807783 -0.0337687 1
0.0166223 -0.0478985 -0.0447919 1
0.0789448 0.142751 0.180445 1
0.151893 0.0062695 -0.0489066 1
-0.149802 -0.0404074 -0.155253 1
0.174566 -0.137997 0.435211 1
0.180481 -0.0177301 -0.0875861 1
-0.0234998 0.1723 -0.0106802 1
0.345496 -0.138208 -0.565543 1
-0.0886764 0.120196 -0.105923 1
-0.0364846 -0.0143808 0.0122995 1
-0.0585806 0.126147 -0.109327 1
0.173039 -0.00625541 -0.105576 1
0.146414 -0.162302 -0.0313336 1
0.166166 -0.396237 -0.265665 1
-0.0332103 0.0310602 -0.0120108 1
0.0347228 0.251121 -0.0214588 1
-0.00996343 0.0213681 0.00771378 1
