# 1 = ball
# 2 = lepton
# 3 = photon
# 4 = PID > 100
# 5 = neutrino
# 6 = other
0.172354 0.226865 1.16251 4
0.158839 0.121844 2.09625 4
-0.176072 0.960344 2.60063 4
0.792585 -0.255934 1.5009 4
0.151679 -0.489405 0.85752 4
-0.0123427 -0.166907 0.118199 4
-0.0412537 -0.310494 0.312008 4
0.368056 0.0933888 0.203229 4
0.255041 -0.279032 0.707727 4
0.944587 -0.0241742 0.854554 4
0.677271 -0.385097 1.51263 4
1.01044 -2.01324 1.99956 4
1.6245 -0.183115 2.25077 4
1.98056 0.214556 3.13259 4
0.994872 -1.2503 2.11704 2
1.35987 -3.96535 3.97251 5
-0.111274 0.151603 0.0533019 3
-0.254057 0.448009 0.38706 3
-0.472342 0.190196 0.0686029 3
-0.0365696 0.00323629 -0.0314583 3
0.467718 0.00304411 1.21696 3
0.35627 -0.0153447 0.64824 3
0.435469 0.0647112 0.725416 3
1.67205 0.473092 3.16222 3
0.0441393 -0.0755776 0.0769634 3
0.750249 -1.57215 2.40717 3
-6.27367 4.78873 -18.412 4
-3.322 3.42026 -9.52647 4
-1.88833 1.68939 -5.72045 4
-0.277251 0.195996 -0.912582 3
-0.683825 0.627679 -2.00078 3
0.0938413 -0.0637824 0.0837295 3
0.175635 0.0103328 0.325757 3
0.785908 -0.809833 1.66466 3
-0.0628233 -0.290974 0.465883 3
-0.646072 -0.38419 -0.440987 1
-0.790148 0.239524 0.405081 1
0.216194 0.157365 0.415984 1
0.264868 0.552265 0.130932 1
-0.628719 -2.17682 -0.532862 1
-0.0762331 0.0792923 -0.0590515 1
