# 1 = ball
# 2 = lepton
# 3 = photon
# 4 = PID > 100
# 5 = neutrino
# 6 = other
0.494158 0.131526 1.62768 4
0.840053 -1.5529 4.98069 4
1.12391 -0.574676 2.87061 4
0.499469 -0.468071 -0.245737 4
0.28673 0.106552 -0.545612 4
-0.26035 0.344834 -0.0828313 4
0.88663 0.682184 2.55738 4
0.451904 -1.34779 3.80197 4
-0.122706 -0.197475 0.394758 4
-0.415128 0.15968 -0.599048 4
0.209087 -0.0351478 -1.18847 4
-0.770031 0.740698 -2.98592 4
-1.76801 5.53453 -13.7999 4
-0.357896 0.930917 -1.12786 4
2.41445 -2.42257 7.31895 3
0.956885 -0.845277 2.76763 3
-0.0924659 -0.129659 0.57226 4
-0.114502 -0.0362562 -0.302653 3
-0.112462 -0.179758 -0.309039 3
-0.0630373 0.049825 -0.131879 3
-0.216393 -0.0829068 -0.381142 3
-1.02651 -0.0578795 0.690162 3
-0.117066 0.217521 0.219021 3
-0.10698 0.528332 -1.83329 3
0.0445076 0.857071 -1.28051 3
-0.312527 1.79035 -4.6118 3
-0.089327 1.09548 -2.87289 3
0.0272757 0.48577 -0.240619 4
-0.0647808 0.0380397 -0.153439 3
0.0187086 -0.0650814 -0.204221 3
-0.718642 -1.44066 4.10032 4
-0.137696 0.0270957 0.925314 3
-0.155113 -0.0508871 0.514857 3
-0.0611503 -0.079901 0.240585 3
-0.249011 -0.845774 1.56455 3
-0.00990162 -0.0630074 0.482101 3
0.0989128 0.0159401 0.467489 3
-0.158783 -0.559016 -2.5146 4
-0.0192337 0.0429411 -0.0618427 3
-0.254811 0.139705 -1.07176 3
-0.463961 -1.01259 1.70642 1
-0.454247 -0.614177 0.582816 1
0.100445 0.146687 -0.00558542 1
0.566009 -1.2238 0.198165 1
0.135532 0.253294 -0.104877 1
-0.249308 0.628548 -0.661426 1
0.00877866 -0.154278 -0.213929 1
-0.19065 0.021305 -0.179893 1
-0.543826 0.531003 -0.109446 1
-0.204928 -0.380194 0.012954 1
-0.190149 -0.678695 -0.768083 1
1.12804 -0.432438 0.0327875 1
0.00788771 0.0108337 0.0507199 1
-0.2278 0.0201925 -0.0919495 1
