# 1 = ball
# 2 = lepton
# 3 = photon
# 4 = PID > 100
# 5 = neutrino
# 6 = other
0.0010201 0.000731402 -0.00343672 3
-0.121598 1.06279 -0.464325 4
0.111274 -0.689112 -0.399203 4
-0.0326218 -0.656874 0.107759 4
-0.126855 -0.146096 0.0822474 4
0.343231 -0.036935 -0.0673036 4
-1.3566 -0.971864 0.947126 4
0.128665 -0.678931 0.369865 4
3.14018 2.96655 -2.7557 4
2.84461 3.57491 -2.61238 4
2.62043 3.46167 -3.05525 4
-0.137904 0.209108 -0.105481 4
0.069896 0.402701 -0.0805109 4
2.27726 2.21219 -1.59331 4
0.00145874 0.0162001 -0.0663644 3
0.360706 0.78987 -0.837613 4
0.129083 0.198989 -0.140596 4
0.148795 -0.902707 -0.639696 3
0.048498 -0.312269 -0.13042 3
-1.47455 -1.87142 1.4114 4
-0.914142 -1.50849 0.90845 4
-0.446791 -0.284621 0.358433 3
0.00495583 -0.0165806 -0.00141959 3
0.677433 0.172055 -0.789596 3
0.0880972 0.07699 -0.146722 3
0.297512 0.145633 -0.519446 3
-0.00921534 0.0113917 -0.0739012 3
0.578965 0.468316 -0.682588 4
0.248617 0.272139 -0.36294 3
0.150409 0.350651 -0.306465 3
-0.622363 -0.786238 0.581857 3
-0.0932012 -0.209527 0.168334 3
-1.55265 -2.20117 1.80165 4
-1.13964 -1.91426 2.17144 4
-2.93149 -3.82238 3.42653 4
-7.53436 -8.91284 8.66583 4
-0.235687 -0.259373 0.325722 3
-0.579723 -0.848594 0.720213 3
2.7324 4.65535 -2.9249 4
0.313096 0.349366 -0.369664 3
0.279749 0.539434 -0.460015 3
1.95195 3.65567 -3.0124 3
0.0139073 0.0606268 -0.0475327 3
-0.0753463 -0.0648486 -0.0137162 1
0.0744032 -0.043066 -0.207038 1
0.0361604 -0.100138 0.0616754 1
0.201949 0.19996 0.0495888 1
-0.2735 -0.247005 -0.195628 1
0.00816118 0.00986668 0.027693 1
-0.207546 -0.202403 0.22151 1
0.0279128 0.019127 -0.00509082 1
0.20493 0.175556 -0.271565 1
-0.0353037 0.0909369 -0.134156 1
0.206481 0.00862083 0.254214 1
0.0133713 -0.0529896 0.0208766 1
-0.106984 0.146401 0.034122 1
-0.0839534 0.292539 -0.018796 1
-0.0182115 0.00338745 -0.00959506 1
0.014144 0.246889 0.324423 1
0.0787136 0.175802 -0.0932679 1
0.185809 0.148993 -0.0553612 1
0.0729595 -0.0351248 0.0283367 1
-0.120436 0.108612 0.0885067 1
0.0868034 0.00311098 -0.1319 1
0.0969897 0.244344 0.2949 1
-0.0244351 -0.135672 0.0253211 1
0.088867 -0.0321704 0.14182 1
-0.217331 0.0759719 0.123255 1
0.0373754 0.0762059 -0.0317103 1
0.0652135 0.00433542 0.0741395 1
-0.0235259 -0.0165802 0.0108855 1
-0.314207 0.0515045 0.0187461 1
-0.13967 -0.0488646 -0.0230388 1
0.228283 0.16204 0.0625922 1
0.034161 0.140724 -0.138414 1
-0.0513593 0.115618 -0.0739183 1
-0.218294 -0.0030491 0.102057 1
0.0268613 0.0350186 0.0426721 1
-0.110086 -0.00412059 -0.0149479 1
0.112692 0.167987 0.0776704 1
0.0483088 -0.00386495 -0.0349853 1
-0.0253838 -0.00954721 -0.0224908 1
-0.0951097 -0.0899156 -0.138008 1
-0.0626922 -0.237243 0.130953 1
