# 1 = ball
# 2 = lepton
# 3 = photon
# 4 = PID > 100
# 5 = neutrino
# 6 = other
-0.802009 -0.512734 -1.94863 4
0.0228127 1.03398 -0.771538 4
0.243738 0.115245 -0.238928 4
-0.0871382 0.301147 -0.876408 4
0.140488 0.184992 -0.721548 4
-0.242033 -0.242784 0.12313 4
0.583921 1.09853 2.53009 4
0.731963 -0.309789 1.81493 4
1.05981 -0.299251 1.46292 4
-1.9097 -0.853597 -4.25912 4
-2.94298 -1.92936 -5.63674 4
-0.288077 0.277091 -0.423032 4
-0.266714 0.631256 -0.418439 4
0.390539 0.391601 -0.222803 4
0.388381 0.0273423 0.189846 4
1.79831 0.528106 6.12287 4
0.278607 0.158998 0.50293 4
1.61559 1.66777 7.35738 4
0.175884 0.372556 -0.543412 4
0.800704 0.007983 1.22705 4
-0.435264 -0.20048 -0.901924 4
-1.34936 -0.786496 -2.87878 4
-0.316072 0.257029 0.642192 3
0.00828561 -0.00653814 0.00873004 3
0.156545 0.46503 0.277231 3
0.275079 0.57267 0.519416 3
0.0746391 0.505606 0.743503 4
0.175821 0.417252 1.66052 4
-0.0331627 0.0192301 0.387296 3
0.0647407 0.104868 0.344204 3
1.59589 0.153885 2.51999 4
2.71536 -0.18787 4.52956 4
-3.66077 -1.87018 -8.53798 4
-0.62204 -0.214145 -0.850417 3
-0.14788 -0.00653193 -0.280836 3
-0.835169 -0.0121703 -1.24954 3
-0.193554 -0.0682605 -0.323497 3
-0.567911 -0.328351 -1.78499 3
-0.307073 -0.258365 -0.883436 3
-0.231778 -0.146653 -0.457678 3
-0.889439 -0.484529 -2.23357 3
-0.18265 -0.0707872 -0.500807 3
-0.687513 -0.570876 -2.34026 3
0.0302568 0.0186002 0.101356 3
-0.148616 0.0863973 0.398563 3
3.1099 0.310463 4.64339 4
0.70965 -0.347881 1.17722 4
