# 1 = ball
# 2 = lepton
# 3 = photon
# 4 = PID > 100
# 5 = neutrino
# 6 = other
0.963298 -1.59123 0.526588 4
0.0642268 0.0539891 1.07065 4
-0.136081 0.251556 -0.0736871 4
-0.543701 0.53907 1.15339 4
14.8189 -9.30963 -3.38517 4
2.87262 -2.20614 -0.483061 4
1.9001 -0.639075 -0.697503 4
-0.0524235 -0.33343 -0.00545439 4
-0.133585 0.0691219 0.0390091 4
0.794478 -0.447785 0.169315 4
0.299493 -0.153872 -0.369932 4
-0.50894 -0.173658 -0.399591 4
-0.982998 0.293618 1.0448 4
-6.32483 4.15283 0.436056 4
-8.90208 5.66036 1.51373 4
0.0640747 0.0636571 0.115038 4
0.366271 -0.0508594 0.223312 4
-0.857958 0.831173 0.123301 4
-0.111259 0.351389 -0.117876 4
-0.563104 0.177534 0.0271817 4
-3.90112 2.07043 1.01798 4
-0.381233 0.324872 0.0393035 3
-5.98694 4.68448 1.01786 3
1.02934 -0.693404 -0.348255 3
3.70334 -2.25134 -1.05981 3
3.94332 -2.059 -1.32125 3
0.075413 -0.04607 -0.0457497 3
0.20906 -0.143296 -0.01048 3
0.281602 -0.403611 -0.085537 3
0.0307156 -0.0146049 0.0925357 3
-0.0680199 0.101565 0.131244 3
0.10214 0.110082 0.159985 3
0.0342597 0.156123 0.383152 3
-0.00640582 -0.0877604 0.0989931 3
0.0284523 0.0462601 0.0464001 3
-0.246965 0.164808 -0.0416073 3
-0.357543 0.196112 0.0972174 3
-1.08997 0.717338 0.218925 3
-0.208084 0.0754163 0.0578986 3
-0.163722 -0.423324 0.0749945 1
-0.0316206 0.0851705 0.0296782 1
-0.0851627 -0.125142 0.147428 1
0.0453431 0.0860575 -0.191062 1
-0.0870808 0.11499 -0.015007 1
-0.0312301 -0.0292841 0.00907252 1
-0.0477589 -0.138615 0.0555273 1
0.196579 -0.179038 -0.0545365 1
0.00183457 0.0178876 -0.00639047 1
-0.495192 0.0119198 -0.732291 1
-0.0273746 -0.0174898 -0.0157186 1
-0.0170411 -0.103823 -0.177552 1
-0.00112992 -0.162279 -0.0605153 1
-0.111634 -0.0522652 -0.0412972 1
0.104565 0.160881 0.0771112 1
-0.00577616 -0.155536 0.112685 1
-0.297851 0.135932 0.0371836 1
0.083353 0.245056 0.0691682 1
0.220094 -0.189605 0.108022 1
0.170903 0.109321 -0.101553 1
-0.0445611 -0.0188493 -0.246199 1
0.120797 -0.0805561 -0.0285835 1
0.00595396 -0.380691 0.00783337 1
-0.0213871 0.058239 0.0154304 1
0.138911 -0.0477264 -0.0185043 1
0.0447342 -0.0138758 0.124436 1
0.166578 -0.0344206 0.144824 1
0.0253897 0.0477258 -0.182702 1
0.166841 0.0213099 -0.0320299 1
0.167631 -0.0306337 -0.0915339 1
0.0187988 0.0258329 -0.0129809 1
0.064321 0.0094544 -0.0145325 1
-0.066136 0.18606 -0.137618 1
-0.194484 -0.0785932 -0.184316 1
-0.0172874 0.122475 -0.0310418 1
0.181815 0.223783 -0.213467 1
-0.400771 0.115119 0.139782 1
0.00494667 -0.00249183 0.0774058 1
