# 1 = ball
# 2 = lepton
# 3 = photon
# 4 = PID > 100
# 5 = neutrino
# 6 = other
0.946076 3.56372 3.90009 3
1.88268 0.473993 -3.27678 3
-1.80921 -0.0901171 0.470141 4
-2.869 0.774215 0.339248 4
3.94861 -1.66742 -0.362762 4
8.05302 -2.8694 -0.987357 4
6.99485 -1.88967 -1.08629 4
1.39771 -0.281182 -0.037381 4
1.08087 -0.300251 -0.077951 4
0.0633026 0.0784257 0.184856 4
-3.98986 0.945644 0.438962 4
-3.56039 0.763935 0.23446 4
-4.72006 0.738764 0.693085 4
-13.2954 2.41093 1.67248 4
0.0652128 -0.140006 -0.0986047 3
0.184532 -0.108484 -0.034449 3
1.37675 -0.402971 0.268352 3
2.12162 -0.658688 0.249718 3
0.997036 -0.496373 0.0212016 4
0.716905 -0.197403 -0.2164 4
0.473971 -0.0269831 -0.00367295 3
0.106529 0.0450846 0.0408093 3
-0.0136958 0.108155 -0.166054 4
0.160907 0.484679 0.168262 4
0.159815 0.101202 0.130283 4
0.0782166 -0.0755776 -0.205129 4
-0.574784 0.0602031 0.322577 4
-1.63067 0.232831 0.170213 4
0.192307 -0.0719579 -0.158174 3
0.375372 -0.00920601 -0.136545 3
0.942532 -0.145506 -0.450677 3
0.988302 -0.0218558 -0.416659 3
0.527083 -0.0558135 0.0222284 3
0.389732 -0.0306122 0.133901 3
0.083237 0.0189236 0.161654 3
-0.0239887 0.0656926 0.0386922 3
-0.148367 -0.0758526 -0.0226976 3
-0.034211 -0.0296092 -0.101858 3
-0.435108 0.043726 0.050994 3
-1.92166 0.371101 0.455474 3
0.0719458 -0.0577052 0.0262438 1
0.221935 -0.272741 0.0592613 1
-0.315865 -0.637945 0.258203 1
-0.264009 -0.0429391 -1.37233 1
-0.177817 -0.235373 -0.215998 1
-0.0200186 0.131409 -0.00317298 1
1.0117 -0.781197 0.0681193 1
-0.0735252 0.226776 0.0896602 1
1.42093 0.508549 0.101528 1
-0.141998 -0.569812 0.0992264 1
-0.773666 0.306549 -0.908178 1
0.525353 0.0940963 -0.232302 1
-0.0817331 0.285632 -0.207757 1
-0.624276 -0.348732 -0.331792 1
-0.0597165 -0.242865 0.24105 1
