# 1 = ball
# 2 = lepton
# 3 = photon
# 4 = PID > 100
# 5 = neutrino
# 6 = other
-0.457956 0.940242 -1.71324 4
-0.12505 3.27421 -4.69433 4
-0.210754 0.243266 -0.364181 4
-0.425943 0.190669 0.177679 4
0.133192 0.0564024 0.258566 4
0.0442929 5.41817 -8.08107 4
-0.113485 1.15859 -1.748 4
0.183452 2.56886 -3.24422 4
-0.300363 -0.128324 0.151429 4
0.0423285 -2.57714 4.743 4
1.39961 -3.28 5.31234 4
0.61092 -3.81244 3.09037 4
-0.188422 -0.274422 1.36541 4
-0.285822 -0.251375 0.807088 4
0.0103709 0.147226 -0.210516 3
-0.140789 6.89882 -11.0728 3
-0.165511 0.11373 0.0911876 4
-0.462188 0.1676 0.208228 4
-0.280259 -0.0571232 0.827087 3
-0.254261 -0.192466 0.867099 3
0.274469 -0.805165 1.82418 4
0.452324 -0.669054 2.10793 4
0.00932465 0.053748 -0.101561 3
-0.140532 0.346711 -0.25128 3
-0.197363 0.153021 0.388331 3
-0.172425 0.0931594 0.579307 3
-0.0707336 -0.34027 0.374996 3
0.0605456 -0.247741 0.237152 3
0.204208 -0.220673 0.338197 3
0.496859 -0.830157 0.893645 3
1.426 -4.36946 3.82665 3
1.12403 -3.73413 3.35914 3
-0.0686704 0.0234149 0.00680998 3
0.0250711 0.141062 0.0484358 3
0.230968 -0.369832 0.427498 1
-0.316329 -0.175667 -0.655998 1
-0.223556 -0.137139 -0.10726 1
-0.195458 -0.140124 0.024341 1
-0.359399 0.0827235 -0.327314 1
-0.658562 0.0138662 -0.361505 1
-0.358441 -0.255291 0.271876 1
-0.00895801 -0.214911 -0.468547 1
-0.0423911 -0.0134042 0.00670252 1
0.110694 0.758982 0.245535 1
-0.263006 0.0678432 0.187766 1
-0.0248727 0.132494 -0.210191 1
0.0838904 -0.305101 -0.00547223 1
-0.422196 0.0580623 -0.380169 1
-0.0531415 0.393709 0.647204 1
0.222852 -0.110959 0.293772 1
-0.0222184 0.00868268 -0.02428 1
-0.225825 -0.461524 0.131079 1
-0.042429 0.25833 -0.0495756 1
-0.0033528 0.416942 -0.324502 1
-0.10866 -0.0174897 -0.00930612 1
0.197328 -0.131213 0.243911 1
0.0465891 -0.0579472 0.0413594 1
