# 1 = ball
# 2 = lepton
# 3 = photon
# 4 = PID > 100
# 5 = neutrino
# 6 = other
0.000690802 -0.00177936 7.08902e-05 3
-0.131729 -0.0863357 0.304176 4
0.167357 -1.39725 -1.42658 4
1.10735 -0.409918 -0.672615 4
-0.222424 2.69714 0.888975 4
0.307694 0.200426 0.00871408 4
0.0594436 0.200203 -0.103075 4
0.692128 -0.189175 -1.35639 4
0.0237612 0.222581 -0.533119 4
1.11701 -0.760875 -1.69884 4
0.192769 0.195057 -0.68086 4
2.79938 0.475509 -0.485402 4
2.04112 0.490872 -0.294844 4
-0.00792648 0.028486 0.00466536 4
0.519745 0.745356 -0.298299 4
0.606691 0.163496 -0.0284748 4
-0.201375 0.213458 0.083884 4
0.348711 -0.192372 -0.907416 4
6.02352 0.471008 -1.31965 4
1.39302 0.675713 0.168516 4
-0.292549 -0.213892 0.0988046 3
-0.118359 -0.0207983 -0.0137905 3
-0.0822703 0.0689833 -0.114568 3
0.407501 -0.0691621 -0.133498 3
0.283941 0.06344 -0.0776586 3
1.313 0.715361 -0.373295 4
1.16799 0.255105 0.0274954 4
0.107544 0.0750879 0.0136678 3
0.0756122 -0.060201 0.0182096 3
0.287862 0.280286 -0.255118 4
0.155553 0.167588 0.157515 4
0.033688 0.189468 0.0500903 3
0.409276 -0.0298266 -0.292478 3
0.920172 -0.253668 -0.788837 3
0.334281 -0.993391 -0.890421 3
-0.00184415 -0.153385 -0.136973 3
-0.0218461 -0.00689139 0.0329391 3
-0.0488755 0.256046 0.0749646 3
0.0990955 -0.067179 0.0181663 3
-0.0150772 0.0201274 0.0543419 3
0.237124 0.0813248 0.0349242 3
0.241259 0.0303895 0.166624 3
-2.55323 -2.41449 -0.708494 4
0.899759 0.325789 -0.123707 3
0.318377 0.0389368 -0.071726 3
-0.0680245 0.243907 -0.0327979 3
0.0306934 0.113383 -0.0887277 3
-0.806499 3.84536 2.19517 4
-3.03313 -1.89099 0.651105 4
-0.949629 -0.817496 0.414331 4
-0.603332 -0.376619 0.178146 3
-9.82215 -5.87759 2.35739 3
-3.61635 -2.2429 0.93827 4
-2.12787 -1.3781 0.784014 3
-1.21618 -0.834959 0.357676 3
-0.716023 -0.269883 -0.0158936 3
-0.328821 -0.105317 0.0823244 3
-0.263642 0.573659 0.287361 3
-0.102844 0.112032 0.124074 3
-0.138756 1.09063 0.291651 4
0.327691 1.85831 0.661411 4
1.13326 3.86382 1.39629 4
0.310872 0.297083 0.226078 3
0.0425926 0.100972 0.00410641 3
0.253696 0.863693 0.0671108 4
0.0484624 0.100612 0.248024 3
-0.0209339 -0.034289 0.0661078 3
0.0377583 -0.0638614 -0.0725904 1
-0.11011 -0.0475437 0.165586 1
0.0754068 -0.0476785 0.0289951 1
0.0904545 -0.0626022 0.00303496 1
0.110023 -0.184073 -0.0714619 1
-0.0956377 -0.00877596 0.00562809 1
-0.0257873 -0.0813983 -0.00455005 1
0.0146965 0.14981 0.113117 1
0.152049 0.0536745 -0.126662 1
0.256304 -0.242219 -0.225614 1
0.377955 -0.367218 0.0944334 1
-0.114382 -0.250395 0.0699929 1
-0.211821 -0.0658526 0.295742 1
-0.0170953 0.232556 -0.0825159 1
0.10156 0.0402843 0.0996088 1
0.0627774 -0.0554727 -0.0247253 1
-0.12015 0.0254618 0.0235672 1
0.140031 -0.213293 0.113003 1
0.170855 0.0351162 -0.016309 1
-0.222879 -0.108499 -0.00211362 1
