# 1 = ball
# 2 = lepton
# 3 = photon
# 4 = PID > 100
# 5 = neutrino
# 6 = other
-0.0022374 -0.00709291 -0.117227 3
0.167351 -0.126399 0.401722 4
-1.30709 -2.1236 0.4485 4
-0.10773 -0.438551 0.167758 4
0.545459 -0.148998 -0.271437 4
-0.630861 0.724939 -0.502788 4
-0.985353 -3.65206 1.11916 4
0.0643464 0.244001 -0.116463 3
0.023327 1.36047 -0.620319 4
-0.442142 1.36458 -0.513308 4
-0.0905996 0.535149 -0.291668 3
-0.126476 0.211757 -0.128211 3
-0.0313396 -0.0259153 0.0228426 3
-0.394189 -0.105834 -0.162592 3
-0.0332106 0.194112 0.0886981 4
-0.0800271 0.286845 0.0979299 4
-1.58146 2.21827 -2.32184 3
-0.126371 0.193716 -0.149508 3
-0.19609 -0.169719 0.329126 3
-0.0719848 -0.18188 0.147695 3
-0.106539 -0.231356 0.347701 3
0.177427 -0.109596 -0.0457475 3
0.196081 -0.196567 0.0808825 3
0.0192362 -0.0120591 0.00960737 3
0.0299027 -0.545374 0.375822 3
-0.0589399 -0.303167 0.135435 3
0.0576187 5.67165 -2.89008 5
-0.593393 7.183 -3.9528 2
-0.0279046 0.19431 -0.209636 3
-0.143923 0.4513 -0.258129 3
-0.135378 0.312827 -0.156096 3
0.00664096 -0.00941066 0.00425256 3
0.178615 -0.162802 -0.252719 3
0.130232 -0.0435572 -0.0429231 3
0.229927 -2.64017 0.6867 5
1.13355 -7.83709 4.27677 5
-0.398274 -0.68285 0.268952 4
-0.0409502 -0.611728 0.487264 4
-0.0232644 0.0994099 -0.00500039 3
0.141032 0.271825 -0.114639 3
-0.000688962 -0.633784 0.297702 4
0.004856 -1.02263 0.644477 4
0.936994 2.51541 -0.36502 4
0.700481 2.18446 -1.44965 4
-0.0157005 -5.6423 4.61909 4
-0.384554 -1.75387 1.24405 3
-0.0764144 -0.744467 0.495006 3
-0.0257557 -0.00280258 -0.00109948 3
0.0926508 -0.225359 0.133773 3
0.630359 1.75682 -0.614072 4
0.839367 -0.028236 0.309543 1
-0.00212498 0.00401023 0.047986 1
0.0233437 -0.294097 -0.295343 1
0.236123 0.597308 -0.885969 1
-0.270742 -0.559648 -0.000766908 1
0.547637 -0.051459 -0.587561 1
0.0218207 0.157822 -0.592316 1
0.83964 0.11632 -0.331017 1
-0.18357 -0.0559995 -0.112397 1
0.438076 0.302177 0.194739 1
0.252511 0.496382 -0.562124 1
0.0334524 -0.723053 0.229474 1
-0.092705 -0.292996 0.582239 1
0.143316 -0.184623 -0.146121 1
0.0252466 0.0460194 -0.00201814 1
0.189831 -0.527625 0.258953 1
-0.285908 0.123212 -0.248193 1
0.16764 0.250643 -0.063895 1
0.0329569 0.133641 -0.0573303 1
0.128219 0.457815 -0.295254 1
0.293391 0.332436 -0.239972 1
0.229893 -0.100104 -0.996699 1
-0.165583 -0.161246 -0.417582 1
0.612691 0.474504 0.253311 1
0.1217 -0.166072 0.0514404 1
0.0571587 -0.106681 -0.207121 1
-0.159756 0.293886 0.206892 1
0.178993 0.963086 1.76434 1
-1.11876 0.237444 -0.440527 1
-0.16459 0.608819 0.952796 1
0.145465 0.0422177 -0.158212 1
-0.341969 0.0302217 0.410743 1
