# 1 = ball
# 2 = lepton
# 3 = photon
# 4 = PID > 100
# 5 = neutrino
# 6 = other
-0.457247 -0.275881 0.0268189 4
0.0742771 -0.01115 0.284837 4
-1.04984 -0.672856 -1.78682 4
-1.16885 -1.30482 -1.15287 4
-3.95942 -2.11728 -1.64492 4
-5.69701 -3.36373 -2.71861 4
-1.05848 -0.841349 -0.185889 4
19.6641 10.6469 9.96608 4
0.498335 0.165334 0.552016 4
0.086642 0.26533 0.000427222 4
-0.00541181 0.296502 -0.532783 4
-0.0309792 0.0523934 0.0426994 4
-0.0684391 0.195411 0.244302 4
-5.89405 -3.95686 -2.17491 3
-4.42076 -2.41363 -1.51326 3
-3.91259 -2.38696 -1.60693 4
-1.29605 -1.01237 -0.700517 4
0.684546 0.375604 0.390019 3
2.83703 1.85603 1.58174 3
3.17287 1.26645 1.16319 4
0.395245 0.111912 0.0877912 3
-0.221865 -0.482246 -0.199021 4
0.0313946 -0.0512113 -0.235805 4
0.0461167 -0.129577 0.129175 3
-0.0630463 -0.0460704 0.0259787 3
-1.25926 -0.317073 -0.391547 3
-0.0862636 -0.0595905 -0.0409757 3
3.09765 1.45642 1.55044 3
2.46258 1.20076 1.11651 3
0.0629381 -0.559505 -0.456272 3
0.135733 -0.309393 -0.241942 3
-0.751095 -0.462795 -0.472134 3
-0.0412178 -0.0671515 -0.0236728 3
-0.295812 -0.207271 -0.124555 3
-0.034804 -0.0609185 0.0267945 3
-0.199817 0.0415732 -0.0359134 3
-0.0714597 -0.0184263 -0.10348 3
-0.558651 0.293288 -0.569136 1
0.183821 0.687439 0.478995 1
0.0487587 0.239247 0.0362329 1
-0.322622 -0.128357 -0.0433062 1
-0.326925 -0.0482264 0.000809488 1
0.121022 0.122911 -0.0963971 1
0.277419 0.0355186 -0.371114 1
-0.293289 0.713591 0.441715 1
-0.58037 0.749875 -0.577417 1
0.245117 0.532185 -0.146378 1
