# 1 = ball
# 2 = lepton
# 3 = photon
# 4 = PID > 100
# 5 = neutrino
# 6 = other
0.000279337 0.0047188 -0.0122801 3
0.286992 -0.905786 -0.783167 4
0.131444 -0.417902 0.298518 4
0.125699 0.265847 0.590431 4
-1.35473 5.46841 3.15477 4
0.509192 -0.116321 -0.721881 4
0.591465 -0.0458733 -0.495528 4
1.15527 -1.54708 -0.923124 4
-0.295448 0.105555 0.122055 4
0.162283 -0.32369 -0.0857027 4
0.0102847 0.103711 -0.263876 4
0.110409 0.247109 0.226091 4
0.710302 0.353916 0.267129 4
-0.153809 -0.0136674 0.551285 4
-0.21702 0.429853 0.240771 4
0.403254 -0.51506 -1.38787 4
0.0696172 -0.405534 -0.406395 3
-0.122448 -0.238998 -0.491486 3
-0.0956946 -0.360972 -0.437952 3
-0.774043 1.84775 0.725505 4
-0.0919226 0.172678 0.0280993 4
-9.3417e-05 0.177353 0.170152 3
0.108581 0.0833727 -0.012122 3
0.29155 0.00676454 0.0516883 3
0.0577549 -3.80658 -4.35457 4
0.379808 -1.92209 -1.72324 4
0.163802 -0.625032 -0.56474 4
-0.313241 0.607614 0.468551 3
-0.294745 0.677383 0.354091 3
-0.0651872 -0.160317 -0.147855 3
0.583068 -3.68966 -2.8938 4
1.41504 -3.20424 -3.76378 4
-0.120446 0.838664 0.705657 3
0.245216 -0.773502 -0.510482 5
-0.551206 0.627792 0.239918 2
-0.111031 0.327064 0.024659 5
-0.897604 4.02825 5.69015 2
-1.38071 3.80609 3.76809 5
-0.130329 0.549362 0.545324 3
-0.106482 0.247965 0.386056 3
0.278378 -1.25299 -0.56284 5
0.346154 -5.92084 -5.25727 4
-0.918218 5.46344 4.70426 4
-0.76066 2.75084 3.69948 4
0.225955 -0.602687 -0.575279 3
0.54799 -1.78771 -1.9487 3
0.103793 0.0455148 0.126326 1
-0.853123 0.352107 0.839493 1
-0.0325517 -0.305652 0.0381969 1
-0.187994 0.0748249 0.127359 1
0.480003 -0.185767 -0.241922 1
-0.138175 -0.46804 0.141107 1
-0.186048 -0.00153978 -0.0163969 1
0.736928 0.01564 0.794143 1
-0.0321048 -0.149661 -0.461519 1
-0.0454462 0.0676 -0.0355531 1
