# 1 = ball
# 2 = lepton
# 3 = photon
# 4 = PID > 100
# 5 = neutrino
# 6 = other
-0.0142392 0.00715173 0.00281467 3
0.00160439 0.000753417 -0.000996517 3
-1.76891 -1.0093 -1.68004 4
0.232441 0.44325 1.16083 4
-0.105827 0.358005 0.359208 4
2.05401 1.92135 2.40858 4
8.21745 7.34033 6.90488 4
-0.366172 -0.323461 -0.101289 4
0.57227 0.160445 0.333696 4
-5.74595 -5.10225 -4.08402 4
-5.55944 -4.22891 -4.33649 4
-8.21934 -5.61966 -6.06538 4
1.13894 1.68257 1.42653 4
4.59888 4.52627 4.38498 4
2.48474 2.36839 2.0488 4
-1.5513 -1.30738 -7.07465 4
0.234144 -0.34482 -0.0135023 4
-0.0490275 -0.14338 -0.186208 4
0.0329684 -0.207455 0.678807 4
0.476123 0.945475 0.00466186 4
-0.181122 -0.210362 0.180723 4
-0.512289 -0.465935 -0.141952 3
-0.317384 -0.265619 -0.193361 3
0.798876 0.635032 0.586206 3
1.86636 1.7533 1.50864 3
0.157042 0.0519141 0.154174 3
0.243804 0.130737 0.0654957 3
0.739619 -1.04618 0.697311 4
0.00779782 0.0210225 -0.0195718 3
0.00479813 -0.166137 0.0316322 3
0.331169 -0.453851 0.355847 4
-0.101064 -0.199771 0.00974144 4
0.196746 -0.48725 0.0715951 4
0.0235066 0.00631245 0.0211008 3
0.457166 -0.398491 0.122817 3
-0.128212 0.145445 -0.00318657 1
-0.302836 -0.435588 0.245494 1
-0.0407453 0.0130479 -0.0427683 1
-0.0425344 0.109422 0.0121381 1
-0.0344365 -0.116766 0.767165 1
0.0268807 -0.410678 -1.39543 1
0.050563 0.391529 0.217799 1
-0.143774 -0.015321 0.098955 1
0.432345 -0.208345 0.281887 1
-0.195635 0.155157 0.196337 1
