# 1 = ball
# 2 = lepton
# 3 = photon
# 4 = PID > 100
# 5 = neutrino
# 6 = other
-9.84214 1.27615 7.85779 3
0.0380646 -0.274752 -3.674 3
4.45184 0.473811 0.568681 4
2.20391 0.000950151 0.0299284 4
-0.119899 -0.0795351 -0.293473 4
10.657 1.27684 1.95407 4
3.62814 0.757888 0.871816 4
3.1938 -0.0427558 0.893251 4
1.25429 -0.320895 0.51493 4
-0.106237 -0.1152 0.102973 4
3.79831 0.475068 0.941449 4
3.64037 0.505516 0.83298 4
0.0282101 0.0599321 -0.00338268 3
-0.0425989 -0.0141129 0.0913943 3
0.113778 0.327011 0.234276 4
0.479786 0.0267836 0.475786 4
-0.774069 -0.0315089 -0.195978 4
-0.394245 -0.0520544 -0.335171 4
-0.408135 -0.415952 -0.293765 3
-0.093462 -0.204441 -0.0789337 3
-4.2556 -1.35846 -1.87481 4
-6.62434 -1.91429 -3.30403 4
-0.863711 0.150509 -0.441517 3
-0.331466 0.145144 -0.181064 3
0.86539 0.170034 0.251534 3
0.168745 0.0552971 -0.00630376 3
0.0919913 -0.0136264 0.0301729 3
-0.0254519 0.00193696 -0.0478165 3
-0.546619 0.235561 -0.306278 3
-0.116597 0.127691 -0.0881403 3
-7.059 -1.75565 -3.25306 3
-2.41706 -0.674402 -1.08391 3
-0.130864 0.202961 0.156139 1
0.0295256 -0.0922775 -0.0916148 1
-0.243448 0.0320761 -0.000369954 1
-0.013412 -0.0258897 -0.028736 1
0.0463707 0.130046 0.00381862 1
0.29892 -0.0649966 0.20369 1
-0.590997 0.502802 -0.188684 1
0.190174 0.0154955 0.277967 1
-0.117558 -0.225885 -0.0359344 1
0.00168879 0.00186824 0.00225138 1
0.487228 0.0332736 -0.205373 1
-0.112612 0.0268403 0.0248424 1
-0.0797773 0.024654 0.0777403 1
-0.128109 0.174852 0.0863316 1
0.0341472 0.0370739 -0.017486 1
-0.252182 0.169693 -0.347076 1
0.0140759 0.0347314 -0.0547804 1
0.0204006 0.321685 0.138293 1
0.00212632 -0.326163 -0.220948 1
-0.00695213 0.00848276 -0.127712 1
-0.0263829 0.218739 -0.263881 1
0.0503537 -0.141121 -0.115568 1
0.133209 -0.13276 -0.0300002 1
-0.132635 -0.263451 -0.0608163 1
0.0833822 0.0464703 0.206425 1
-0.147958 0.0434149 0.0951589 1
0.219139 0.0532562 0.00386303 1
0.00710529 -0.0267582 -0.0190684 1
0.0147361 -0.00585594 0.05648 1
-0.0908464 0.161016 0.323047 1
0.0760629 0.148422 -0.119074 1
0.0222555 -0.0244337 -0.0300294 1
-0.00661151 0.0608716 -0.0733523 1
-0.192048 -0.0572673 0.303044 1
-0.0825751 0.0481007 0.000323919 1
0.0300704 0.093609 -0.118643 1
0.00101923 -0.00206521 0.000325559 1
