# 1 = ball
# 2 = lepton
# 3 = photon
# 4 = PID > 100
# 5 = neutrino
# 6 = other
8.57009 -7.61982 16.938 3
0.1857 -0.0801243 4.46923 3
0.563011 -0.178186 -20.2018 3
0.0829236 -0.0242122 2.81164 3
-0.826136 3.51123 2.96349 5
-0.500624 0.495686 1.33464 4
-0.00598484 -0.0220338 -1.05064 5
-0.262263 0.0152835 -0.286608 2
-4.95243 1.66735 -12.5102 5
-0.434255 0.740313 0.644202 3
-0.422815 0.707569 0.792337 3
-0.0299456 -0.0177538 -0.138371 1
0.252256 0.590654 0.441335 1
-0.287655 0.113917 0.228953 1
-0.169769 0.106589 -0.00166256 1
0.119393 0.236381 0.10116 1
0.155868 0.288065 -0.0805175 1
-0.111382 0.299339 0.0552469 1
-0.296951 -0.122212 -0.260935 1
-0.448667 -0.262207 0.305124 1
-0.19447 -0.311635 0.0290675 1
-0.521166 0.222674 0.777289 1
-0.277962 -0.463029 0.124636 1
0.19544 0.333494 0.0903303 1
0.0242491 0.0512981 0.369111 1
-0.25793 0.159854 0.0257964 1
-0.0398997 0.0401038 0.0426806 1
-0.045193 -0.19007 0.268514 1
-0.0906991 -0.227292 -0.420848 1
-0.0620402 0.0088046 0.121629 1
0.125131 -0.170461 0.409174 1
-0.263688 -0.272547 0.0138683 1
-0.858664 0.051729 0.13639 1
-0.269202 -0.219941 0.682785 1
-0.216104 -0.266185 0.141802 1
-0.16506 0.115933 0.0187341 1
0.104694 -0.197504 -0.368416 1
0.195753 -0.275246 -0.215208 1
1.03854 -0.141072 0.359693 1
-0.356557 0.00979839 -0.0441849 1
0.742588 0.510113 0.433577 1
-0.0856164 0.101211 0.119237 1
0.481191 0.216153 -0.151652 1
0.1337 0.0475347 0.0788156 1
0.0239602 -0.0953643 -0.0305448 1
-0.101836 -0.0291557 0.0973936 1
-0.161082 0.318797 0.0772453 1
-0.183704 0.110684 -0.0963225 1
0.190978 0.0165521 0.286872 1
0.786926 0.311485 -0.321731 1
-0.0631507 0.100154 0.00736986 1
-0.0608108 0.100076 0.0182937 1
-0.0429362 0.0144369 0.452934 1
-0.0638457 -0.44296 -0.168677 1
0.0130947 -0.00273667 -0.0743398 1
-0.196987 0.00393943 0.124512 1
-0.0141251 0.00395848 0.016021 1
-0.643875 0.0105886 0.0135675 1
