# 1 = ball
# 2 = lepton
# 3 = photon
# 4 = PID > 100
# 5 = neutrino
# 6 = other
-0.00748996 -0.0123172 0.0582877 3
-0.484762 1.68028 -2.95767 4
-0.351364 0.676503 -1.1087 4
-0.473892 0.45258 -3.02346 4
-0.238754 0.372075 0.226897 4
-0.395592 -0.252572 0.513034 4
0.316498 -0.511886 1.26512 4
0.48207 0.0493061 0.380851 4
1.48807 -0.478381 2.44124 4
1.40031 -1.26161 3.14932 4
0.485237 -0.844557 1.18426 4
-0.239307 0.331812 -0.325655 4
-0.655674 0.793395 -0.20151 4
-0.257604 -0.712301 0.432832 4
0.548349 -0.653329 1.81976 4
0.797948 -1.06805 2.10114 4
-0.805661 0.671151 -0.538906 4
0.798178 -2.3776 4.33498 4
-3.70336 5.04586 -17.7827 4
-0.912886 0.102103 -0.332054 4
-0.436587 -0.0241088 0.00343877 4
0.520821 0.33668 0.55803 3
0.000860192 0.029912 0.0146109 3
2.32441 -3.46675 7.13885 2
1.11507 -1.42067 4.29688 5
-0.32497 0.376615 -1.14056 3
-0.902196 1.27325 -4.07241 3
-0.292685 0.408571 0.171183 3
0.0113777 0.026221 0.0282077 3
0.044346 -0.0155806 0.00940082 3
0.0350858 0.016211 -0.178154 3
-0.13956 0.121134 0.0731009 3
-0.0729432 0.191913 0.202974 3
-0.451869 1.27939 -3.96062 4
-0.0112309 0.120033 -0.775829 3
-0.000763436 0.00552469 0.00501647 3
-0.112506 -0.00291914 -0.0909398 3
-0.0728095 0.0959049 -0.239868 3
1.38805 -2.05782 3.99518 4
0.141395 -0.593524 1.30599 4
0.723532 0.721296 0.336543 1
0.589382 0.421115 0.285868 1
0.322649 -0.726952 0.336504 1
-0.0510599 0.0255768 0.084763 1
-0.199359 0.0754732 0.0957689 1
-1.93873 0.781042 -0.12095 1
