# 1 = ball
# 2 = lepton
# 3 = photon
# 4 = PID > 100
# 5 = neutrino
# 6 = other
-0.00027273 -0.00315906 -0.000700457 3
0.0954858 0.815386 0.367293 4
-3.728 0.826148 4.75519 4
5.70564 5.23552 7.18924 4
0.161166 0.214656 0.417382 4
0.738059 0.894614 0.834506 4
0.791524 0.828974 0.883823 4
1.03907 -0.830323 -0.468201 4
0.15393 -0.147275 -0.00232976 4
-0.417205 -0.0162598 -0.0928533 4
-1.84948 -3.5115 -4.96496 4
-0.00614348 -1.19925 -3.70216 4
-1.81918 -0.940886 -0.328503 4
-0.504628 0.421675 -0.376293 4
-0.250759 0.742736 0.383219 4
0.892747 0.316943 0.36642 4
0.398297 -1.05001 -1.08346 4
-0.227899 -0.27657 -0.206446 4
-0.516978 -2.56642 -3.00555 4
-0.50332 -0.492127 -0.965514 4
-0.341258 -1.18362 -1.28383 4
0.159321 -0.0580133 -0.197867 4
-0.996246 -0.869224 0.414924 4
-0.188788 0.0193489 -0.270288 4
-0.975951 0.398843 -0.355856 4
-1.70587 -2.22986 -6.06435 4
0.00692373 0.182095 -0.334507 4
-0.0381623 -0.121255 0.0808025 3
-0.171925 -0.0917469 0.229211 3
1.85624 1.99325 3.01664 3
2.07783 2.04542 3.14204 3
0.582762 0.556442 0.702636 3
1.78304 2.03033 2.26536 3
0.278202 0.297008 0.58671 3
0.629068 0.458343 1.33826 3
-0.011673 0.275362 0.491782 3
0.0753795 0.180602 0.217773 3
0.328195 -0.799029 -0.606222 3
0.0153581 -0.192349 -0.108482 3
-0.116287 -0.0710536 -0.1553 3
-0.768962 -0.833339 -1.67167 3
-0.985045 -0.367723 0.134416 3
-0.0425822 0.00991162 0.0168858 3
0.0731885 -0.00160597 0.145307 3
0.622962 0.34193 1.01157 3
-0.778323 -1.59084 -2.43714 3
-0.0800427 -0.0894577 -0.187123 3
-0.00828897 0.0360422 -0.0037013 3
-0.360326 0.0366635 -0.0577548 3
-0.872749 -0.320427 0.199307 3
-0.373953 -0.233483 0.0741664 3
0.120779 0.0300239 0.116681 1
0.0665669 -0.0789486 0.483999 1
0.65458 0.34431 0.241359 1
-0.174214 0.224033 0.300362 1
0.0429077 0.0570293 0.0162893 1
0.0797562 0.205655 -0.0409751 1
-0.495179 -0.327642 -0.620638 1
-0.369683 0.442065 -0.578956 1
0.0835163 -0.104538 0.0296292 1
0.0361877 -0.0602944 -0.465855 1
0.130685 0.196886 0.184296 1
