# 1 = ball
# 2 = lepton
# 3 = photon
# 4 = PID > 100
# 5 = neutrino
# 6 = other
0.00059805 -0.00339282 -0.0268622 3
0.90675 1.42302 0.046598 4
1.0004 3.21655 0.138673 4
0.74626 0.537482 -0.378334 4
-0.827296 -0.488366 -2.01364 4
-0.208055 -0.119094 -0.527067 4
-0.2954 -1.0756 0.121602 4
-1.63593 -4.73865 0.483515 4
-2.54158 -5.99996 0.441201 4
1.27435 1.97434 0.601312 4
1.2526 2.33945 0.411271 4
0.183602 0.675129 0.0301323 4
-0.0180968 -0.0142978 0.0166358 3
-0.811519 -0.014494 -0.052518 3
-0.326148 -0.378157 0.182543 4
-0.0248351 0.0502884 0.040129 3
-1.42292 -1.83635 -0.277953 4
-0.396877 -0.618054 0.00651196 4
0.604254 1.44915 0.116656 3
0.951234 2.09125 0.317494 3
1.7864 4.12202 0.26072 4
0.424951 0.993463 0.142138 3
0.035545 0.139056 -0.0250948 3
0.541432 1.27015 0.370289 3
0.870732 1.78327 0.402932 3
0.731699 1.50208 0.288593 3
0.695132 1.75228 0.309968 3
0.164647 0.265165 0.0195889 3
0.643836 1.63335 0.0583039 3
0.114557 0.488145 0.140587 3
0.249539 0.529374 0.0834976 3
0.1715 0.375159 0.133172 3
0.338307 0.837666 0.0917639 3
-0.364252 -2.14802 0.367478 2
-0.609612 -5.08 0.17648 5
-2.65461 -7.43711 0.39143 4
-0.122764 -0.808775 0.072808 3
-0.196932 -0.596006 0.00268678 3
0.137659 0.663215 -1.16193 1
-0.0710614 -0.260989 0.194579 1
-0.132337 0.533912 1.84254 1
-0.32922 -0.0973729 -0.372967 1
0.118422 -0.135077 -0.449097 1
-0.0778546 0.140093 -0.492335 1
-0.221983 0.0432358 0.101993 1
0.253181 0.412885 -0.21886 1
0.113304 0.187807 -0.250153 1
-0.73467 0.00784894 -1.08674 1
0.344034 -0.379591 0.339282 1
0.736291 1.14898 0.121855 1
-0.181271 0.0414142 -0.0103616 1
0.268298 -0.225386 -0.240641 1
0.135965 -0.814728 -0.532422 1
-0.271017 -0.0034612 -0.242133 1
-0.343083 0.325415 -0.240677 1
-0.152712 -0.276246 -0.0270296 1
-0.90724 1.08555 -0.0731797 1
0.28109 0.0135278 -0.0696183 1
-0.224602 -0.190265 0.380155 1
0.460324 0.673809 0.119941 1
-0.0281417 0.00430856 -0.100911 1
0.337642 0.0183662 0.423572 1
0.0370506 0.717936 0.0350542 1
0.225995 -0.07516 -0.15669 1
0.181858 -0.127958 0.143522 1
0.108758 -0.0764932 -0.177778 1
-0.390204 -0.0710723 -0.29395 1
-0.905989 -1.37603 -0.470254 1
