# 1 = ball
# 2 = lepton
# 3 = photon
# 4 = PID > 100
# 5 = neutrino
# 6 = other
-1.09061 0.942092 0.537681 4
-0.000539976 -0.438043 -0.0745433 4
1.6661 -1.33697 -0.666274 4
2.56583 -1.88483 -0.358949 4
-3.62289 3.05857 -0.0598295 4
-0.404544 0.579391 0.0391898 4
-0.769723 0.347453 0.224129 4
0.00401251 0.00281954 -0.00303934 3
9.61852 -9.03525 -1.18396 4
2.12643 -2.66903 -0.981973 4
5.47965 -4.02822 -0.849526 4
-4.53808 3.78914 0.407075 4
3.45114 -2.46977 -1.01344 4
-3.50122 3.5077 0.407815 2
-0.844042 0.437717 0.309126 5
-0.399536 0.564302 -0.100911 4
-0.444571 -0.0149293 0.22763 4
-1.18269 1.14515 0.285324 3
-0.0493621 0.0869343 -4.35299e-05 3
-3.28185 2.69416 1.15083 3
-2.62217 2.00697 0.93506 3
0.714366 -0.969572 -0.495878 4
0.523064 -0.640178 -0.381481 3
0.475736 -0.42335 -0.363798 3
-4.38522 3.70035 0.641948 4
-2.38582 2.22958 0.756873 3
-0.417717 0.44634 0.184819 3
1.7257 -1.08653 -0.502159 3
1.0259 -0.742134 -0.241794 3
0.067904 -0.124386 0.38523 1
-0.0986452 -0.0829611 0.0532261 1
-0.0410327 0.0815488 -0.0326768 1
-0.00956443 0.0899209 0.00477061 1
-0.128532 -0.114502 0.00523721 1
-0.00965221 -0.238387 0.228583 1
-0.0377762 0.153016 0.405985 1
0.135726 -0.0512304 0.0442959 1
-0.0588855 -0.0762588 0.105141 1
0.165052 0.119254 0.0272 1
0.0126405 -0.00911656 0.149789 1
-0.0144042 -0.0641663 -0.0167059 1
0.168388 0.0921038 -0.159329 1
-0.145548 0.26276 0.00950399 1
-0.0374052 -0.0701941 -0.132188 1
0.104755 -0.0934614 0.167091 1
0.0648188 -0.110945 0.077637 1
-0.0132483 0.122223 0.0593862 1
0.0298382 -0.023895 -0.0994721 1
-0.00717145 0.00841432 -0.00386892 1
-0.0496577 -0.0480621 -0.19208 1
-0.0296106 0.0190827 0.012254 1
-0.0510725 0.0151349 -0.0117745 1
-0.0451945 -0.0289951 0.0881553 1
0.00796862 0.169561 -0.0713929 1
-0.033516 0.100548 -0.0524305 1
-0.0100834 -0.145056 0.377803 1
-0.102705 0.171381 -0.517753 1
0.143999 0.0902556 0.0589119 1
0.124099 -0.0686562 0.0136228 1
0.0312863 -0.141739 -0.0195653 1
0.0237238 -0.117838 0.0746396 1
-0.00667661 0.0363136 0.0116025 1
0.0598304 -0.0413631 -0.00508892 1
-0.0183459 0.0067031 -0.0147156 1
0.0825551 0.0298642 -0.0491751 1
0.17021 -0.0791128 -0.109748 1
-0.0166244 0.0251149 0.249067 1
-0.0254403 0.0130114 -0.00387831 1
0.0367184 -0.048028 0.120696 1
0.0129183 0.101666 -0.00998305 1
0.107445 0.0402494 -0.173843 1
0.00602846 0.230703 0.117958 1
-0.000969669 -0.000343993 -0.00201123 1
