# 1 = ball
# 2 = lepton
# 3 = photon
# 4 = PID > 100
# 5 = neutrino
# 6 = other
-2.32078 2.1251 -9.7119 3
-0.95031 -1.26353 5.15691 3
1.24389 0.0381472 -1.74952 5
8.2002 3.05477 -17.8849 4
-0.273736 -0.257817 1.2538 5
-8.17066 -3.4288 22.9464 2
-1.89942 -0.136182 4.24027 5
1.18354 0.20359 -2.55692 3
0.062112 0.0122912 -0.225872 3
-0.432205 -0.426525 0.0658619 1
-0.0155062 0.163427 0.056326 1
-0.120006 0.117923 0.21053 1
-0.109752 0.0233244 -0.0630915 1
0.335277 0.541713 0.525087 1
-0.353447 0.493304 1.03845 1
0.173716 0.194214 -0.241119 1
0.53638 0.440383 -0.0445548 1
-0.48017 0.1382 -0.658691 1
0.3123 -0.169205 -0.233717 1
0.175201 -0.0347766 0.0128454 1
0.130462 0.421127 0.137337 1
1.0861 -0.81332 -0.42947 1
-0.0190433 0.0255813 0.265991 1
0.408474 0.0897728 -0.219381 1
0.120396 -0.1349 0.932859 1
-0.952156 -0.442878 -0.299019 1
-0.516243 0.365139 -0.136338 1
-0.00439787 -0.0491977 0.083512 1
0.530072 0.56687 -1.01449 1
0.1921 -0.0317465 0.703595 1
-0.0949784 0.0304912 -0.632696 1
0.836366 -1.1292 -0.529529 1
0.177301 -0.122991 -0.207044 1
-0.0477765 -0.116706 0.0127949 1
-0.043802 -0.160922 0.435848 1
0.236804 -0.324809 -0.0890509 1
-0.436606 -0.333046 -0.348103 1
0.718096 -0.303171 -0.443498 1
0.0136732 0.0597103 0.062242 1
0.431094 0.510759 -0.447851 1
0.193808 0.0333638 0.126307 1
-0.0506425 0.0298383 -0.103077 1
-0.00573404 0.000681333 0.00287816 1
