# 1 = ball
# 2 = lepton
# 3 = photon
# 4 = PID > 100
# 5 = neutrino
# 6 = other
-0.222866 0.09408 1.198 3
0.000579148 0.000986024 -0.00103302 3
0.0476006 -1.49771 0.152119 4
-0.81714 -0.840374 -0.77562 4
0.423534 0.432405 0.495543 4
0.911034 2.64093 -0.722367 4
1.82628 3.56566 0.32766 4
0.585126 0.155475 -0.0164012 4
0.410424 0.720095 0.319943 4
0.088302 0.851827 0.0747102 4
-2.20338 -4.55067 0.872195 4
-1.03854 -1.76707 -0.612759 3
-0.330248 -0.652836 -0.288753 3
-2.52622 -3.9711 -1.13935 3
-0.179199 -0.221971 -0.077916 3
-2.39761 -3.53828 -0.659492 3
-1.76949 -2.41065 -0.452937 3
-0.0144125 -0.0690491 -0.134933 3
0.0418496 0.00225043 -0.465497 3
1.11161 4.60606 -1.33563 5
4.20865 5.59319 -0.276918 2
0.575895 0.621997 -0.195183 3
0.513337 0.717438 -0.120238 3
-0.29513 -0.655618 0.12582 4
-0.151741 -0.579457 0.0448818 4
-0.287775 -1.11377 0.324622 4
-3.7524 -6.99018 1.29214 4
-0.0451577 -0.01973 0.012144 3
0.279343 0.86486 -0.139943 3
-1.12467 -2.95336 0.243959 4
-0.130628 -0.158975 0.0216328 3
0.0119112 -0.0640383 0.0658169 3
0.407765 0.767352 0.0719639 4
0.720639 2.75625 0.0816341 4
-0.165886 -1.11031 0.436825 4
0.00698391 0.00344593 -0.0111016 3
-0.18743 -0.173207 0.229589 3
5.32139 11.2898 -0.630204 4
-0.860332 -1.81769 0.372059 3
-0.483133 -0.914804 0.104988 3
0.0543382 -0.460188 0.430831 1
0.130186 0.196706 0.167074 1
-0.0678918 -0.00236154 -0.239769 1
0.0840795 0.0932052 0.132173 1
0.183764 0.486493 0.421977 1
-0.253007 -0.119782 0.40477 1
0.487237 -0.49103 -0.192452 1
-0.111982 0.0148117 0.1291 1
1.13421 0.613758 -0.295266 1
-0.147389 0.0557232 0.231512 1
-0.00241436 -0.000626139 -0.00192358 1
