# 1 = ball
# 2 = lepton
# 3 = photon
# 4 = PID > 100
# 5 = neutrino
# 6 = other
-0.0975012 0.00579409 -0.444329 3
-1.62401 -0.797672 -1.05944 4
-0.645067 -0.430994 -0.447598 4
-1.52777 -0.480615 -1.31554 4
0.092525 -0.204972 0.400738 4
5.40739 2.27846 3.56815 4
-5.1118 -1.95665 -4.05447 4
-2.13323 -0.583705 -2.21747 4
-0.439295 0.187138 -0.429978 4
-0.374562 -0.00166202 -0.375289 4
0.628796 -0.166054 1.14346 4
-2.76071 -0.755055 -2.07893 3
1.60488 0.249209 1.12974 4
8.17776 2.38696 6.71481 4
-1.24933 -0.0993392 -1.19028 3
-0.216994 -0.0435256 -0.145816 3
0.0844539 -0.166762 -0.0706115 3
0.101359 -0.0890535 -0.183125 3
0.11488 0.0604276 0.113973 3
0.0709113 0.165448 0.0405181 3
-7.83634 -1.89235 -5.41836 4
10.8552 3.43534 9.19028 4
1.1734 0.244407 0.822924 3
3.61281 0.773957 2.82844 3
0.35315 0.0541115 0.296735 3
1.79858 0.577244 1.4627 3
-1.7187 -0.626671 -1.27513 4
-0.920215 -0.341747 -0.58229 4
-7.42059 -1.78167 -6.42381 4
