# 1 = ball
# 2 = lepton
# 3 = photon
# 4 = PID > 100
# 5 = neutrino
# 6 = other
0.00224659 0.0118229 -0.00635956 3
2.45841 1.74991 1.43603 4
1.13229 0.460525 1.04678 4
1.10075 0.639496 -0.147913 4
0.953074 0.147258 0.515563 4
1.17661 1.6156 0.317749 4
0.142603 0.243831 -0.11857 4
-0.0447263 0.506972 0.0273856 4
-0.103949 0.6604 -0.56993 4
-2.3826 -0.796543 -1.89296 4
-1.46025 -0.445308 -1.70915 4
-0.347306 0.0218855 0.0824252 4
0.546758 0.77295 0.152157 4
0.270052 0.420634 0.266365 4
0.368934 0.764725 -0.152163 4
-0.26526 1.48784 -0.676644 4
-0.385584 1.70665 -1.25295 4
0.124629 0.477896 -0.191046 4
-0.394004 0.463857 -0.223061 4
-0.777837 0.753087 0.241452 4
-0.514474 0.0229543 0.138855 4
-0.902522 0.740772 0.0092912 4
-1.11745 0.908768 -0.084281 4
-0.547784 -4.11082 0.573607 4
0.136258 -0.266635 -0.13834 4
-1.22937 -7.56771 0.269203 4
2.0338 2.51804 0.965931 3
0.882065 1.23801 0.466071 3
0.600257 0.400364 0.353105 4
1.08946 0.709899 0.642685 4
0.186622 -0.0308392 0.0696736 3
1.1847 1.32958 0.538041 3
0.127458 0.0124741 0.183601 3
-0.0298294 0.00984806 -0.0532501 3
0.0862859 0.267529 -0.339789 3
0.0807717 0.747401 0.230305 4
0.0388673 0.902106 -0.144439 4
0.0275778 0.530107 0.0262246 3
-1.22995 0.115313 0.102412 3
-1.07655 0.0991443 -0.0366721 3
-0.0184477 -0.0171202 0.0399088 3
-0.127968 -0.116105 -0.100754 3
-0.473927 -0.810686 0.336188 4
-0.0831967 -0.871442 0.178326 4
0.118756 0.331707 0.186641 3
-0.0209913 0.00381622 0.00422842 3
-0.288369 -0.0558032 0.0485772 3
-0.329168 -0.0578746 0.209562 3
-0.541266 -2.13639 -0.091866 3
-0.369435 -3.74674 0.284755 3
-0.11929 -1.04886 0.0604299 4
-0.376741 -1.11532 -0.0794355 4
4.63019 4.29595 0.220222 3
0.333905 0.304624 0.0517669 3
0.173961 -0.124374 -0.043652 3
0.0230806 -0.109961 -0.0822518 3
-1.17919 0.930451 -0.588696 3
-1.30762 0.863425 -0.656001 3
0.038272 0.0312067 -0.012333 3
-0.0941632 0.0886548 -0.151585 3
-0.0362161 -0.153889 0.0720512 3
-0.421951 -0.813781 0.172584 3
-0.0498841 -0.0631098 -0.0746976 3
-0.0649994 -0.0716019 0.0592131 3
-1.06666 -5.33385 0.0833088 3
-0.203675 -0.916015 -0.037971 3
0.106524 -0.0404393 -0.171453 1
0.459834 0.164459 0.0292859 1
-0.0479414 0.127355 -0.0270625 1
0.161714 -0.0171651 0.0726009 1
0.00970357 0.00709384 -0.0208614 1
0.0874194 0.0448424 -0.112418 1
-0.22836 0.182295 -0.210252 1
0.0628102 -0.151762 -0.160958 1
-0.154809 0.0951481 -0.203582 1
-0.403978 0.217856 -0.0328233 1
-0.111929 0.102308 -0.0958756 1
0.0646501 -0.0238229 -0.248812 1
-0.069747 -0.0555322 0.0577631 1
-0.0966934 -0.0843308 -0.154579 1
0.0185434 -0.0550685 0.101085 1
0.0443954 0.0663133 0.0634263 1
0.140673 -0.10836 -0.0408366 1
0.00449286 -0.00466654 0.000660627 1
-0.137989 -0.0205711 0.131315 1
0.00451925 0.0281184 0.0157832 1
0.000139292 -0.000766344 0.0016288 1
