# 1 = ball
# 2 = lepton
# 3 = photon
# 4 = PID > 100
# 5 = neutrino
# 6 = other
0.000617221 0.0019095 0.00339293 3
0.632021 -0.378737 -0.755848 4
1.15813 0.343754 -1.9322 4
1.27902 0.511354 -3.47074 4
3.04842 2.46173 -5.44962 4
-3.21561 -1.49365 2.90133 4
-2.72246 -0.421383 2.55403 4
-0.260865 -1.04063 3.24626 4
-1.19619 0.379077 3.74724 4
0.853458 1.09705 2.29955 4
0.879803 0.0132493 -0.10327 4
-0.00352742 -0.0945402 0.159147 4
0.0981123 -0.538208 1.62683 4
0.489901 0.174163 1.35763 4
0.131693 0.0668878 0.0667852 3
0.427254 0.104861 0.45864 3
3.31118 1.85252 -5.66157 4
1.10293 0.46435 -2.46918 4
-0.146246 -0.0154737 0.0377926 4
-0.0625517 0.240241 0.47841 4
0.111078 0.0405668 0.342823 4
-1.30273 -0.362242 1.22259 3
-1.07907 -0.177082 0.954434 3
0.00483803 0.00840869 -0.00749827 3
-0.120753 -0.111707 0.361817 3
1.25152 0.548418 -2.05334 4
-9.6346 -7.41118 12.6168 4
-0.0161212 -0.0183173 -0.0257262 3
-0.00396369 0.0555621 0.12651 3
5.36885 3.16068 -11.5728 3
0.241169 0.173573 -0.576032 3
0.0230634 -0.0633608 0.0620541 1
0.123219 -0.00328221 -0.0599441 1
-0.0681745 0.00732195 -0.163765 1
-0.12714 0.0371989 -0.077166 1
0.13915 0.043624 -0.0224224 1
0.00649089 0.00789129 -0.000770603 1
-0.133203 0.224048 -0.117477 1
-0.047528 0.0172615 0.0492546 1
-0.00136702 -0.0228046 -0.0257115 1
-0.0082166 0.0623285 0.0391873 1
0.133189 -0.0616912 0.0468133 1
-0.00478669 -0.0316111 0.0121975 1
0.174843 0.112188 0.0265502 1
-0.196131 -0.207093 -0.0148771 1
-0.424582 0.352767 -0.191073 1
-0.0766231 -0.116163 -0.129684 1
0.00673107 0.0654243 0.234677 1
-0.164907 0.0474679 0.00733091 1
-0.0763976 -0.0605389 -0.037357 1
0.0272803 -0.0210897 -0.0140389 1
0.116652 -0.0600659 -0.123568 1
-0.0289283 0.0538479 0.0373664 1
-0.0189599 -0.0182916 -0.0226204 1
0.00101247 -0.000590643 0.000784086 1
