# 1 = ball
# 2 = lepton
# 3 = photon
# 4 = PID > 100
# 5 = neutrino
# 6 = other
-0.00356577 0.00439805 0.0641016 3
-0.934873 -15.8039 7.62391 4
-0.31384 -0.494227 -0.00961309 4
0.123637 -0.531529 0.205718 4
0.0169576 1.1455 1.51368 4
-0.13641 0.605116 0.282042 4
-0.546429 0.728512 2.17736 4
-0.40195 0.172051 0.506738 4
0.402661 2.02401 3.06583 4
-0.526283 1.76386 2.91932 4
-0.0441453 0.0493002 0.154348 4
0.252755 0.329054 1.07544 4
0.0339524 0.149889 -0.117737 4
0.829217 1.30589 -2.1082 4
-1.02141 -10.1031 3.90421 4
-0.126419 -1.03609 0.801973 4
-0.290789 0.683732 -1.16716 4
0.828349 1.92761 -1.88521 4
1.50985 0.907428 -1.07851 4
0.663717 2.47636 -3.08422 4
-0.201532 2.06798 -2.62489 4
-0.142463 -0.0856209 0.203047 4
-0.361426 -0.914302 0.443894 4
0.0713108 -0.657835 0.407607 4
-0.0968075 -0.31226 0.210467 4
0.00274204 0.335017 1.11372 3
-0.0701286 0.329664 0.783512 3
-0.203622 0.0843927 -0.185087 3
-0.244745 -0.288905 0.246091 3
0.726303 0.934391 -1.66785 4
0.692555 0.933634 -1.04031 4
0.0172624 0.256834 -0.343145 3
0.523342 2.16751 -3.17973 3
-0.100964 -0.533894 0.25571 3
-0.00651286 -0.0882153 0.111067 3
0.0972918 -0.148745 -0.0782396 3
0.0354072 0.00661995 0.0305872 3
0.113038 0.149754 -0.121777 3
0.274207 0.789822 -0.686783 3
-0.0275578 1.06608 -0.466423 3
0.0154771 0.0182021 -0.0236174 3
-1.0541 4.46396 -4.74102 3
-0.625 2.94359 -2.9888 3
-0.0780155 -0.169914 -0.0274264 3
0.0324847 -0.262356 0.0311033 3
0.0884394 0.0860999 0.0638107 3
0.0452014 -0.047795 0.00242109 3
0.010053 0.251079 -0.195382 3
0.152776 0.321385 -0.376562 3
