# 1 = ball
# 2 = lepton
# 3 = photon
# 4 = PID > 100
# 5 = neutrino
# 6 = other
-0.000773967 0.000432266 0.000170756 3
-0.513883 -2.36055 -3.27206 4
1.02753 -14.6114 -16.987 4
0.0811516 0.902342 0.107265 4
0.532022 0.0131917 0.468627 4
-0.0184186 0.0207033 -0.204325 4
-0.214145 0.0885521 -0.723798 4
0.281489 -7.50611 -8.67573 4
-0.555714 2.89555 2.85029 4
-0.714916 7.78557 10.3567 4
-0.316661 0.864758 0.78049 4
1.2714 0.00714694 0.63681 4
-0.673125 6.35321 7.46552 4
-0.501264 4.41627 5.0837 4
0.0324374 0.442871 0.44739 3
0.0845833 1.56095 1.95354 3
0.355255 0.80042 0.327501 3
0.353288 0.597447 0.356992 3
-0.00528184 0.0246008 0.0352697 3
-0.121547 -0.158167 0.119416 3
0.0473395 -0.374509 -0.251615 3
-0.0212052 -0.00475744 -0.035031 3
-0.110329 -1.00734 -1.16297 3
0.0142531 -0.121911 -0.0890785 3
-0.0574284 -0.0969326 -0.164567 3
-0.0231505 -0.263733 -0.149976 3
0.0918852 0.0969911 0.0821654 3
0.0999628 -0.0392823 0.0493267 3
0.0966281 0.0968041 0.0705218 3
0.0708566 0.0370621 0.20691 3
0.00771309 0.0199392 0.0268906 3
0.402653 -0.109551 0.245448 3
0.0492861 0.0681761 0.0426189 1
0.13051 -0.229353 -0.104257 1
-0.156073 0.110399 0.0087754 1
-0.0448079 0.0139232 0.173382 1
-0.153836 0.286357 -0.289839 1
-0.12332 0.220028 0.0377825 1
-0.199946 -0.0614541 0.0315993 1
-0.170338 0.0372896 0.182998 1
0.0100317 0.17764 -0.0763141 1
-0.0390087 0.00426065 0.00511432 1
-0.139372 -0.0853511 0.0951971 1
0.029839 -0.203599 -0.0246425 1
-0.230114 -0.0159291 -0.284816 1
-0.00392253 -0.0942539 0.1396 1
-0.117857 0.00322208 0.165488 1
-0.124749 -0.443046 0.0196574 1
0.00656899 0.0521616 -0.0318585 1
0.109312 0.0134639 -0.0896309 1
0.165193 -0.224451 0.0443453 1
