# 1 = ball
# 2 = lepton
# 3 = photon
# 4 = PID > 100
# 5 = neutrino
# 6 = other
-1.89453e-07 1.80392e-06 0.000188433 3
14.659 -9.97822 -10.4524 4
1.26307 -0.615872 -0.883263 4
3.69183 -2.08579 -1.9862 4
0.39771 -0.816743 -0.268372 4
0.377913 0.19957 0.116395 4
-16.251 11.6035 10.5235 4
0.10348 -0.160067 -0.187344 4
-2.59248 1.59175 2.07909 4
-3.84355 3.12097 2.58041 4
-0.474816 0.229995 -0.289807 4
0.842497 -0.925634 -0.643111 3
1.52112 -0.749477 -0.972196 3
4.57573 -3.38087 -2.83513 4
2.06187 -1.29313 -1.30195 4
-0.0319969 0.0467025 0.0278479 3
-1.83845 1.26307 0.850637 3
-2.42342 1.4816 1.71848 3
-0.368203 0.281383 0.310855 3
-1.19887 0.907012 0.919009 3
-0.0489021 0.0765353 0.0456366 3
-0.831937 0.495114 0.58561 3
-0.743753 0.521272 0.684573 3
0.847085 -0.851651 -0.524783 3
0.219447 -0.135754 -0.0946446 3
0.080942 -0.146341 -0.262643 1
0.0146788 0.0209823 -0.0971462 1
-0.0628034 -0.0508862 0.197498 1
0.211775 0.193975 -0.223172 1
0.0936644 0.0211939 0.213104 1
-0.0239823 -0.082257 -0.00506437 1
-0.0641294 -0.179052 0.106997 1
0.101199 -0.00345593 0.0840972 1
-0.218796 -0.210905 0.112536 1
-0.103723 -0.0637893 0.0152349 1
-0.120104 -0.0266924 0.199985 1
-0.116072 -0.291621 -0.195467 1
0.0510533 0.148892 0.0364717 1
-0.302034 -0.295383 -0.100438 1
0.213239 -0.16148 -0.0513422 1
0.360822 0.341471 0.00188901 1
0.00919316 0.00829611 -0.0858118 1
-0.0382542 -0.048178 0.0503192 1
