# 1 = ball
# 2 = lepton
# 3 = photon
# 4 = PID > 100
# 5 = neutrino
# 6 = other
0.422788 -0.138597 -0.165982 3
-2.52768e-06 -2.13503e-06 0.000495674 3
0.124752 -8.66983 -6.1733 4
-0.00116405 -2.05413 -1.29107 4
1.48811 -3.15825 -1.49594 4
2.90531 -3.73176 -0.543377 4
0.255566 -0.521876 -0.260386 4
-0.6392 -0.716768 1.17331 4
0.108508 4.41898 1.09101 4
-1.74143 4.173 2.77441 4
0.168298 -0.352174 -0.487995 3
0.0194554 -0.269683 -0.424685 3
-0.225975 -0.208533 -0.233074 4
0.118104 -0.324734 0.0147097 4
0.181578 -0.307226 0.0267396 4
0.61257 -0.0871569 -0.228479 4
1.27061 -0.738099 -1.35135 3
0.282929 -0.242488 -0.337025 3
-2.00604 5.92292 4.20775 4
-0.234583 0.803811 0.577751 3
-1.33003 4.80556 2.68116 4
-1.36559 4.22841 2.08669 4
0.222832 -0.4387 0.0529724 3
0.506317 -1.49545 0.255619 3
-0.3815 -0.161486 0.186544 3
-0.134048 0.0180763 0.0302362 3
-0.276451 1.02073 0.46928 3
-0.0571191 0.296547 0.0619747 3
-0.25293 -1.53129 -1.29051 4
-0.0252366 -0.360891 -0.150953 3
0.0102456 -0.263053 -0.00702252 2
0.00977053 -0.0785917 -0.025595 2
0.151575 -0.0714254 0.0652355 3
0.503101 -0.136229 -0.0200369 3
-0.34783 1.52562 0.967195 3
-0.778049 3.04293 2.14737 3
-0.0900821 0.35667 0.0862708 3
-0.285167 0.915554 0.448974 3
-0.0203938 -0.448373 -0.364949 3
0.0545113 -0.104266 -0.0577014 3
0.153118 -0.313372 -0.178129 3
0.0272346 -0.307235 -0.227204 3
0.153983 -0.383258 -0.199097 3
-0.117967 -1.74513 -1.86268 3
0.168081 -2.24429 -1.03718 3
-0.024805 -0.276056 -0.142364 3
0.525073 -0.219401 -0.149546 1
0.0622969 -0.084827 -0.0662201 1
-0.0790483 0.00670375 0.0412857 1
0.375738 0.403987 -0.111108 1
-0.15269 0.33967 -0.0373709 1
-0.331711 0.186804 0.240385 1
0.0430414 0.0565488 -0.131016 1
-0.13825 -0.020671 -0.128387 1
0.0254259 -0.00761469 -0.05205 1
-0.0482701 -0.178907 0.0116241 1
-0.0572541 0.0800202 0.0840667 1
0.0107258 0.0222858 0.0249797 1
-0.0571599 0.181904 0.145358 1
-0.316324 -0.300437 -0.158952 1
0.0551201 0.0913898 -0.0441729 1
-0.279018 -0.30253 -0.255309 1
0.10231 0.0702285 -0.175536 1
0.132776 -0.0534371 0.116806 1
0.097978 -0.0166293 -0.181777 1
-0.0290258 -0.0632004 0.04491 1
0.059691 0.105267 -0.0506132 1
0.352911 -0.142623 -0.192875 1
0.0553533 0.048911 0.084342 1
-0.182081 -0.00508506 0.156159 1
0.0689175 -0.0980514 0.0639248 1
0.119477 -0.156929 0.114286 1
-0.097076 -0.0221762 -0.107658 1
-0.0410211 -0.0436446 0.101771 1
0.121709 0.426081 0.147832 1
-0.0326788 0.0145747 -0.0261717 1
-0.0839138 0.000438575 -0.108679 1
-0.0422018 0.013504 -0.0144819 1
-0.0589374 0.00454824 0.00727282 1
-0.0120558 -0.0229334 -0.00386466 1
0.0992308 0.0548086 0.0276889 1
0.00392712 0.0100437 -0.230123 1
0.153016 -0.01164 0.0341206 1
-0.00903161 -0.0147819 -0.0719792 1
-0.000715478 -0.000604336 0.00146036 1
