# 1 = ball
# 2 = lepton
# 3 = photon
# 4 = PID > 100
# 5 = neutrino
# 6 = other
0.0153287 0.00799373 0.0212279 3
-3.83209 1.24686 -2.65936 4
-3.68795 0.648558 -2.85596 4
-6.09992 1.86482 -7.25239 4
-4.60431 1.20283 -3.62349 4
-0.739685 -0.143625 -1.91856 4
-1.99854 0.24185 -2.08444 4
-1.6635 0.367516 -2.57636 4
-1.20487 0.664372 -0.211191 4
-1.68802 0.126522 -3.61582 4
8.12012 -1.39821 10.0819 4
5.67641 -1.87365 5.67107 4
2.30244 -0.332205 2.80473 4
2.42839 -1.64909 2.8824 4
-0.454801 -0.557945 -1.94924 4
0.953767 -0.524122 0.803534 4
-0.0647867 -0.121545 -0.693774 4
1.46156 -0.330555 1.098 3
0.34599 -0.0361893 0.194929 3
0.667285 -0.409184 0.747059 4
1.50919 -0.528983 1.25454 4
0.177535 0.0893488 0.450498 3
-0.0237649 0.00179148 0.0357461 3
0.307524 -0.0399594 0.388064 3
1.57084 -0.459662 1.77527 3
-0.104231 0.242103 0.0648149 1
-0.355465 0.151264 -0.0438857 1
-0.11048 0.129563 -0.00917203 1
-0.0958508 -0.0650528 0.456174 1
0.724435 0.172934 -0.21883 1
0.0341444 0.517643 0.498606 1
0.149094 0.242875 0.0258881 1
-0.0470122 0.0435152 0.41138 1
0.427118 -0.016494 -0.23281 1
-0.195353 -0.0670941 -0.265775 1
-0.215999 0.410678 0.135774 1
-0.427508 0.561621 -0.446771 1
0.265974 0.553641 -0.39919 1
0.244069 -0.99792 1.33176 1
-0.185713 -0.251562 -0.237299 1
0.0750524 0.0831115 0.0801498 1
0.0913004 0.0152956 0.25669 1
-0.0330307 0.0875101 -0.0316006 1
-0.03951 0.0372737 -0.072752 1
-0.0187721 0.0674363 -0.0109975 1
0.0278133 -0.0147744 0.0115238 1
0.315754 0.0388926 -0.0720372 1
