# 1 = ball
# 2 = lepton
# 3 = photon
# 4 = PID > 100
# 5 = neutrino
# 6 = other
0.00509175 0.00673066 0.00524596 3
0.00979432 0.00808253 1.40931 3
9.78321 -15.2884 5.95052 4
1.82257 -2.60661 0.0101504 4
1.61618 -0.127604 0.246166 4
-1.96097 3.77926 -1.60359 4
-1.6383 3.17208 -1.28001 4
-3.40142 3.20351 -2.41267 4
1.56868 -1.37265 -1.08873 4
-0.716328 1.39731 -0.296605 4
-2.36712 3.9965 -1.34454 4
-1.19832 1.34856 0.040626 4
5.59391 -7.43306 2.93363 3
2.5908 -4.08134 1.42971 3
-0.374431 -0.301007 0.382451 3
-0.112788 -0.0569531 0.197841 3
-0.725715 0.764049 0.0068532 3
-0.344515 0.500466 0.0420504 3
0.155143 0.324241 -0.119247 4
-0.275697 0.0717076 -0.241931 4
-2.04674 2.91844 -0.709327 3
-0.0948262 0.170904 -0.0146307 3
-0.0513369 0.100599 -0.0563852 3
-2.88911 4.65674 -1.84575 3
-0.44468 0.570822 -0.436037 4
-0.485061 0.820006 -0.177453 4
0.163068 -0.413631 -0.375973 3
-0.0229918 -0.146118 -0.118913 3
-0.760611 0.493047 0.0460247 3
-0.185025 0.181285 0.0640012 3
-0.179927 0.302798 -0.121211 3
-0.540502 0.997462 -0.145872 3
-0.0969716 0.0477472 0.0175572 3
-0.0662833 0.0447739 -0.117933 3
-0.00787625 0.0495695 -0.00583212 3
-0.0114127 -0.0667565 -0.110133 3
-0.0397078 0.191676 0.0150221 3
-0.0302984 -0.00665441 0.0378388 3
0.0168115 0.0678959 -0.0640859 3
-0.176335 0.262746 -0.135 3
-1.06767 1.19838 -0.393202 3
-0.346217 0.330644 -0.0534839 3
0.113231 -0.00983833 -0.0207625 1
-0.0429999 0.117552 -0.0561836 1
-0.134944 0.0481103 0.107898 1
0.0204404 -0.160408 0.0722151 1
-0.190525 0.167539 0.38494 1
0.114064 0.0620317 0.0952194 1
0.00732452 0.0318854 -0.0604099 1
0.0169671 -0.0396225 -0.0610582 1
-0.223282 0.102104 -0.11286 1
-0.0134505 0.150924 -0.0302076 1
0.124049 -0.146907 0.123426 1
-0.041365 0.103244 0.0936984 1
-0.146541 -0.14106 0.0904148 1
-0.208749 -0.0843259 0.0288225 1
0.10966 -0.142398 0.00902432 1
-0.0242881 -0.000550615 0.16367 1
-0.0249776 -0.0798504 -0.17294 1
-0.0720425 -0.04143 -0.23509 1
-0.00127647 0.0184751 -0.0033684 1
-0.0971831 0.0577301 0.0199075 1
0.0462814 -0.0135265 0.0259005 1
0.0024447 -0.0770725 -0.0280052 1
0.00107848 0.00012511 -0.000701976 1
