# 1 = ball
# 2 = lepton
# 3 = photon
# 4 = PID > 100
# 5 = neutrino
# 6 = other
-0.00510151 0.00379095 0.00240989 3
10.8628 -20.2816 9.02217 4
0.24436 -0.687351 0.575489 4
2.52583 -4.93473 2.76235 4
0.0974988 -0.199198 0.261995 4
-0.501281 0.331318 -0.651475 4
-0.587405 0.0666819 -0.145788 4
-0.402694 0.386735 -0.201965 4
-0.131833 0.698243 -0.609487 4
-0.0226113 0.688147 -0.039692 4
-6.08761 14.1339 -6.17408 4
0.230449 -0.637992 0.485776 4
-0.791727 1.60971 -0.877851 4
-0.675837 2.67703 -1.52159 4
-1.30798 4.51079 -1.10926 4
-2.06654 4.71054 -1.56614 4
-0.254194 -0.739251 -0.0636537 4
0.276731 -0.558485 0.236555 3
0.187658 -0.701061 0.300205 3
0.194258 -0.938171 0.27078 3
0.0274976 -0.700108 0.199712 3
0.902195 -1.34954 0.95423 3
0.29929 -0.524869 0.275907 3
0.0147566 -1.76917 0.447858 4
0.0440579 -0.730664 0.263303 4
0.158142 -1.30164 -0.194684 4
0.242237 -0.995669 0.240544 4
0.070174 0.0616078 0.0546328 4
-0.343632 0.165399 -0.266752 4
-0.12744 -0.00346101 0.014257 3
-0.662908 0.14964 -0.18675 3
-0.370037 0.778166 -0.553947 4
-0.934139 2.50919 -1.00796 4
-0.00263781 0.239281 -0.145748 3
-0.234309 0.662535 -0.400502 3
0.0124482 0.0120782 0.0976125 3
0.037108 -0.134984 0.0849691 3
-0.025674 -0.103205 0.0510265 3
0.0361369 -0.0270734 -0.0534166 3
-0.0207733 0.21249 0.1471 3
-0.0348836 -0.00048918 -0.00421203 3
-0.758282 2.38271 -0.900215 3
-0.114108 0.328767 -0.0737734 3
