# 1 = ball
# 2 = lepton
# 3 = photon
# 4 = PID > 100
# 5 = neutrino
# 6 = other
-6.1714 -5.29402 6.89236 4
-2.09035 -1.37954 1.41386 4
-0.385174 -0.23997 0.391973 4
-0.00847969 -0.074369 0.198496 4
-0.549114 0.672018 0.0948791 4
3.04533 0.673668 -3.15544 4
2.9529 1.71473 -2.94065 4
-1.60266 -1.6637 1.51289 4
-0.200922 -0.218093 0.473667 4
-0.272185 0.0776839 0.169987 4
3.9344 3.98232 -4.4993 4
0.625301 1.54068 -0.818864 4
0.0771298 0.490119 -0.534442 4
3.34671 2.68333 -3.06085 4
-1.34525 -0.322489 1.81677 3
0.0361545 -0.0842178 0.0964468 3
-0.166482 -0.040705 0.222296 4
-0.272319 -0.147312 0.253583 4
0.526755 0.234862 -0.15361 4
0.273411 0.186363 -0.35592 4
-1.79049 -1.01414 1.72555 3
-0.452219 -0.311159 0.528421 3
-0.0571746 0.00118096 0.198963 3
-0.284802 0.186324 0.504268 3
0.117078 -0.39028 -0.116034 3
-0.0270586 -0.0363024 0.0063677 3
-0.495108 -0.491821 0.353185 4
-0.388988 -0.292511 0.448346 4
-0.102266 -0.0399487 0.020226 3
-0.383335 -0.204398 0.374876 3
-0.0413929 -0.171835 0.245571 3
-0.0590282 -0.138251 0.05233 3
-0.0170158 -0.0195714 -0.195464 3
0.0766486 0.0898841 -0.228972 3
-3.23391 -1.5448 2.42719 4
-0.0972728 -0.199231 0.195737 3
-0.32327 -0.391413 0.695801 3
-0.040889 0.0130355 0.0375899 3
-0.754379 -0.314455 0.501239 3
1.26396 1.49156 -1.40608 4
0.889179 0.834814 -0.482281 3
0.451903 0.304147 -0.237517 3
0.781141 0.670481 -0.82143 3
0.272099 0.169563 -0.333759 3
0.00374088 0.00397454 -0.0264716 3
0.962023 1.10441 -1.48039 3
0.343591 0.263846 -0.456432 3
0.183079 0.245501 -0.220976 3
0.00257517 0.493995 0.0201774 1
0.766881 -0.757617 -0.504138 1
0.138746 -0.182958 -0.00416006 1
-0.0783676 0.00444561 -0.00190893 1
-0.364788 -0.0189174 0.00140268 1
0.0262694 -0.629002 0.209265 1
0.0270596 0.251735 0.380234 1
0.614936 -0.336616 0.729704 1
-0.669553 -0.316844 0.263491 1
-0.094017 -0.186608 -0.0391546 1
1.01721 -0.38607 -0.12366 1
0.100283 -0.0497216 0.376676 1
1.01921 -0.0303885 0.56108 1
-0.0802343 0.0886969 0.0183177 1
1.16655 -1.3681 -0.316535 1
-0.403864 0.33686 -0.0199234 1
-0.395363 0.0850189 -0.200382 1
-0.251186 0.370463 -0.510129 1
-0.863666 0.494969 -0.0131611 1
-0.303409 0.345437 -0.685525 1
0.207821 0.536906 0.552255 1
-0.605061 0.0420401 0.146703 1
-0.130149 1.02186 0.690638 1
0.526312 -0.881571 -1.09655 1
0.133327 -1.63803 -0.608756 1
-0.0571208 0.10005 -0.153949 1
