# 1 = ball
# 2 = lepton
# 3 = photon
# 4 = PID > 100
# 5 = neutrino
# 6 = other
0.000557145 0.00153446 -0.00259687 3
0.066374 0.277585 -2.35338 4
1.26694 -0.236458 -2.36531 4
-0.461413 -0.58997 -2.28172 4
0.640548 0.523128 -0.729404 4
0.0670995 0.705197 0.306701 4
0.0774837 0.0623247 -0.00973113 4
-0.0417057 -0.298413 0.183353 4
-0.00794127 0.00428009 -0.00220182 3
-0.123933 -0.216048 -1.63251 4
-0.0765826 -0.159125 -0.455678 4
-0.0428956 0.164617 -0.129169 4
-0.0835242 0.0310051 -0.394179 4
-0.0017649 -0.042224 0.00471635 3
-0.275401 -0.331583 -0.294811 3
-0.481223 -0.199746 1.77814 4
0.111137 -0.20313 0.71408 4
-0.0476801 0.0238251 0.107175 3
0.0241544 0.108667 0.282113 3
0.0506348 0.414537 0.52423 3
3.95987 -1.57868 -10.9863 5
-0.35741 0.0772819 -2.10013 2
0.0306139 -0.107291 -0.228897 3
-0.00047938 0.00584053 -0.328422 3
0.0563922 -0.0671625 0.0260032 3
-0.0599218 -0.0463547 0.0993288 3
-0.0916209 -0.0116696 0.114864 3
0.0447553 0.0233516 0.0493426 3
-0.364765 0.138083 1.79171 4
0.2027 -1.40829 -13.1021 4
0.026762 -0.223227 -0.763318 4
-0.108886 0.168997 0.797232 4
-0.145341 0.0596805 0.70462 3
-0.0416475 0.0206151 0.897158 3
-1.0629 1.24013 10.42 4
-0.199233 0.64604 0.889418 4
0.0337042 0.017246 0.432819 3
-0.0179764 0.00232778 -0.00148396 3
-0.9001 -0.0793621 6.4738 3
-0.0486223 0.0256081 0.490556 3
-0.231213 0.127996 3.28218 4
-0.560922 0.235432 3.52367 3
-0.888889 0.319836 4.60224 3
-0.192659 -0.358504 0.071598 1
0.234028 -0.12484 0.0610968 1
0.0886818 -0.00095963 0.276186 1
0.00993078 -0.0756377 0.244916 1
-0.507727 -0.213974 0.168209 1
0.088132 -0.0201024 -0.0968928 1
-0.146732 0.386517 -0.128173 1
-0.145739 0.0980396 0.109597 1
-0.0487651 -0.11473 0.0494772 1
-0.361344 0.203447 -0.0168352 1
0.0283294 0.089824 0.0618163 1
0.0655518 0.0778192 -0.0131211 1
-0.0946157 0.0299515 -0.227088 1
-0.00376435 -0.165128 0.00899812 1
0.0102874 0.159041 0.181003 1
0.161339 -0.0147136 0.00783314 1
-0.03253 -0.0860043 -0.154716 1
0.0687341 0.0658708 -0.0351342 1
-0.0708252 -0.0889511 -0.310859 1
0.281363 -0.0643317 -0.208742 1
-0.0632053 0.0155166 -0.0213324 1
-0.0954312 -0.0129078 0.0134782 1
0.0355189 -0.024812 -0.00324855 1
0.0285387 0.0745677 0.0106245 1
-0.0120774 0.040402 0.0631145 1
0.0677756 -0.0404713 -0.073819 1
-0.100505 0.0246164 -0.0565496 1
-0.0600908 0.133239 0.0247875 1
0.334341 0.438157 0.0148074 1
0.474791 0.228727 -0.220792 1
0.115861 -0.073151 0.0224898 1
-0.0610013 -0.140781 -0.0668102 1
-0.00169369 0.127381 -0.0429122 1
0.313387 -0.206058 0.134476 1
-0.343515 0.00715468 -0.182255 1
-0.000110449 -0.000642112 0.000574433 1
