# 1 = ball
# 2 = lepton
# 3 = photon
# 4 = PID > 100
# 5 = neutrino
# 6 = other
-0.0688607 -0.0317858 -0.437726 3
-2.92161 -11.6481 9.31244 4
0.0109536 -0.557576 0.443049 4
-0.98028 -1.38789 0.835824 4
-0.427252 -1.08582 -0.178836 4
-0.960074 -1.8242 0.219209 4
0.494763 0.0522875 0.202511 4
-0.412091 0.0125237 0.483752 4
0.938274 -0.626779 -0.0580172 4
0.453385 3.18798 -2.01282 4
1.10702 6.9791 -4.67421 4
-1.8994 -6.89433 5.51209 4
-1.39814 -6.07488 4.84592 4
-0.77025 -1.69909 1.50179 4
-0.203056 -0.725297 0.976652 4
0.317937 -0.808756 0.115854 4
0.0885236 -0.140848 -0.0195514 4
0.155651 1.35448 -1.04363 4
1.88584 7.80115 -5.65061 4
1.76123 3.33985 -3.08934 4
-0.283625 -0.766751 0.338065 3
-0.00134844 -0.175041 0.0900551 3
0.304012 0.859068 -0.374537 3
0.154131 0.303342 -0.21846 3
2.56686 10.1459 -6.8191 3
0.0874153 0.411486 -0.30036 3
