# 1 = ball
# 2 = lepton
# 3 = photon
# 4 = PID > 100
# 5 = neutrino
# 6 = other
-0.000400113 -0.000519412 -6.01785e-05 3
13.1301 -17.0908 -8.34658 4
0.410188 -1.64405 -1.17372 4
1.4858 -2.06065 -0.822177 4
-0.961221 0.645594 0.960558 4
-2.67966 3.81722 2.1111 4
3.35313 -4.7516 -2.95363 4
-0.298734 -0.957654 -0.84139 4
0.159221 -0.019389 -0.0267411 4
-0.114635 0.203255 -0.127121 4
-0.475711 0.123789 -0.0136031 4
-0.023125 0.634897 -0.2049 4
-1.07918 1.67145 1.19157 3
-0.0496242 0.139194 0.0726159 3
0.0636138 -0.117302 0.249827 3
0.105637 -0.0176079 0.422397 3
-3.10845 3.63395 2.72662 3
-2.0566 2.50018 1.7408 3
-1.93797 2.31586 1.48327 3
-0.379293 0.405932 0.328921 3
-3.0269 3.55674 2.42646 3
-2.85563 3.41043 2.45485 3
0.243514 -0.310471 -0.0620623 1
-0.178049 0.405369 1.26331 1
0.0196755 1.29782 0.681602 1
0.407748 0.13744 0.151532 1
-0.0440335 -0.473771 -0.0900865 1
-0.00850465 -0.302538 0.0503155 1
0.640009 -0.103223 0.0144159 1
0.819482 1.13595 -0.164084 1
0.809284 0.817785 -0.852236 1
-0.208959 -0.646005 0.466934 1
-0.119141 -0.0434394 -0.239927 1
0.0427301 -0.118239 0.046115 1
0.310931 0.817348 -0.255564 1
-0.284783 -0.470802 1.09417 1
0.100567 0.0414702 0.122895 1
0.00731554 -0.109236 -0.510229 1
-0.330928 -0.670238 -0.197333 1
-0.255335 1.01768 -0.546854 1
-0.0493478 0.216124 0.347319 1
-0.319034 0.257657 0.124164 1
-0.388749 -0.430189 -0.751101 1
-0.510505 0.0929997 -0.896344 1
-0.37943 0.524323 -0.230014 1
-0.0548282 -0.0820423 0.0711029 1
0.193094 -0.439576 -0.439099 1
-0.162168 0.836147 -0.63135 1
0.153152 0.156474 0.0330376 1
-0.114248 0.046274 -0.259683 1
