# 1 = ball
# 2 = lepton
# 3 = photon
# 4 = PID > 100
# 5 = neutrino
# 6 = other
0.000176178 0.000491557 -0.000214561 3
0.0693107 0.374507 0.175747 4
0.173821 -0.491793 -0.338539 4
0.477245 -1.79609 0.398803 4
-0.230598 -0.0907804 -0.538921 4
0.360514 -1.12096 0.295883 4
0.00556579 -1.44874 -0.537547 4
-0.187047 -2.64424 -0.795589 4
-0.0602118 0.11927 0.184134 4
0.0377441 -0.628364 0.416806 4
-0.0710549 0.179071 -0.00468607 4
0.0823022 -2.13616 0.63278 4
-1.04394 -3.49155 -0.0241847 4
0.055911 -0.241057 0.204102 4
-0.522748 -2.49321 -0.450984 4
-0.629055 -1.02239 0.0223557 4
-0.11796 -0.603648 -0.588342 4
0.0512981 0.0872205 0.246935 4
0.0353654 0.0958387 0.0713344 4
0.0517798 -1.10891 0.241016 3
0.0458334 -1.77808 0.558704 3
-0.916126 -2.96761 0.17824 3
-0.105385 -0.53232 0.0296057 3
-0.991553 -1.67837 -0.145134 4
-0.647203 -2.81261 -0.29215 4
-0.135365 -0.395517 -0.131054 3
-0.164186 -1.17105 -0.403469 3
-0.0336191 0.0862661 0.00696143 3
0.0379766 0.236253 0.212133 3
-0.010121 0.026247 0.0539964 3
-0.0326139 -0.105611 -0.217943 3
0.116438 -0.155783 -0.320234 3
-0.0416426 -0.207349 0.117579 3
0.0165976 -1.06725 0.833982 3
-0.0196197 -0.0353931 -0.0137465 3
-0.266001 -0.614012 0.31879 3
-0.222158 -1.46944 0.0312682 3
-0.0065948 -0.568944 0.0399135 3
0.182041 -0.0401364 0.154918 3
0.0506434 0.00785983 -0.0262132 3
0.085375 1.0591 -0.051937 3
0.00506642 0.0306489 -0.0416053 3
0.0747076 -0.144356 -0.197636 3
-0.0354821 0.330627 -0.0240292 3
-0.0423577 0.28968 -0.152507 3
-0.0501346 0.15659 -0.0128671 3
-0.198628 0.209628 -0.152432 3
0.0607176 0.09228 -0.00117968 3
-0.0447526 0.188511 -0.0963068 3
0.844969 1.16673 0.959981 5
0.412391 -1.97956 2.95654 2
0.176792 0.619275 0.28292 4
0.147342 0.295236 -0.185258 4
0.547144 3.43428 -0.548976 4
0.461209 1.59201 -0.49369 2
0.0947846 10.23 -2.21656 5
0.0468051 0.595153 -0.206312 3
0.0304181 1.12191 -0.205983 3
0.0516017 -0.0754533 0.138147 4
0.957399 10.9993 -2.52305 4
0.0618619 0.357995 0.0308519 3
0.125728 0.983113 -0.13456 3
0.0763701 0.342142 -0.0285341 3
-0.00702602 0.00327308 -0.0288798 3
0.0359596 0.588876 -0.103302 3
0.295258 1.67689 -0.172827 3
0.890974 -0.36482 1.16594 4
-0.0119772 -0.032179 -0.157399 3
0.00044946 -0.0255594 0.0258546 3
-0.070723 -0.0237663 0.606259 3
-0.00935028 -0.114775 0.365144 3
0.00439743 0.0627805 0.00889808 3
-0.0512713 -0.0255267 0.117893 3
0.194151 -0.187347 0.123841 1
-0.057719 -0.0430189 -0.043528 1
-0.340635 0.431578 0.109484 1
-0.181125 -0.0342261 0.218047 1
0.0454752 -0.0634672 -0.0325254 1
0.156984 0.252418 0.019223 1
0.0839597 -0.0819652 -0.00909895 1
0.121868 -0.0210586 0.0159439 1
0.121456 0.00790608 -0.00708669 1
-0.310516 0.0991666 -0.101401 1
0.0107933 -0.0085834 -0.00865317 1
-0.0143608 -0.00666215 -0.0320101 1
-0.00623156 -0.0294767 0.0890061 1
0.0895457 0.015438 0.0270881 1
-0.219977 -0.4784 0.434777 1
-0.158896 0.08467 -0.124469 1
0.0710531 0.0329224 -0.0637034 1
0.0509327 0.076795 -0.0346811 1
-0.0191254 0.017709 -0.0991185 1
0.000585774 -0.0001041 -0.000777766 1
