# 1 = ball
# 2 = lepton
# 3 = photon
# 4 = PID > 100
# 5 = neutrino
# 6 = other
0.00597671 -0.0395071 0.0159374 3
-0.000238125 0.00331272 0.000940387 3
0.00150561 0.000874587 0.0564578 3
0.159302 -0.362482 0.164548 4
0.72205 0.355617 -0.407229 4
0.331872 0.144361 -0.535621 4
-0.330409 0.0572009 0.30996 4
-0.205174 -0.922138 0.265573 4
-0.29459 -0.687724 -0.19082 4
-0.985958 -0.104962 -0.768531 4
0.161871 0.15987 0.0267927 4
0.954765 0.415887 1.08091 4
8.78441 8.12168 16.5914 4
-0.739535 0.590174 0.360234 4
0.0759864 -0.0225715 -0.0122686 4
-0.425943 0.885141 0.0513503 4
-0.442688 0.275702 0.440427 4
-0.214662 0.276907 -0.0487099 4
-0.417227 0.956997 0.175832 4
-0.637114 0.749039 -0.194396 4
-1.29758 0.346599 -0.200284 4
-0.00594431 0.032958 -0.0961564 4
1.03269 -0.655031 -0.495341 4
0.595868 0.207996 0.504516 4
0.860118 -0.270426 1.50512 4
0.651123 1.03444 2.14976 4
-0.00272366 -0.122718 0.366227 3
0.399576 0.192036 0.151747 3
0.25285 -0.0754449 -0.211763 4
-0.264844 -0.164246 -0.253899 4
-0.0892455 -0.172395 -0.0496216 3
-1.35611 -2.19083 -1.13539 3
-0.367962 -0.483233 -0.0972734 3
-0.392429 -0.393998 -0.14372 2
-0.397632 -0.394268 -0.139412 2
-0.253505 -0.428253 0.039986 4
-0.00389703 -0.139653 -2.034 3
-0.00679826 0.0859251 -0.071395 4
-0.0815211 -0.492587 -0.428101 4
-0.345004 0.136768 -0.522703 3
-0.0290526 0.0708638 -0.0870848 3
0.0791871 0.184358 0.297905 3
0.000796582 0.152006 0.0852874 3
-0.821972 -0.0587798 0.00301531 3
-0.31569 -0.096262 0.0440408 3
-0.633949 -0.597275 -0.451772 3
-0.22408 -0.321734 -0.158642 3
-0.00652308 0.0098276 0.193068 3
0.0507853 -0.0687183 0.0665177 3
0.130464 -0.0623097 0.267398 3
0.24356 -0.00423944 0.835875 3
0.0793357 -0.0648285 -0.0943022 3
-0.0147136 -0.191829 -0.114478 3
-0.775065 -0.507424 0.116912 4
-2.12108 -1.59714 0.187692 3
-1.02929 -0.786594 -0.002311 3
-0.690583 -0.291569 -0.00752771 3
-0.039985 -0.0580761 0.0116036 3
-0.0911187 -0.20747 0.0334121 3
-0.125909 -0.115722 -0.0694031 3
-0.0775074 0.12485 -0.933976 2
0.304137 0.04487 -2.66067 5
-0.157107 0.0581138 -0.101873 3
0.0156528 -0.025956 -0.0129777 3
0.197738 -0.29248 -4.00278 4
0.487916 -1.70955 -9.91595 4
0.00252628 -0.0396052 -0.0345685 1
0.154558 -0.0265929 -0.100724 1
-0.0926594 0.0869852 -0.187792 1
-0.00770588 -0.00308207 -0.0137534 1
-0.0135654 -0.0437572 0.0588356 1
-0.0737686 0.0890939 0.123373 1
0.0298351 0.094172 -0.0496351 1
-0.0606156 -0.00560625 0.0808969 1
0.456909 0.0994114 -0.165981 1
0.260516 -0.526672 0.394017 1
-0.0527334 0.105061 0.149288 1
0.0641211 -0.0764597 -0.0322392 1
-0.0551623 0.0381107 -0.0267698 1
-0.119357 -0.0912115 0.0874605 1
-0.094095 0.0707442 0.280958 1
0.0594636 -0.0411578 0.000110254 1
0.0008559 -0.00555071 -0.168576 1
0.158004 -0.0498212 -0.210063 1
0.0185576 0.13805 -0.0662277 1
-0.213207 0.09898 0.0885829 1
0.247924 0.033422 0.00397578 1
-0.0155434 -0.110748 -0.0598929 1
-0.0328229 -0.145088 -0.0406038 1
0.168964 -0.189219 0.0694633 1
0.0802684 -0.0127774 -0.0659247 1
0.0268811 0.0651086 0.153675 1
-0.18694 0.219799 0.0953971 1
0.162124 -0.0035506 0.172167 1
0.0983502 -0.169753 0.0129296 1
-0.152033 0.00601455 -0.0397832 1
-0.122946 0.0161115 -0.0909399 1
0.0443582 -0.0551488 -0.0066897 1
-0.272959 -0.142253 -0.401735 1
-0.199545 -0.107862 -0.0958052 1
0.0397862 0.0841721 -0.0972031 1
-0.401736 -0.00474527 0.396117 1
0.279569 -0.0528603 0.128305 1
-0.0533428 0.164331 -0.0906887 1
