# 1 = ball
# 2 = lepton
# 3 = photon
# 4 = PID > 100
# 5 = neutrino
# 6 = other
0.560808 0.0642921 1.32184 4
-0.0172411 0.845029 2.14456 4
-0.215691 0.0956198 0.498093 4
-0.907619 1.1621 -1.95271 4
0.103264 0.615041 -0.630031 4
-0.187677 0.174918 -1.71888 4
-0.304147 0.496208 -4.45689 4
2.01937 -5.18741 20.6803 4
0.175082 -1.06641 2.61618 4
0.236108 -0.458426 1.6422 4
0.0323134 -0.0259409 3.97402 4
-0.0456598 -0.318291 0.50628 4
0.542579 -0.64898 0.771545 4
0.218581 0.857677 -0.334045 4
-0.41036 0.749748 -2.3656 4
-0.315868 0.447773 -2.53341 4
-0.357875 -0.0110352 -2.75404 4
-0.265591 0.599114 -3.853 4
0.241702 -0.485833 2.0697 4
-1.29202 1.16751 -12.1708 4
0.166189 -0.0138949 1.2248 4
-0.000240577 -0.291059 0.569982 4
0.101457 0.336369 0.370704 3
0.124874 0.119049 0.135349 3
0.0697275 -0.0275574 0.0161749 3
0.151443 -0.365289 0.0544063 3
-0.0475974 0.116774 -0.239931 4
-0.47848 0.998734 -3.12557 4
-0.234885 -0.0571891 0.0753396 3
-0.0777375 -0.025817 0.128066 3
-0.0112225 -0.0199056 -0.0266927 3
0.0762071 0.133548 -0.579168 3
-0.0740894 -0.292335 1.1658 3
0.0590133 -0.171395 0.760996 3
-0.00183918 0.00838693 -0.00245375 3
-0.156969 0.892133 -2.37662 3
0.148896 -0.61755 -0.468004 1
-0.119063 -0.339135 0.314598 1
-0.418366 -0.0562484 0.0833607 1
0.13991 0.149591 0.104411 1
-0.337262 0.105974 0.183686 1
0.143666 -0.167726 -0.0431491 1
0.3375 -0.113373 -0.347737 1
-0.0405247 0.11324 -0.0660686 1
0.266022 0.515226 -0.196723 1
0.403311 -0.00325123 -1.17086 1
