# 1 = ball
# 2 = lepton
# 3 = photon
# 4 = PID > 100
# 5 = neutrino
# 6 = other
-6.82723 3.10039 9.21243 4
-2.92063 1.84024 4.97134 4
-6.91165 3.8861 10.6233 4
-0.599768 1.01602 1.05181 4
-0.0646698 -0.408895 0.338304 4
0.784447 -0.0396607 -0.680845 4
-0.616278 -0.0797082 -0.601096 4
0.4752 -0.584551 -1.76919 4
1.47117 -0.710491 -1.68634 4
1.12342 -0.970032 -1.50797 4
2.22388 -1.99926 -2.64156 4
1.90567 -0.993316 -2.95883 4
2.56976 -2.2348 -3.52874 4
-0.0299796 -0.112579 1.00669 4
-1.29335 0.480823 1.62159 4
-0.00779073 0.184123 0.28008 4
0.365642 -0.269526 0.388817 4
0.942926 -0.601364 0.43185 4
-0.0541081 0.261133 0.13668 4
0.452299 -0.256895 -0.260798 4
-0.0814686 -0.397863 -0.0235072 4
0.745199 -0.398365 -2.43878 4
0.303136 0.273013 -1.82596 4
0.480644 0.555246 -1.00006 4
0.619067 -0.176794 -0.732308 4
0.87031 -1.16694 -2.0165 4
0.600587 -0.165444 -0.514316 4
1.08918 -1.52197 -1.93354 4
1.03922 -0.877938 -1.41904 4
0.523115 0.119148 -1.32588 4
0.0205116 -0.0578152 -0.00408405 3
-0.200035 -0.270968 -0.0113228 3
-0.00520661 0.137243 -0.29691 3
-0.119371 0.0667745 -0.332788 3
0.0254817 -0.112427 -0.193153 3
0.226043 -0.50337 -0.487435 3
0.234445 0.477878 -0.7639 3
-0.0142199 0.0706094 -0.138038 3
0.131665 0.401235 0.340493 1
-0.0849019 0.00416894 0.0501108 1
-0.0529289 0.0259179 0.00122405 1
0.0148388 0.25544 -0.179073 1
0.0959837 -0.0848092 0.34601 1
0.031535 0.319828 -0.225327 1
0.170286 0.158621 -0.18599 1
-0.00109855 0.208235 0.075883 1
0.618766 0.103911 0.27932 1
0.0689367 -0.0866004 -0.0253021 1
0.0213892 0.0104149 -0.0903262 1
-0.0075405 0.0485934 0.0388885 1
-0.0368884 0.189089 -0.160898 1
0.00433666 -0.156548 -0.232519 1
-0.0419532 0.0584327 0.267014 1
0.0265812 -0.175764 0.165008 1
-0.102407 0.326833 -0.144476 1
0.114886 0.220761 0.238217 1
-0.219153 0.0639217 -0.201806 1
0.119027 -0.1014 0.0952455 1
0.146113 0.187869 0.0422633 1
0.0614538 0.262629 -0.0341978 1
-0.0501748 0.0149491 0.395653 1
0.0574053 0.0532038 0.02694 1
-0.0261007 0.0486965 -0.0812858 1
-0.0661003 0.0112824 -0.0770164 1
-0.0207184 0.0843105 0.127429 1
-0.252968 0.0963404 -0.11454 1
-0.0350809 0.0614352 0.101985 1
-0.0171492 -0.0139627 0.0554528 1
-0.0540242 0.0416301 -0.020433 1
0.0110214 0.0348721 -0.0155737 1
0.0716077 -0.0630589 0.0447534 1
0.101393 -0.0733064 -0.0432471 1
0.0535862 -0.0404967 0.21715 1
-0.200236 -0.0178084 -0.066862 1
-0.0258746 -0.0619875 0.00253593 1
0.0300043 0.0295393 0.0190099 1
-0.0011248 -0.00419779 -0.00177031 1
