# 1 = ball
# 2 = lepton
# 3 = photon
# 4 = PID > 100
# 5 = neutrino
# 6 = other
6.71097 -1.23957 3.05923 3
1.00915 -0.181044 0.0950437 4
-0.403726 0.207961 -0.0733021 4
-1.19962 -0.128934 -0.14814 4
6.65924 0.841318 -1.02336 4
12.4971 2.65329 -0.648742 4
0.50137 -0.297064 -0.2074 4
2.73977 0.374766 0.171435 4
-7.38411 -0.859649 -1.12438 4
-4.02291 0.138367 -0.587981 4
-14.4158 -1.53445 -1.24201 4
0.475583 0.0727368 0.176004 4
0.675434 0.516624 0.137002 4
-1.57905 -0.268649 0.0617728 3
-0.611215 -0.107442 0.108357 3
1.18362 0.186715 0.119341 3
0.654021 0.0435839 -0.015368 3
1.92968 0.489786 -0.288058 3
0.626095 0.237119 -0.0776707 3
-1.70416 -0.119293 -0.354051 3
-1.39242 -0.0906875 -0.165782 3
0.329301 0.0193373 0.0110811 3
0.194359 0.000744972 -0.0992351 3
-0.247969 -0.226529 -0.0854687 1
0.300422 0.08038 -0.620806 1
0.0531825 -0.784806 0.0840309 1
-0.378727 0.0319806 -0.0354533 1
0.301563 0.115133 0.131038 1
-0.373201 0.535106 -0.373299 1
-0.082184 -0.0574094 0.0700748 1
0.0948463 -0.256954 0.901183 1
-0.289599 -0.316077 0.280327 1
-0.250053 -0.157765 0.124939 1
0.0650603 -0.755376 1.09409 1
-0.182441 0.0531329 -0.474408 1
0.173804 -0.652974 0.0682896 1
-0.449983 -0.332956 0.244136 1
0.00405437 -0.0250229 0.00456306 1
0.114393 -0.146302 0.212019 1
0.0181098 -0.215423 -0.0126041 1
0.0186026 0.0332292 -0.104251 1
0.558058 -0.473093 -0.472589 1
-0.0383933 -0.00507591 -0.0715254 1
0.240173 0.338618 0.503124 1
-0.178385 0.1924 -0.107392 1
-0.657066 -0.278265 0.587736 1
0.342795 0.818824 0.537775 1
-0.295951 0.41642 -0.124215 1
-0.247588 0.388304 -0.0634224 1
-0.284234 -0.140845 -0.0186723 1
-1.50461 -0.535949 -0.455301 1
0.302499 0.565312 -0.277749 1
-0.262312 -0.178096 -0.230393 1
0.114662 -0.12187 0.085655 1
0.321413 0.306269 -0.0410853 1
0.0318891 -0.0173655 -0.0297521 1
-0.198306 0.0155775 -0.0409048 1
-0.0049117 0.0270914 0.0738115 1
-0.530689 0.385135 0.494237 1
-0.168361 0.290619 0.173937 1
0.0967662 0.129052 0.084551 1
