# 1 = ball
# 2 = lepton
# 3 = photon
# 4 = PID > 100
# 5 = neutrino
# 6 = other
0.0133271 0.000717706 0.00949732 3
-0.000531897 0.00127038 -0.00155898 3
-2.62973 -0.287607 1.26885 4
-0.667684 0.219442 0.579776 4
-2.193 -1.17943 1.05801 4
-0.276623 0.422398 0.23561 4
-0.949563 -0.292317 -0.104528 4
0.231294 0.175226 -0.00799724 4
2.58524 1.64406 -1.2851 4
7.78365 1.08132 -2.10995 4
1.72876 0.200786 -0.399016 4
2.12494 0.209034 -0.275267 4
11.0603 1.28602 -2.37817 4
11.3386 1.67507 -2.63921 4
-19.9404 -3.91343 1.10448 4
-2.45318 -1.10642 0.926645 4
-2.36658 -0.100967 0.6695 4
-1.1164 -0.284727 0.755124 4
0.367161 0.321102 0.342716 4
-0.538421 -0.391862 0.278751 4
-0.233825 -0.0838084 0.0823563 4
-1.75426 0.262507 0.890239 4
-1.57462 -0.299831 0.48754 4
-0.0209574 -0.105927 0.115012 3
-0.158076 -0.0945837 0.0807783 3
-0.07307 0.0609772 0.00382501 3
-0.431873 0.13554 0.264707 3
-0.00856421 -0.0363708 0.0208486 3
-0.417751 -0.0902656 0.24342 3
-0.0150851 -0.00564598 0.00578628 1
-0.0443954 -0.0195131 0.0194748 1
0.0521033 -0.0171952 0.0208659 1
0.0478744 0.00322717 -0.00717868 1
0.125571 -0.116765 0.149934 1
-0.116556 -0.0979005 -0.0332707 1
-0.233155 0.318193 0.017935 1
-0.121711 0.0722022 -0.234481 1
0.0107001 0.0112809 0.0103794 1
-0.0597599 0.00696215 0.0198403 1
0.186326 -0.101876 0.138381 1
-0.0198464 0.0525333 0.0274436 1
0.125068 -0.147364 -0.0148621 1
-0.0416633 -0.039956 0.0194109 1
-0.0210415 0.0329175 -0.0420056 1
-0.0121113 0.0228946 0.0194977 1
-0.032921 0.122811 0.00919501 1
-0.120096 -0.123088 -0.268734 1
0.05029 -0.0319439 0.020503 1
0.123544 0.0857344 0.0105118 1
-0.0457268 -0.121904 0.079647 1
0.324399 0.273696 -0.319135 1
0.0430471 -0.116296 -0.0495784 1
-0.0629319 -0.0658775 -0.177253 1
-0.00758778 -0.0829002 -0.0573189 1
0.173544 0.0271976 0.0705712 1
-0.0345736 -0.0648893 -0.0519909 1
-0.0821955 -0.0396725 0.0423421 1
0.159472 -0.123664 0.175374 1
0.194356 0.0390273 0.101289 1
0.0372571 -0.0253239 0.0447742 1
0.0383565 0.00909687 -0.0158699 1
-0.0128484 0.0972759 -0.0138177 1
-0.0601496 -0.0608629 -0.0415831 1
-0.00890506 0.0338301 -0.0015007 1
-0.107722 0.118288 0.0720141 1
-0.0235029 -0.0270409 -0.10707 1
0.0727356 0.151242 -0.0544258 1
-0.0733743 0.027907 0.0221735 1
0.0586179 0.271874 0.289112 1
0.165989 0.0110301 -0.0142341 1
0.00688941 0.0530764 -0.0112459 1
-0.0280456 -0.051987 0.157417 1
-0.156914 0.100107 -0.21903 1
-0.00854505 -0.0269907 -0.0829859 1
0.0972851 0.0994404 0.00132296 1
0.029785 0.0388878 0.055501 1
