# 1 = ball
# 2 = lepton
# 3 = photon
# 4 = PID > 100
# 5 = neutrino
# 6 = other
-1.24622 0.0990058 -1.56049 4
-0.806152 -0.716828 -0.0835866 4
0.431222 0.790749 0.626645 4
-0.355263 0.0213855 -0.185089 4
0.117603 0.0588463 0.0675711 4
0.350962 0.106196 0.336003 4
-0.222594 -0.266625 0.0239375 4
2.08764 -1.70143 1.22814 4
6.9345 -1.807 5.66633 4
-2.4737 1.37911 -1.94541 4
-0.852656 0.201435 -0.911952 3
-2.06395 0.564586 -1.9518 3
-0.431832 0.0500345 -0.188011 4
-0.818206 0.489338 -0.34432 4
1.89338 -0.764711 1.61638 3
-4.51873 1.65185 -3.53851 3
-0.202009 0.0453542 -0.142379 3
-0.095213 0.0496468 -0.130589 3
-0.488233 0.157592 -0.257566 3
0.64445 -0.143064 0.210489 3
0.0625402 -0.0535148 -0.000179016 3
0.545208 -0.268134 0.431229 3
0.972481 -0.44473 0.986519 3
-2.61791 1.2527 -1.94827 4
-3.64831 1.13044 -2.73128 3
-0.203694 0.0801909 -0.192171 3
-0.389829 0.44599 -0.403887 3
-0.104304 0.158725 -0.0502339 3
-0.437376 0.206843 -0.303344 3
-0.575569 0.356455 -0.600019 3
-0.0499732 0.0756874 -0.0349537 3
-0.307573 0.157905 -0.373957 3
-0.221091 0.00993577 -0.318615 3
-0.0874367 0.0506097 -0.042701 3
3.7082 -1.18386 3.1286 4
-7.94229 2.6205 -6.69813 4
1.06505 -0.587523 0.931495 4
0.581171 -0.314416 0.43226 4
12.4558 -4.25406 9.28787 4
-0.431157 -0.342503 0.164415 1
-0.0597896 0.0932435 0.0682787 1
0.345738 -0.614347 -0.220451 1
-0.412019 0.441939 -0.0118032 1
-0.0657021 -0.160068 0.066391 1
-0.367512 0.680508 -0.302933 1
-0.453438 0.176014 0.0222067 1
0.820073 0.160298 0.416067 1
-0.0673999 -0.139802 -0.238253 1
0.00111735 -0.00047733 5.83273e-05 1
