# 1 = ball
# 2 = lepton
# 3 = photon
# 4 = PID > 100
# 5 = neutrino
# 6 = other
0.00285013 -0.00218081 -0.130174 3
0.0297709 -0.118711 2.14172 4
0.14455 -0.303024 0.178956 4
-0.151404 -0.40734 0.178871 4
-0.528015 1.66195 -1.73514 4
-0.0590689 0.768536 -0.459601 4
-1.08304 0.575728 0.391244 4
-0.687753 -1.40012 0.767704 4
-0.216461 -0.144928 -0.069691 4
0.0288082 -0.26254 0.87159 4
-0.196338 -0.756591 0.301826 4
-0.0421964 -0.581975 0.356728 4
-0.40085 1.54133 -2.38109 4
-0.036731 1.20913 -1.1136 4
0.433756 -1.69807 2.32642 4
0.00785168 -0.0609877 0.104182 3
-0.0928028 -0.188848 0.0645912 3
-0.0137935 -1.26215 2.83858 3
0.0635925 -0.876073 2.1955 3
0.571401 -1.88581 2.03413 3
-0.0514261 0.230689 -0.755193 4
0.393664 1.32712 -0.591394 4
0.382913 1.92706 -2.82604 4
-0.51693 1.42083 -1.58341 3
-0.397408 3.25892 -3.9023 3
0.44774 3.80369 -4.64918 3
0.249849 1.88568 -2.96511 3
0.250624 0.202636 -0.36141 3
-0.0155774 0.00447947 -0.0360746 3
-1.08892 0.800749 -0.588217 3
-0.144732 0.114768 -0.380364 3
0.488116 -0.428379 -0.33372 3
-0.0974278 0.0599956 -0.0270922 3
-0.0363389 -0.0505778 0.231665 3
0.034028 0.0543941 0.107737 3
-0.103121 -0.927475 0.798702 3
0.0374055 -0.584944 0.543993 3
0.0103638 0.0339696 -0.0396547 3
-0.360766 1.14505 -1.89406 3
-0.177004 0.848571 -1.1571 3
-0.0854599 0.469428 -0.817422 3
-0.182771 1.01498 -1.40823 3
-0.360328 1.27853 -1.67541 3
1.152 -4.72903 5.5194 4
1.56389 -5.48016 6.21855 4
0.758099 -2.67521 3.04342 4
0.183449 -0.373877 0.17198 3
0.00583412 -0.193291 0.127624 3
0.143895 0.0843503 0.121045 1
0.0900384 -0.0183566 -0.205585 1
-0.0196265 -0.0553862 -0.0159163 1
-0.0697482 0.00340375 -0.0038945 1
0.125261 0.00694206 -0.0414493 1
-0.220383 -0.396129 0.058645 1
-0.127417 0.0207237 -0.114604 1
0.265061 -0.102707 0.539328 1
0.174968 0.376304 -0.183369 1
-0.0913259 -0.00601482 -0.00109948 1
-0.0678614 -0.057972 0.00576919 1
-0.00554522 0.0228716 0.0937453 1
-0.290977 -0.0211483 0.176462 1
-0.0809747 -0.144083 0.188604 1
-0.155314 0.0152049 -0.262663 1
0.126079 0.211194 -0.00274644 1
0.137462 -0.00543875 0.021187 1
-0.0474765 -0.179674 -0.00796573 1
