# 1 = ball
# 2 = lepton
# 3 = photon
# 4 = PID > 100
# 5 = neutrino
# 6 = other
0.000216407 -0.0032193 0.00354246 3
1.16738 2.06406 1.2855 4
-0.659158 1.09441 1.47718 4
-0.745166 -0.399148 0.476343 4
0.0751278 0.21063 -0.0872205 4
-0.43062 -2.1106 -1.1267 4
-0.911668 -0.17565 -0.221714 4
-0.541773 0.848606 0.0908534 4
0.176129 0.33289 0.049433 4
0.0787731 0.94395 -0.193718 4
-0.0684326 -0.463078 -0.67203 4
-0.296321 -0.132125 0.0535004 4
0.0875051 0.279311 0.183585 3
-0.0774557 0.0773262 0.0272007 3
-0.434354 0.349019 -0.160171 3
7.636 19.0615 9.55806 4
-1.81327 -5.80252 -1.82822 3
-0.319235 -1.17126 -0.407632 3
-0.817746 -4.62694 -3.21254 3
-0.36156 -2.6077 -1.76941 3
-0.0448096 0.168679 0.151069 3
1.22263 2.07995 1.44211 3
0.313134 0.630876 0.360051 3
-3.8359 -11.5067 -5.32966 4
-0.0945807 -0.352813 -0.11629 3
-0.309514 -1.89788 -0.362126 3
0.00489512 -0.00878483 -0.0228887 3
-0.316558 -0.92768 -0.53162 3
-0.0269235 -0.0282253 -0.0254465 3
0.0339473 -0.749238 -0.421305 3
-0.0745966 -0.417433 -0.238543 3
0.013972 -0.128341 -0.00511185 3
0.639256 1.41005 0.717681 4
0.483854 1.08672 0.780653 4
0.339377 1.09988 -0.0955661 4
-0.0196297 0.163531 0.0719009 3
0.168143 0.747098 0.483016 3
-0.135663 -0.250961 -0.217352 1
-0.0414942 -0.0415578 -0.0207665 1
-0.041701 0.0538969 0.035352 1
0.0582619 -0.0156774 -0.143643 1
-0.144015 -0.117942 0.0963616 1
0.392977 0.357108 -0.045025 1
0.478006 0.0229301 -0.211239 1
0.0119046 0.00812489 -0.103791 1
-0.121918 0.194886 -0.211019 1
0.0605276 0.0440021 -0.0544583 1
-0.0558697 -0.0698389 -0.100836 1
-0.0303201 -0.0667257 0.0613296 1
-0.118255 0.154194 -0.178438 1
-0.241929 -0.0597212 -0.0929827 1
0.113336 0.435293 0.225274 1
0.200044 -0.194104 0.101157 1
0.0370872 0.122316 -0.0660936 1
0.0370809 0.0876264 0.0762197 1
-0.0259432 -0.00438483 0.0595294 1
-0.0228688 -0.0385792 -0.0121009 1
0.0896097 -0.232438 0.158265 1
-0.0550423 -0.0202947 0.0468975 1
-0.214637 0.00746516 -0.0408333 1
-0.389127 0.418913 0.30033 1
-0.00428976 -0.0631595 -0.0686906 1
-0.210079 -0.303059 -0.0445869 1
-0.125012 -0.140383 -0.0427306 1
-0.0187454 0.0917765 -0.0870319 1
0.0299433 0.0240044 0.0290261 1
0.0143449 0.0860481 0.0921698 1
0.00894883 -0.02285 0.0415155 1
0.0529954 -0.0690687 0.0535322 1
-0.236126 0.0176549 0.0680309 1
0.29586 0.18034 -0.110729 1
-0.188073 0.14498 0.134931 1
-0.0624876 0.0579808 0.0248875 1
0.361598 0.0620585 -0.136235 1
