# 1 = ball
# 2 = lepton
# 3 = photon
# 4 = PID > 100
# 5 = neutrino
# 6 = other
-0.00305984 0.00426608 -0.0236775 3
-0.00212061 0.00464166 0.0355 3
0.163567 -1.09902 -2.52753 4
-2.76714 0.500141 -0.684598 4
-0.953312 -0.38035 0.360032 4
-0.0869977 -0.086799 0.15526 4
3.45385 3.46013 9.56558 4
0.789214 0.424974 1.73842 4
-0.0574791 -1.03638 -3.21099 4
-1.69062 -0.556056 0.0334401 4
-0.119465 0.619165 -0.135263 4
-0.124279 0.592195 0.26708 4
-0.0819883 0.26543 0.748622 4
0.0795964 0.39681 1.20807 4
0.179916 2.09649 2.53035 4
0.529392 1.33127 4.30984 4
0.276315 0.114728 0.607577 4
0.27586 -0.0989133 1.00916 4
-0.119194 -2.71679 -6.17913 4
0.226381 -1.8301 -3.88699 4
-0.140284 -1.82745 -5.20083 4
-0.0882189 -0.477749 -1.05511 4
-0.275678 -0.584672 -0.929353 4
-0.0916506 -0.600398 -0.857791 4
0.00198833 -0.319452 -0.342997 3
-0.22699 -0.951543 -1.09104 3
0.0187197 -0.226541 -0.225512 4
-0.0731596 -0.0235596 -0.924183 4
-0.499037 -0.111825 -0.544696 4
-0.0674431 -0.0591861 0.0133712 3
-0.237344 0.273681 -0.123374 3
-0.231993 0.108068 -0.0476236 3
-0.576531 0.879283 1.35785 4
-0.310861 0.325029 0.677075 4
1.96629 1.89105 4.15494 4
2.19382 1.82608 4.91266 4
-0.497454 -0.0723769 -0.166971 3
-0.910079 0.014665 -0.190428 3
-0.135986 -0.162605 -0.337116 3
-0.0340381 0.0130251 -0.164121 3
0.308378 0.241864 0.635789 3
0.348073 0.461694 0.816791 3
-0.0606318 -0.135913 -0.366741 3
0.0212885 -0.517079 -1.52421 3
-0.238221 -0.369755 -1.50424 3
-0.0224927 -0.0384042 -0.0532391 3
0.120039 -0.158607 -0.292128 3
-0.442391 -2.11186 -3.62222 3
0.111439 0.114681 -0.143371 3
0.00482717 -0.0255651 -0.0819368 3
-0.128951 0.326559 0.545891 3
0.0162185 0.00442436 0.0694151 3
0.212158 0.235751 0.503478 3
-0.00224421 0.0528551 0.181212 3
