# 1 = ball
# 2 = lepton
# 3 = photon
# 4 = PID > 100
# 5 = neutrino
# 6 = other
0.00132746 0.000413517 -0.0356855 3
-1.48676 -0.971222 1.86138 4
0.129177 0.727987 -0.496025 4
7.60837 6.2282 -9.53392 4
-3.63693 -2.13358 5.71877 4
0.404504 -0.946828 0.0989719 4
0.172506 -0.177082 -0.496189 4
0.198827 -0.315622 -1.38951 4
0.0565956 -0.111593 -0.00152072 4
-0.505623 -0.0937966 -0.131804 4
-0.0130672 -0.105275 -0.120741 3
-0.117082 -0.281577 -0.0893756 3
1.1113 0.786357 -1.54752 4
-0.091805 -0.233471 0.246784 3
-0.394197 -0.545284 0.47521 3
0.0319446 -0.0568587 0.140957 3
0.171896 -0.178194 0.135557 3
0.185096 0.290774 -0.308903 3
0.0612326 0.344611 -0.310003 3
-0.0036666 0.0997657 -0.686935 3
0.0379632 -0.0196953 -0.0960174 3
-5.42496 -4.09548 8.2938 2
-2.60816 -1.55033 2.77687 5
-0.0165929 -0.0337139 0.0373993 3
-1.28788 -0.806597 1.83184 3
-0.0488797 -0.0671817 0.026168 3
-0.000639994 -0.235685 -0.100945 3
8.17827 5.26986 -10.0992 4
3.74716 2.93242 -5.99044 4
1.28991 1.29474 -1.71928 4
-7.74983 -5.01606 11.5103 4
