# 1 = ball
# 2 = lepton
# 3 = photon
# 4 = PID > 100
# 5 = neutrino
# 6 = other
-0.001702 0.00224445 0.000113105 3
0.00514859 -0.00373499 -0.70106 3
1.05431 0.783817 1.54831 5
8.46835 8.07232 19.0231 2
5.64914 5.69892 14.0893 5
-8.31725 -8.30806 -20.7975 5
-0.304502 -0.266354 -0.561986 4
-2.67096 -2.90349 -6.00221 3
-2.8954 -3.32151 -6.85131 3
0.0446911 -0.0152154 0.052577 1
-0.0474237 -0.00956297 -0.0026875 1
0.0169199 -0.0207002 -0.127952 1
-0.362105 0.194039 0.0248821 1
0.015479 0.017821 -0.0299135 1
-0.161687 0.100249 -0.0713868 1
-0.00956041 -0.0831444 0.0190393 1
-0.151093 -0.00245598 0.118427 1
0.00194782 -0.00266099 0.00125414 1
0.0395291 0.0710639 -0.32367 1
0.125213 0.214905 0.037029 1
0.0464034 -0.0425205 0.0349295 1
0.0685015 -0.124691 -0.145911 1
0.0309282 -0.0166286 -0.0204576 1
-0.0581187 -0.00530603 0.13794 1
0.103124 -0.0127564 -0.0521567 1
-0.00624545 -0.0751425 0.036754 1
0.00613403 0.428592 0.148202 1
0.0476938 -0.0737962 0.0054359 1
0.070423 0.0212147 -0.0106029 1
0.0971746 0.33958 -0.0658165 1
-0.0350524 -0.086519 0.040502 1
-0.051969 -0.118853 0.0624095 1
0.00273422 0.00332121 -0.00284902 1
-0.015207 -0.0208247 -0.0383912 1
0.0738993 -0.0303309 -0.00189628 1
0.0209416 -0.0668715 -0.174232 1
0.188358 -0.0460976 0.0206466 1
-0.130092 0.126423 0.121917 1
-0.0585902 -0.0296685 0.072124 1
-0.015551 0.0945393 -0.0207102 1
0.0393318 -0.124785 -0.00846051 1
0.00141494 0.0173846 0.232851 1
-0.144571 -0.0906494 0.113383 1
-0.0481965 -0.0541401 -0.0547769 1
0.0607945 0.0136197 -0.00837518 1
-0.058048 -0.0253382 -0.0221945 1
-0.132099 -0.121404 -0.0606534 1
-0.370856 0.0838407 -0.182371 1
-0.0263225 0.20622 0.0342273 1
0.13513 0.0779284 0.0894487 1
-0.0120258 0.0237571 0.0012274 1
-0.0342741 -0.189966 0.106108 1
-0.142306 -0.25143 0.0219752 1
-0.154204 -0.046763 0.145823 1
0.00169673 -0.000422585 -0.000435232 1
