# 1 = ball
# 2 = lepton
# 3 = photon
# 4 = PID > 100
# 5 = neutrino
# 6 = other
0.00121985 0.000186414 -0.0248893 3
0.000209481 0.000970023 -0.00323764 3
0.32433 0.923604 0.608076 4
0.73753 7.90285 7.92388 4
0.30676 1.1599 1.31614 4
0.43907 5.16423 4.12925 4
-0.0829879 2.41864 0.798703 4
-0.287646 0.999323 0.670521 4
0.38003 0.119483 -0.298221 4
-0.0632253 -0.209772 -0.0122845 4
-0.123704 -0.0355345 -0.718854 4
0.410612 -0.387726 -0.30953 4
0.0661746 2.39531 2.63941 4
0.200545 0.662461 0.374401 4
0.23639 0.874627 1.08192 4
0.525066 4.79134 3.57549 4
-0.53637 1.52042 -0.372824 4
0.0108384 -0.141289 -0.0367913 3
-0.509273 -0.203694 0.210082 3
-0.000559093 -0.00263768 0.00336429 2
-0.00458799 -0.0201203 0.0278933 2
0.243519 0.295309 0.346018 3
0.136128 0.0438727 0.105053 3
-0.245649 0.435288 0.505463 3
0.292255 0.471354 0.741951 3
-0.0422161 -0.0430241 -0.0094662 3
-0.123349 0.0253115 -0.216405 3
-1.02152 0.563498 -0.241469 3
-0.112239 0.376855 0.030048 3
0.0229897 -0.0594199 -0.0865614 3
0.0519698 2.06751 -0.403619 3
0.0492939 0.222855 -0.0539814 3
0.0310973 0.00540827 -0.102178 3
-0.0838551 0.0688106 -0.0651664 3
-0.0167876 0.0776531 -0.0495793 3
0.0689894 -0.00663811 0.0157394 3
-0.0133566 0.0161247 0.0046177 3
0.0950364 0.360604 -0.404051 3
-0.144764 -0.0255739 -0.357299 4
-0.0335302 -1.4708 -1.13127 4
-0.10186 -0.961799 -0.895598 3
-0.0731717 -0.713239 -0.402515 4
-1.44681 -1.90165 0.00906052 4
0.0728018 -0.0649468 -0.0747476 3
0.0904524 0.0527246 -0.00856314 3
0.0427861 -2.08943 -1.10189 3
-0.0464163 -0.892394 -0.540102 3
-0.205999 -1.23454 -0.372405 4
-0.215895 -1.60342 -0.276829 3
-0.00986926 -0.604167 -0.146336 3
0.00456918 -0.133095 -0.0196959 5
0.368168 -5.32754 -3.23317 3
0.487768 -8.3014 -4.86588 3
0.098393 -0.9845 -0.703574 5
-0.0945621 -1.97622 -2.09431 4
-0.0919079 -1.92993 -1.98546 4
-0.0628811 -2.69203 -3.49836 4
