# 1 = ball
# 2 = lepton
# 3 = photon
# 4 = PID > 100
# 5 = neutrino
# 6 = other
0.019015 0.0324944 0.208024 3
0.000681213 0.0051711 -0.0343921 3
-3.63081 -1.79364 -0.532018 4
-3.76287 -2.05033 -0.806062 4
-2.9138 -1.45191 -0.236772 4
-0.211687 -0.133 -0.307889 4
-0.70913 0.184936 -0.129234 4
0.000440309 -0.20446 -0.162649 4
-0.520629 -0.259227 0.0226761 4
-0.590176 -0.323918 0.136803 4
6.20483 -2.3411 4.9447 4
-1.72857 1.12721 -1.22492 4
-0.543225 0.322541 0.621224 4
1.48802 -0.495717 0.865312 4
0.284819 -0.198176 -0.124714 4
2.48655 -0.487393 2.72505 4
10.2084 -2.84668 8.91244 4
-0.999809 2.50945 -2.479 3
-0.566034 1.17012 -1.17608 3
-0.0699306 0.204162 -0.344894 3
-0.00488878 0.766665 -1.11435 3
-0.0822956 0.150795 -0.173193 3
-1.80959 4.81542 -4.95567 3
-0.3816 0.497124 -0.648172 4
-0.461524 0.203457 -0.872759 4
-0.495768 1.06779 -0.798324 4
-0.715 1.45526 -1.39437 4
-0.647695 -0.0470743 -0.339431 4
-0.413523 0.100017 -0.0405513 4
-0.0400524 0.0470298 0.0239848 3
-0.395983 -0.00777673 0.109448 3
-0.679233 -0.633903 -0.0237956 4
-0.449704 -0.0885724 -0.145524 4
0.306421 -0.119533 0.272332 4
0.870916 0.072088 0.676812 4
2.24235 -0.544615 1.58074 3
0.176981 -0.0202423 0.160611 3
-0.044434 0.128661 -0.0429353 3
-0.028186 0.259063 -0.297789 3
-0.389694 1.06262 -0.936787 4
-0.260098 0.416544 -0.494222 4
-0.110119 -0.184676 -0.275709 3
-0.0327368 -0.00950305 0.00806097 3
-0.569834 -0.405791 -0.0997235 3
-0.954253 -0.531163 -0.0377944 3
0.336701 -0.0777481 0.14505 3
0.831545 -0.399027 0.482528 3
-0.068708 0.165414 -0.181391 3
-0.237755 0.239186 -0.176639 3
0.340727 0.34798 -0.406704 1
-0.460101 -0.675194 -0.290905 1
-0.120935 -0.0774573 -0.243132 1
-0.720366 0.20499 -0.225078 1
-0.062124 -0.0322234 0.253818 1
0.213353 -0.217823 -0.0328565 1
-0.0872091 0.451034 -1.02903 1
0.0486742 -0.227851 0.0792173 1
0.139114 -0.0566515 -0.101945 1
-0.0383267 -0.716813 0.401631 1
0.0581147 -0.157514 -0.0484511 1
0.591385 -0.559182 0.33125 1
-0.0995197 -0.358417 0.20659 1
-0.176528 -0.0496541 -0.183437 1
-0.0628572 0.126826 0.282867 1
0.036553 -0.00928655 -0.501929 1
0.401469 0.433561 0.139219 1
-0.0754709 0.00614543 0.0667201 1
0.183679 0.513498 0.0644244 1
-0.0479354 -0.293995 -0.0503096 1
