# 1 = ball
# 2 = lepton
# 3 = photon
# 4 = PID > 100
# 5 = neutrino
# 6 = other
0.915154 0.74834 -0.883421 4
-0.266803 -0.396569 0.358454 4
0.0227756 -0.198132 0.261802 4
-1.46145 -1.0925 2.44429 4
0.0568183 0.129027 -0.416295 4
1.38714 0.674257 -1.44266 4
-0.0278506 -0.078 0.0506236 3
-0.294935 -0.629765 0.858851 4
0.100258 0.0564688 -0.152396 3
0.449415 0.270689 -0.425214 4
0.490989 0.501464 -0.17856 4
-1.81771 -0.101853 0.841917 4
-2.84016 -0.117471 3.89948 4
-0.619921 -0.471865 0.639923 4
-0.12223 -0.0934582 0.0547815 3
-0.511383 -0.52374 0.575742 3
-0.466587 -0.36123 0.403438 3
-0.417398 -0.207725 0.417187 3
-0.510273 -0.218088 0.272522 3
-0.135663 -0.129672 0.140189 3
-5.87142 -5.76539 4.90933 4
0.0121955 -0.0230844 0.0178982 3
-0.370206 -0.626463 0.569688 3
1.92838 1.52235 -2.02286 4
0.132087 0.287641 -0.283533 3
0.114334 0.152779 -0.326846 3
-0.669791 -0.158125 1.93916 3
-0.0268674 0.0201982 0.124202 3
-0.612413 -0.272331 0.487287 4
-1.80996 -1.271 1.23585 4
-1.0969 -0.915455 1.14256 4
-2.23 -1.6595 1.91658 4
-0.32605 -0.116382 0.279645 4
-0.0814434 -0.311301 0.429057 4
4.00056 1.79635 -3.70333 2
0.0960838 0.0910574 -0.195676 5
0.342655 0.20578 -0.425842 4
2.06254 1.48489 -1.78163 4
2.14354 1.42523 -2.06778 4
2.15984 1.28302 -2.11526 4
0.013557 -0.0284631 -0.087316 3
-0.085226 0.084591 -0.108638 3
-0.0922021 0.114013 -0.229593 3
-0.0802857 0.0878954 -0.0301387 3
0.0106185 0.00992118 0.0259346 3
-0.0757799 -0.0991258 -0.0994285 3
-0.775957 -0.738556 0.666498 3
-0.301909 -0.396949 0.257078 3
-0.000537141 0.000435033 -0.00391454 3
-0.940942 -0.614546 0.915816 3
-0.556188 -0.277894 0.832554 3
-0.355609 -0.137286 0.360386 3
0.784887 0.569571 -1.05935 3
0.100668 0.141707 -0.175742 3
1.20384 0.709694 -0.894817 4
0.948188 0.777329 -1.0913 3
0.602059 0.379946 -0.706672 3
4.14928 3.45912 -5.11157 4
1.39474 0.953084 -1.25584 3
0.0837165 0.0216049 -0.0563809 3
-0.0187765 0.118154 0.157102 1
0.0858896 0.0238132 -0.0226327 1
-0.0203371 -0.0220704 0.0154099 1
-0.0680759 -0.21738 0.112922 1
0.0393131 -0.0372134 -0.0383618 1
-0.0320583 0.116818 -0.00764097 1
0.206389 0.00228998 0.0278164 1
0.0245685 0.158093 -0.0114253 1
-0.0159511 -0.021577 0.0757449 1
0.0715787 0.0427984 -0.0408048 1
-0.0451011 -0.0528014 0.139083 1
-0.00328628 -0.264329 -0.0376567 1
-0.0807605 -0.0418188 -0.063063 1
-0.00420571 0.085835 0.0186118 1
0.293403 -0.148068 -0.23803 1
0.0565408 0.0457373 0.0883027 1
-0.077008 -0.0719832 0.00390435 1
-0.36586 0.314564 0.0660472 1
0.0768513 0.0380835 -0.0568344 1
-0.0149324 -0.0816058 -0.133092 1
-0.141105 0.101708 0.0812121 1
0.178655 -0.0155726 -0.13332 1
