# 1 = ball
# 2 = lepton
# 3 = photon
# 4 = PID > 100
# 5 = neutrino
# 6 = other
0.0898976 0.367475 -0.144151 4
0.511632 -0.0136834 -0.421045 4
0.464783 0.0502827 -1.16221 4
0.584288 -0.013282 -0.373351 4
-0.478792 -0.471881 0.559796 4
-0.226529 0.152303 0.290559 4
-0.357874 -0.16132 0.768146 4
-0.422343 -0.0146399 1.44962 4
0.449939 0.0807632 -0.515941 4
-0.0200604 -0.260223 -0.0409382 4
0.169261 0.0513719 0.0647701 4
-0.103952 -0.370508 -0.00119774 4
-0.604801 -0.214761 0.559439 4
0.0182016 0.006491 -0.00644258 3
-0.0529316 0.113961 0.563564 4
0.223474 -0.281013 0.649701 4
-0.00427712 -0.00632505 0.0140109 3
0.0423873 0.0384309 0.0775887 3
0.30208 -0.0535662 0.197307 3
-0.0875746 -0.0486474 0.152485 3
-0.267608 -0.467967 1.05763 3
-0.104585 -0.0728186 0.299477 3
-0.0275602 -0.0440947 -0.236616 3
0.0067562 0.0922398 -0.364537 3
-4.27785 -1.62178 7.40496 5
-3.50126 -2.24544 10.1047 2
-1.15284 -0.366287 3.34455 4
0.286833 0.0852595 -0.730111 4
1.91022 1.30313 -3.54857 4
0.841723 0.666551 -1.57063 4
3.03244 0.812002 -6.32715 4
-4.51913 -1.78769 6.78701 4
-0.316685 0.0686854 1.06945 4
-0.107072 -0.0973989 -0.449165 4
4.89563 1.59204 -10.3638 4
1.91652 1.58384 -4.39864 3
0.715349 0.629689 -1.85058 3
2.58001 1.39062 -5.67407 3
0.233162 0.163484 -0.609501 3
-2.14418 -0.491401 2.65406 3
-0.496701 -0.1439 0.719754 3
