# 1 = ball
# 2 = lepton
# 3 = photon
# 4 = PID > 100
# 5 = neutrino
# 6 = other
-0.000528921 0.00138184 0.0100647 3
1.40878 -0.677558 1.10251 4
6.69347 0.151977 3.5898 4
1.44388 -0.256904 0.266875 4
1.50583 -0.210328 0.835486 4
0.563888 0.301322 0.197968 4
0.744029 0.127797 0.726095 4
0.597702 -0.371607 0.00983354 4
1.28107 -0.0475729 0.293394 4
1.73778 -0.46439 0.225569 4
-3.31551 0.858678 -0.789167 4
-6.81955 3.16483 -2.45351 4
0.209855 0.170585 0.677517 4
-0.107116 0.104014 -0.208811 4
1.73158 -0.593884 1.31455 4
2.79442 -0.269945 1.28362 4
0.179623 -0.061145 0.102388 3
0.44756 0.0595584 0.210049 3
3.00445 0.0571357 2.74836 3
0.391412 0.0529297 0.33738 3
0.787832 -0.698248 -0.332925 4
1.01561 -1.05521 -0.544437 4
2.61505 -3.52289 -2.58045 4
3.93946 -5.11723 -2.36512 4
-1.22154 0.436119 -0.354938 4
-0.401151 -0.00380495 -0.0122417 3
-1.64145 0.244689 0.0343444 3
-1.03844 0.672489 -0.216634 4
-2.28617 1.02483 0.114427 4
-0.302758 -0.0311013 0.165867 4
-0.186236 -0.09947 0.527433 4
0.594913 0.0313747 0.189573 4
0.477429 -0.22729 0.152654 4
0.00557154 0.067712 0.0582199 3
0.0243387 0.00638448 -0.0625757 3
0.633087 -0.380983 -0.210072 3
0.0384771 -0.0504683 0.013554 3
0.225383 -0.407535 -0.063862 3
0.0130355 -0.19951 -0.0128703 3
-0.171434 0.0362847 0.0158392 3
-0.267966 0.145608 -0.129319 3
0.0423214 0.0114919 0.0667654 3
-0.00412673 0.177832 0.0602631 3
1.23061 -0.0523323 0.901371 3
0.0500637 -0.0302608 0.0369342 3
-6.94952 2.99066 -1.73643 3
-0.216595 0.0835356 -0.0477377 2
-0.748138 0.282385 -0.16807 2
-4.36442 1.53698 -1.42899 4
-0.380066 0.106843 -0.119774 3
-6.00578 1.92424 -2.43077 3
