# 1 = ball
# 2 = lepton
# 3 = photon
# 4 = PID > 100
# 5 = neutrino
# 6 = other
-0.747017 -1.94743 -0.618387 3
-1.40323 -0.237296 10.2204 4
-0.598189 -0.496558 8.68831 4
-0.245557 0.377818 0.3111 4
0.503123 0.471686 2.30019 4
-1.48339 -0.170459 2.94913 4
-0.448417 0.890213 -0.262537 4
0.183525 -0.560744 -0.246955 4
0.00301019 -0.267164 -0.297135 4
1.32128 -0.309273 -5.22123 4
-0.322067 -0.49452 1.78611 4
0.0666787 0.206669 0.690185 4
0.874635 0.503327 -2.44635 4
0.520037 0.137396 -0.505574 4
0.470456 0.73389 -6.4842 4
1.19818 -0.21389 -5.77002 4
1.79901 0.529953 -9.48633 4
0.0275155 0.149113 0.0966738 4
-0.108488 -0.0189467 1.72771 4
-0.463659 -0.112552 2.48673 4
-0.136929 0.30051 3.85684 3
-0.0132563 0.168451 -0.114657 4
-0.0465487 0.0526167 0.0335049 4
-0.173952 0.0802252 -0.140538 3
-0.40685 0.435299 -0.359682 3
-0.0554408 -0.0412551 -0.00102307 3
-0.151193 0.079951 0.110696 3
0.0765545 -0.3069 -0.066042 3
0.0190428 -0.0451896 0.0448538 3
-0.0191616 -0.073567 -0.621788 3
0.109897 -0.0421072 -1.59522 3
0.531016 0.248752 -2.37179 3
0.452474 0.125124 -2.31756 3
-0.052363 0.0202115 0.559574 3
-0.254251 -0.172366 1.96467 3
-0.219117 -0.171907 0.719657 3
-0.150957 -0.0187131 0.583777 3
0.146354 0.107327 -0.136847 3
0.382042 0.052744 -0.225696 3
-1.14009 0.467202 -0.965044 1
-0.27285 -0.190348 -0.370233 1
0.129857 -0.136791 0.0631477 1
-0.0874042 -0.348022 -0.0265535 1
-0.115582 0.274024 -0.0232899 1
0.051995 -0.273957 -0.135361 1
0.104127 -0.0270935 0.207176 1
0.0125648 0.199532 0.936657 1
0.132585 0.0650163 0.472938 1
