# 1 = ball
# 2 = lepton
# 3 = photon
# 4 = PID > 100
# 5 = neutrino
# 6 = other
0.00119595 0.0224239 -1.07792 3
-6.85962e-07 2.05588e-06 -0.000142327 3
7.55112 20.4894 21.6858 4
0.230789 -0.382612 0.0906206 4
-1.18377 -1.42671 -2.16912 4
1.10595 1.2593 2.42325 4
0.724672 0.496695 1.61468 4
0.839598 0.47762 1.11715 4
0.340927 0.606763 0.139469 4
-1.92236 -3.35733 -4.24479 4
-0.0620399 -0.184845 -0.475992 4
-3.61674 -7.29352 -8.48889 4
-1.50569 -2.31441 -2.65135 4
-0.0923488 0.334573 0.439969 3
0.0380542 0.307445 0.330013 3
0.339039 0.413072 0.156663 3
0.120822 -0.44803 -0.594654 4
0.049747 -0.521092 -0.0575339 4
0.0411845 -0.13495 0.0327189 3
0.112508 -0.600728 -0.130897 3
-0.288686 -0.360461 -0.459427 3
-0.607255 -0.770909 -1.27459 3
-1.44428 -3.14918 -4.16396 4
-1.00066 -2.63762 -3.06875 4
-0.00131625 0.0906383 0.514109 3
-0.0404326 0.0935632 0.148956 3
0.0224936 0.141642 0.171983 3
0.72392 1.59868 2.01284 3
0.0091093 -0.0893716 -0.0126079 3
-0.128004 -0.227843 -0.221981 3
-0.324305 -0.541789 -0.578566 3
-0.448018 -0.647312 -0.925611 3
-0.678004 0.182883 -0.494732 1
0.464397 -0.264231 -0.143885 1
0.128133 0.129926 -0.268109 1
0.465225 -0.193334 0.269086 1
-0.00659183 -0.808737 0.402803 1
0.528307 -0.0985238 -0.136228 1
0.0895329 -0.333086 0.462778 1
-0.576227 0.141996 -0.373188 1
