# 1 = ball
# 2 = lepton
# 3 = photon
# 4 = PID > 100
# 5 = neutrino
# 6 = other
-0.00786676 -0.00945843 -0.0136161 3
-1.29226 3.09176 -4.50409 4
-1.42697 3.56691 -5.81794 4
0.308633 0.473131 -0.479712 4
-0.02833 0.309982 0.47954 4
0.100821 -0.850478 1.77351 4
2.4402 -6.11925 9.10689 4
0.327123 -1.0578 1.24843 4
2.56011 -5.36709 8.96009 4
3.32018 -8.45797 13.1742 4
-1.14382 2.08977 -3.5189 4
-0.817539 0.76575 -1.69865 4
-0.698626 1.98292 -2.80162 4
-0.0973798 0.021627 -0.119549 4
-0.108088 -0.0700575 -0.145745 4
-0.332093 -0.988321 1.42583 4
-0.298232 0.711076 -1.21414 4
-0.301282 0.854254 -0.826533 4
-0.0501094 0.0424196 -0.00537005 3
-0.0203851 -0.0581389 -0.109052 3
-0.57979 1.65305 -2.87576 3
-1.51083 4.45292 -7.31244 3
-0.575913 1.49091 -3.00981 3
-0.216297 0.563637 -0.970344 3
0.0423 -0.00146439 0.131216 3
0.485303 -0.277584 0.77586 3
-0.048337 0.13973 -0.170393 3
-0.0305222 1.04776 -1.48186 3
