# 1 = ball
# 2 = lepton
# 3 = photon
# 4 = PID > 100
# 5 = neutrino
# 6 = other
0.00141733 3.18754e-05 -0.00151071 3
-0.15874 0.532516 0.170299 4
0.281888 0.384454 0.431504 4
-0.184967 0.318432 0.132768 4
-1.12459 -2.17665 -0.118085 4
-0.219271 -0.0640991 -0.200393 4
0.246344 0.290096 0.313062 4
-0.547935 -0.235023 0.0709085 4
-0.0529442 -0.504601 -0.142748 4
-0.0962498 -0.0778576 0.0332199 4
-0.334571 -0.629511 -0.411147 4
-0.201737 -0.597239 -0.238322 4
0.101716 -0.0590403 -0.26635 4
-0.348398 0.919986 -0.698491 4
0.144776 -0.137729 0.200534 4
-1.4557 -2.18216 -1.60476 4
-0.403103 -0.504343 0.293387 4
-0.13573 -0.565102 -0.385854 4
-0.223998 -0.0996064 -0.33223 4
-0.178284 -0.917927 -1.31409 4
0.00654036 -3.49809 -2.35264 4
-0.22973 -0.0366362 -0.465102 4
-0.360969 0.624208 0.883632 4
0.114225 -0.0684875 0.144747 4
0.281639 -0.47869 -0.493995 4
0.0313725 0.010142 0.134252 4
0.394438 0.537732 0.382663 4
0.605614 0.667595 0.557827 4
-0.384489 -0.539481 0.151588 4
0.240084 -1.16724 -1.14902 4
0.422333 1.25324 0.508099 4
2.0672 6.69394 1.04964 4
0.0201378 -0.264684 0.0297605 3
0.205464 -0.700365 -0.0819307 3
-0.173422 0.0151475 -0.011723 4
-0.350739 0.0128163 -0.744512 4
-0.094191 -0.253694 0.0584107 4
-0.200596 -0.563 -0.50651 4
-0.0690856 -0.0580349 -0.0566201 3
-1.12723 -1.72737 -1.03368 3
-0.0156076 0.0950489 -0.23461 3
0.0919845 0.0254417 -0.14135 3
-1.54258 -0.443883 -0.142323 3
-0.964026 -0.194197 -0.0181179 3
-0.0519885 -0.844598 -0.197025 3
0.063843 -0.610232 -0.0881031 3
1.01918 3.09784 2.65589 3
0.0416723 0.0667361 0.0763258 3
0.412402 0.142192 0.0808945 4
0.189105 -0.0110589 0.27807 4
0.0234399 -0.0189225 -0.0270954 3
-0.317152 -0.484716 -0.0257378 3
-0.277451 -0.253299 -0.0712631 3
-0.0936577 -0.31641 0.0846322 3
-0.0993512 -0.0676955 0.0196834 3
0.113588 -0.0160993 -0.0385498 3
0.339413 -0.0821815 0.11572 3
0.582177 1.98451 0.755839 4
0.576653 3.00083 -0.144581 4
0.20488 1.57271 0.716327 4
0.708216 6.82539 2.20417 4
0.506401 1.21182 -0.104066 3
0.0168828 0.162544 -0.0139514 3
0.0190062 -0.0332852 -0.143811 3
0.0603693 0.0766246 -0.0717045 3
-0.0279142 -0.131112 -0.0203319 3
-0.376971 -0.499595 -0.205498 3
-0.174395 -0.101524 -0.140225 3
-0.0770232 -0.195341 -0.148291 3
-0.460518 -0.403996 -0.0489869 3
-0.00963745 -0.246157 -0.367623 3
0.0401984 -0.330979 -0.0158576 3
-0.0888043 -0.275709 -0.0333357 3
0.0061952 0.0742939 -0.0563272 3
0.182412 0.0529395 -0.133542 3
-0.0416042 -1.59648 0.127608 4
0.242822 -0.0189759 0.580188 4
0.113578 0.440358 -0.0850424 3
0.305647 0.70023 -0.0162778 3
2.00767 -4.21074 2.05185 4
0.363468 -2.23783 -0.812873 4
0.103527 -0.152175 -0.132351 3
0.150257 -0.022396 -0.126522 3
0.0509807 -0.221602 0.0635903 1
-0.0301848 0.0110368 0.193993 1
-0.0459621 0.0280664 -0.0379188 1
0.069436 0.192736 0.0664759 1
-0.103339 -0.0367096 -0.0371185 1
0.0171445 0.0502657 0.0272779 1
-0.00117985 -0.0631527 0.0660602 1
0.111657 0.210255 0.0820535 1
0.102111 0.104093 -0.259072 1
0.244138 0.315138 0.0817656 1
-0.293901 0.0320544 0.288657 1
-0.0459657 0.10258 -0.0639452 1
-0.0282122 -0.0981966 -0.113658 1
0.0567985 -0.093046 -0.0695913 1
-0.151084 0.0371819 -0.185729 1
-0.211688 0.0857761 0.198735 1
-0.116174 -0.539873 0.821823 1
0.000606885 -0.000188491 -0.001816 1
