# 1 = ball
# 2 = lepton
# 3 = photon
# 4 = PID > 100
# 5 = neutrino
# 6 = other
0.00378948 -0.000793097 -0.0125504 3
5.80361 2.10168 -1.97195 4
3.56751 0.936672 -1.0218 4
0.0423221 0.0558884 0.113812 4
-0.306854 -0.940025 -0.307559 4
-1.13593 -1.0693 0.00606769 4
-0.252919 -0.212872 0.211695 4
-1.37771 0.0404239 0.0853065 4
4.4595 1.87479 -0.969572 4
0.75094 0.423909 -0.428621 4
3.45895 1.04136 -1.12322 4
2.34438 0.418444 -1.35231 4
0.610068 -1.18358 -0.194378 4
-19.2266 -4.68511 6.37675 4
-0.828351 -0.13071 0.231782 4
-12.1297 -3.66851 3.07967 4
4.7383 1.30562 -0.983414 3
0.240289 0.0973201 -0.0440942 3
1.27117 0.457802 -0.306105 3
4.93871 1.55653 -1.33955 3
1.03915 0.490232 -0.0245061 4
0.386818 0.0903311 -0.0283237 4
1.67867 0.677804 -0.472378 3
1.38592 0.464662 -0.295818 3
0.0813939 0.396898 -0.0464872 1
-0.0110052 0.620188 -0.289114 1
0.432314 -0.0241187 -0.769003 1
0.157046 0.169621 0.0841608 1
-0.405927 0.741803 0.581102 1
-0.206144 -0.0725855 -0.0794485 1
-0.42611 -0.910964 0.0286062 1
-0.514166 -0.0320108 0.331392 1
-0.225281 0.419335 0.1032 1
-1.19217 -1.02385 0.57104 1
0.189632 -0.568531 0.577725 1
0.662084 -0.216229 -0.627224 1
-0.0133516 -0.0309405 -0.03422 1
0.00658076 -0.00215513 -0.00934223 1
0.000532577 0.390731 0.350014 1
0.00251304 0.00024504 -0.00132535 1
