# 1 = ball
# 2 = lepton
# 3 = photon
# 4 = PID > 100
# 5 = neutrino
# 6 = other
-0.00551182 -0.0027786 -0.00419974 3
-1.91149 0.687886 -3.24456 4
-2.58842 0.670535 -3.24301 4
0.284179 0.0932223 0.167889 4
0.879753 0.223372 -0.369024 4
1.8358 -0.210332 0.435616 4
1.11314 0.465978 2.03585 4
0.27637 0.228095 1.58024 4
2.82253 -0.746906 6.43837 4
1.0107 0.193179 1.9122 4
-0.685262 -0.0689931 -0.235625 4
0.23354 -0.0215045 -0.0436411 4
0.165269 0.0806757 0.390802 4
-1.73665 0.743053 -2.31959 4
-2.65935 1.51345 -4.05419 4
0.00448767 -0.0901356 -0.276472 4
0.175899 0.209849 -0.397156 4
-0.0897776 0.059708 0.0318643 3
-0.458035 0.0545899 0.337047 3
0.171741 -0.125291 0.0964574 4
-0.0512719 0.368883 0.756801 4
-0.0201433 -0.208534 -0.19457 3
-0.0964439 -0.279265 -0.104315 3
-0.154816 -0.202677 0.0802876 3
0.389263 -0.39643 -0.177197 3
0.00955189 -0.106792 0.0595532 4
0.0883998 -0.290264 0.287764 4
0.434235 -0.203605 -0.00323154 4
0.782382 -0.656767 -0.259056 4
0.585923 -0.33245 -0.171175 3
0.260973 -0.0544062 -0.0884463 4
-0.0176337 0.0687114 -0.105881 4
0.117304 0.1843 -0.453146 3
0.0108444 0.0179909 0.00598076 3
-0.0499928 -0.0261097 0.0891841 3
0.041817 -0.221294 0.307092 3
0.148511 0.290967 0.435632 3
0.110586 0.443187 0.426537 3
0.369145 0.0896774 0.964874 3
1.82393 0.187075 4.23631 3
0.0733377 -0.0341565 0.0539743 3
1.1465 0.00845583 0.68868 3
-3.11119 1.37129 -3.82714 3
-0.478934 0.269376 -0.604041 3
-0.522661 0.137195 -0.776258 3
-0.369914 0.16747 -0.7667 3
-0.634315 0.124539 -0.666502 3
-0.20334 0.0590209 -0.341292 3
-0.0482971 0.0525246 -0.0385226 3
-0.361534 0.15132 -0.583459 3
-0.00702589 -0.00633963 0.000829275 3
-0.176703 0.415982 -0.609565 3
0.0345605 0.0467239 0.0530179 3
0.0692852 -0.0741339 0.253513 3
0.0313281 0.0139068 0.0164555 3
-0.0244432 -0.118679 0.263635 3
0.0135383 -0.0142482 0.0162785 3
-0.00676171 -0.0307854 1.02193 3
-0.582272 -0.516746 0.482218 4
-0.193935 0.123493 0.109426 3
0.01701 0.00104823 -0.00921014 3
-0.21442 -3.04256 0.475878 4
0.280335 -0.492577 0.0513445 4
-0.0560926 -0.0462344 0.0181822 3
0.0642771 -0.176728 0.0416142 3
0.000541309 -0.0579512 0.00236702 3
-0.112946 0.0133322 0.0922679 3
0.201125 -0.0671459 -0.0804349 3
0.234708 -0.145552 0.0362884 3
0.142904 0.103687 -0.116293 3
0.496428 0.332047 -0.124794 3
0.374553 0.409397 -0.202383 3
0.0598982 0.158155 -0.104717 3
-0.303126 -0.068789 -0.0884617 3
-0.00351803 0.0264915 -0.0106131 3
0.224982 -0.313678 0.26048 1
0.156225 -0.122223 0.24498 1
-0.0572545 0.112265 0.0356302 1
0.347142 0.152469 0.375412 1
-0.433097 -0.467008 -0.371197 1
-0.0744204 -0.61831 0.00149489 1
0.213035 -0.191459 -0.0662823 1
-0.826305 -0.449944 -0.019145 1
-0.256673 -0.312966 -0.0256884 1
0.520776 0.304818 -0.173627 1
0.668363 -0.732931 0.054397 1
0.0912634 0.328431 0.763403 1
-0.10037 0.000821872 -0.0206313 1
-0.151705 0.443769 -0.388573 1
0.223725 -0.151017 -0.0730362 1
0.689635 -0.456014 -0.679295 1
-0.818084 0.144573 -0.0834067 1
-0.643815 -0.298314 0.520178 1
-0.0343734 0.220325 0.130397 1
0.343549 0.226443 -0.039022 1
0.416602 0.14706 -0.219382 1
-0.431051 0.349844 0.161476 1
0.0334544 -0.235883 -0.276766 1
0.242645 -0.368683 0.418157 1
-0.11075 -0.00192159 0.0232886 1
-0.0091647 -0.00288781 0.0107447 1
-0.201926 -0.0930715 0.126566 1
-0.375912 0.450908 -0.272986 1
0.117141 -0.374565 -0.129866 1
-0.0310364 0.360414 0.175812 1
0.755236 -0.177323 0.638172 1
-0.145389 0.510444 -0.237851 1
0.415442 -0.530551 -0.687692 1
-0.152631 -0.0287053 0.0654985 1
-0.0675233 -0.013377 -0.0568199 1
-0.195933 0.204256 0.0739735 1
0.0458601 0.0621528 -0.19247 1
0.112005 0.0789876 0.0497794 1
0.0499502 0.120179 -0.175485 1
