# 1 = ball
# 2 = lepton
# 3 = photon
# 4 = PID > 100
# 5 = neutrino
# 6 = other
1.09904 -1.56571 0.226084 4
0.152591 0.108618 0.127092 4
-0.0395604 0.334887 -0.149118 4
0.14928 0.177574 0.208073 4
2.9594 -3.50335 -2.39615 4
0.540179 -0.957549 -0.807446 4
-4.28406 5.28485 3.23772 4
-0.39691 0.882537 0.569263 4
-5.70703 6.68736 3.5404 4
-7.82143 10.4758 5.69509 4
1.22491 -0.887812 -1.08528 3
0.565899 -0.0352741 -0.275946 3
0.0761317 -0.18704 0.0619552 4
0.234851 -0.184152 0.0857439 4
-0.254601 0.323559 0.586073 3
-0.0665935 0.225702 0.254741 3
0.402803 -0.463065 -0.386449 3
3.11927 -3.06346 -2.88338 3
7.54939 -8.94599 -7.21611 3
1.63092 -1.85155 -1.56026 3
-0.00771641 0.0774956 0.0449784 3
-0.498803 0.712866 0.621057 3
-0.274627 0.135175 -0.0208104 3
-0.155835 -0.0216475 0.0183856 3
-0.0252238 -0.0986147 -0.0580294 3
0.0793237 -0.0139466 -0.0228113 3
0.0209339 -0.0591757 -0.0216305 3
0.0322951 0.0749031 -0.0557361 3
0.0452173 -0.249002 -0.0794694 3
-0.0115116 -0.104962 0.0487546 3
-0.541979 -0.266119 0.255266 1
0.248493 0.127281 0.161497 1
0.0225712 -0.395865 -0.0952282 1
-0.0596676 -0.0396703 -0.0015386 1
0.362905 -0.15967 -0.446138 1
0.161854 0.916345 -0.571197 1
-0.114446 -0.0577206 0.0519935 1
0.0976823 0.124528 0.565732 1
-0.231913 -0.613097 0.370275 1
-0.00314737 0.175437 0.315685 1
0.0559799 0.0281634 0.119631 1
0.464883 -0.202443 -0.527429 1
-0.188662 0.568651 -0.150303 1
-0.0229834 0.101573 -0.186336 1
0.157182 -0.559541 -0.482684 1
-0.0201768 0.00980613 0.208866 1
-0.244348 0.0143648 -0.0859339 1
0.889712 -0.628051 0.390502 1
-0.51015 0.133713 0.17672 1
-0.004766 -0.660854 -0.267755 1
-0.195435 -0.20398 0.32739 1
0.0249902 -0.31725 -0.593085 1
0.94991 -0.0439126 0.791058 1
0.35891 -0.852384 0.109093 1
-0.0330805 -0.643381 -0.655881 1
0.108871 0.141406 -0.208289 1
-0.0111857 -0.00958417 0.0097176 1
0.176042 0.233657 0.290463 1
-0.734848 -0.409799 1.00436 1
-0.131666 -0.104046 0.455085 1
0.412096 -0.0936031 0.0595364 1
-0.726204 0.56082 0.0095913 1
-1.05594 -0.183817 0.29256 1
