# 1 = ball
# 2 = lepton
# 3 = photon
# 4 = PID > 100
# 5 = neutrino
# 6 = other
-0.415526 -0.893694 -1.3088 4
0.364323 -0.228202 -0.270703 4
0.136077 -0.00624331 0.120127 4
0.412106 -0.20139 -0.28808 4
0.223789 -0.936445 -1.13222 4
-0.42806 0.0301753 0.0637823 3
-0.838267 0.312975 0.0425233 4
-0.623945 0.131132 0.287844 4
-0.0328115 0.119481 -0.21974 3
-0.206124 0.11026 -0.379715 3
-0.435287 -0.181937 -0.0261031 3
-1.18314 -0.99841 0.810085 3
0.486144 0.0810763 0.0667078 4
0.681015 -0.152292 -0.0104691 4
0.351358 0.00185329 -0.0292681 3
-3.65115 -0.0970216 0.84333 4
-5.67569 0.0872202 1.15014 4
-1.58035 0.143147 0.443194 4
-0.272169 -0.156496 0.0192784 3
-0.062945 0.0277695 -0.00717074 3
0.701756 0.0210808 -0.412013 3
0.102821 -0.0401878 -0.0318038 3
16.814 2.1499 -2.52848 4
5.11276 0.0591932 -1.53291 4
-0.714539 0.0213818 0.13998 4
-1.91639 0.0208838 0.489861 3
-0.391039 -0.0136696 0.0407868 3
-3.51783 -0.256332 0.698545 4
-0.630819 -0.0225934 -0.0113211 4
3.12186 0.522913 -0.256484 2
1.93661 0.760915 -0.296693 5
3.90641 0.390704 -0.324766 4
-2.23957 -0.0471317 0.114717 4
-2.67223 0.0506798 0.452174 4
-4.85067 -0.00942185 1.08295 4
-1.01894 -0.0337074 0.656985 4
-0.0501449 0.027378 0.0307905 3
-1.02919 0.128135 0.113145 3
1.89962 0.0562633 -0.146247 3
2.46366 0.186178 -0.294912 3
-1.26637 0.129624 0.274483 3
-0.100469 -0.0274966 0.0280043 3
0.0467936 -0.163529 0.128068 1
-0.0900974 -0.562948 0.0153102 1
-0.248789 0.113807 -0.165997 1
-0.229596 0.207565 0.0430851 1
-0.291621 -0.0129065 0.336282 1
-0.190233 0.0462726 -0.252091 1
-0.436704 0.394915 0.569593 1
-0.255919 -0.227282 0.169541 1
-0.621193 0.468161 -0.111191 1
0.181301 0.0579341 0.294355 1
-0.00352732 -0.0757309 0.106095 1
0.299709 -0.00109018 -0.0372203 1
-0.344899 -0.69492 0.619209 1
-0.339377 -0.223628 0.548265 1
-0.026604 -0.647207 -0.0936651 1
-0.126863 -0.450548 -0.0552268 1
0.44562 0.764314 -0.51407 1
-0.192964 0.0106032 0.0778139 1
-0.0663593 -0.217947 0.121689 1
-0.108891 0.0744011 0.0818177 1
-0.278237 -0.243655 -0.241787 1
-0.0321721 0.115773 -0.101426 1
