# 1 = ball
# 2 = lepton
# 3 = photon
# 4 = PID > 100
# 5 = neutrino
# 6 = other
0.413459 0.235297 -0.0424403 3
0.000336992 0.00104621 0.00144366 3
-18.7666 -11.6997 -1.73377 5
-7.21724 -4.30099 -0.768893 4
9.93824 6.03921 0.408163 5
20.1645 12.8444 3.33371 4
-0.838834 -0.537957 0.0255702 3
-2.91447 -1.63954 0.240169 3
-0.353565 -0.0174043 0.0526171 1
-0.0409274 0.0242003 -0.063927 1
-0.113628 -0.350309 -0.271664 1
-0.280474 0.0606597 -0.0661172 1
-0.336612 0.0057853 -0.104452 1
-0.0289458 -0.0479916 0.0700386 1
-0.357983 0.145225 -0.0829216 1
0.386348 -0.0116635 0.08857 1
0.46295 0.00677458 -0.411318 1
-0.0127003 0.162725 -0.134403 1
0.55912 -0.110055 0.102649 1
0.604602 0.0821594 0.212974 1
-0.44901 -0.340707 -0.282944 1
-0.0875276 -0.0952203 -0.210876 1
-0.58345 0.163902 -0.376703 1
0.0523453 -0.0776277 0.0329556 1
0.563248 -1.18707 -0.334876 1
-0.455241 0.491755 -0.0150294 1
-0.268305 0.0859855 0.316813 1
0.461154 -0.0252915 0.194901 1
-0.0404065 -0.0234331 -0.0725921 1
-0.130166 0.0676758 -0.0481294 1
-0.0222336 -0.338333 -0.257751 1
-0.160805 -0.12392 0.0823143 1
-0.231981 -0.0806993 -0.430869 1
-0.0566578 -0.283646 -0.442077 1
-0.00865976 -0.0552784 0.029944 1
-0.16118 0.258044 -0.00619614 1
-0.283336 0.456653 0.177053 1
-0.0361497 -0.0748429 0.0161835 1
-0.137423 -0.19874 -0.587349 1
-0.0885204 -0.625874 -0.0469762 1
0.548359 -0.703486 0.789277 1
-0.291381 0.011593 -0.509019 1
0.070363 0.086702 -0.153397 1
-0.0571325 0.443949 0.291446 1
-0.348741 0.396046 0.0301052 1
-0.093209 0.539246 0.417697 1
0.38491 -0.0186734 0.0637924 1
-0.00261925 -0.0139226 0.159288 1
0.594908 0.350246 0.376589 1
-0.0207747 0.112695 -0.142999 1
0.0719996 -0.0895455 0.0834242 1
