# 1 = ball
# 2 = lepton
# 3 = photon
# 4 = PID > 100
# 5 = neutrino
# 6 = other
-0.000476855 0.000729108 0.00104704 3
5.14986 -1.53012 -1.52678 4
11.6618 -3.7551 -4.17177 4
3.08933 -0.811395 -1.25656 4
4.95901 -2.28987 -1.76687 4
0.13365 0.170978 0.415679 4
-0.186905 0.495701 -0.110254 4
-0.635071 -0.144563 0.258572 4
-2.60901 0.323551 1.17866 4
-3.7485 2.2025 1.69066 4
-17.4513 7.82377 6.53477 4
2.83716 -0.634736 -1.38279 4
0.650159 -0.925071 -0.0558578 4
-0.338273 -0.439419 -0.172113 4
-1.33201 0.500385 0.079893 4
0.502714 -0.185873 -0.248733 3
0.207252 -0.0166869 -0.169919 3
0.309031 -0.181564 -0.128534 4
0.406896 -0.4309 -0.436683 4
-3.01728 0.791819 0.957565 3
0.00840851 -0.202316 -0.27926 3
0.111503 -0.186258 -0.481559 3
-1.12388 0.122529 0.858765 3
-0.697158 0.0256882 0.417033 3
0.128674 -0.0325853 -0.00772113 3
0.757089 -0.344318 -0.360618 3
0.417972 -0.118716 -0.274185 3
0.350317 -0.171439 -0.127288 3
1.33443 -0.526361 -0.39955 3
0.954488 -0.265192 -0.32063 3
0.705665 -0.458073 -0.397247 3
0.0325954 -0.00027207 -0.0403646 3
-2.53052 1.09129 1.39713 3
-0.157077 0.0759783 0.127344 3
-0.00525868 -0.195045 0.0218273 1
-0.104154 0.0517712 0.0962792 1
-0.100259 0.00681253 -0.0209005 1
-9.69194e-05 0.09542 0.025224 1
-0.0099943 -0.114113 -0.0931571 1
-0.275341 0.0576417 -0.132497 1
-0.111294 -0.010366 0.194084 1
0.019995 0.00886252 0.0827982 1
-0.295894 0.644213 -0.0690127 1
-0.00519376 0.110292 0.0768073 1
-0.216619 -0.125254 0.0863319 1
-0.372256 0.0267805 0.239718 1
0.0287222 -0.0317348 0.0427129 1
-0.0014163 -0.159147 -0.256792 1
-0.0378385 9.67763e-05 -0.0817727 1
-0.0269513 -0.198143 0.0258365 1
-0.129006 -0.0702569 -0.13023 1
0.0121731 -0.20152 -0.0405513 1
-0.0932437 -0.0370153 0.0670836 1
0.0167182 0.0225986 -0.03643 1
-0.00726286 0.00354373 -0.0564497 1
0.375429 -0.0922243 0.173066 1
-0.0875799 0.0299413 0.0405233 1
0.157313 -0.0260607 0.010497 1
-0.00115273 -0.0326499 0.101526 1
-0.102839 -0.163054 -0.0897571 1
0.47509 -0.0418775 -0.200724 1
0.0411485 0.0072068 0.390248 1
0.0725421 0.101341 -0.095865 1
-0.318546 0.21924 -0.153313 1
-0.00965514 0.0982965 -0.147003 1
0.0604121 -0.105559 0.0274511 1
-0.0651626 0.0134226 0.0768479 1
0.13271 0.0273859 -0.0066397 1
0.166681 0.122267 -0.0521502 1
0.0533612 0.158511 -0.174941 1
0.00737991 0.0429551 0.177728 1
-0.124663 -0.21862 0.0801234 1
0.00151342 -4.45401e-05 -0.000340652 1
