# 1 = ball
# 2 = lepton
# 3 = photon
# 4 = PID > 100
# 5 = neutrino
# 6 = other
-0.137757 -0.123329 -0.187106 4
0.181149 -1.5801 0.426377 4
-0.0946729 -0.0740039 0.066733 4
-1.41608 3.61955 1.58473 4
3.98012 -13.3857 -5.83212 4
-0.767992 0.272898 -0.58155 4
-0.036741 0.423092 -0.550717 4
-0.230904 0.219916 -0.17764 4
-1.15669 4.22907 2.12276 4
-2.38741 8.99383 5.12042 4
1.10446 -2.65469 -1.27905 3
1.40537 -3.73829 -1.69112 3
0.0294855 -0.257839 -0.0417293 3
0.527119 -1.83624 -0.496036 3
0.353314 -0.734547 -0.505889 4
0.0981948 -0.812501 -0.119499 4
0.19239 -1.13319 -0.559901 3
-0.0176852 -0.116248 0.117555 3
-0.202587 -0.257377 -0.174673 3
0.273517 0.0172498 -0.178118 3
-0.819011 4.48662 1.89044 4
-0.016619 0.458726 0.150475 3
-2.418 9.2407 3.934 4
-0.0365765 0.0318783 0.0279583 3
-0.0419906 -0.200003 -0.321464 3
0.0515372 -0.136462 -0.109935 3
0.00222747 0.174862 0.0334835 3
-0.112757 0.143614 -0.0303234 3
-0.685655 2.8942 1.36941 3
-0.374349 2.07114 0.959636 3
0.619245 -1.68907 -0.889268 3
0.363442 -0.771028 -0.481977 3
0.189742 -0.743545 -0.457113 3
0.80656 -2.58208 -1.37258 3
0.122077 -0.373645 -0.140734 3
0.381146 -0.895141 -0.563334 3
0.346463 -0.947419 -0.450017 3
0.110143 -0.591486 -0.236651 3
-0.0577941 0.0239751 0.0246047 1
-0.127985 -0.185286 -0.303681 1
0.100894 0.103663 0.0380078 1
-0.190362 -0.12107 0.0808025 1
0.0188367 -0.130805 -0.205493 1
0.0859167 -0.147942 -0.301538 1
0.0455075 -0.108224 0.0510389 1
0.17654 -0.107688 -0.0577057 1
0.0139985 -0.0217831 0.0112597 1
-0.0812996 -0.290885 -0.14174 1
0.0674334 0.011067 -0.154991 1
-0.121425 -0.0806455 -0.0514225 1
0.010611 -0.180036 0.102408 1
-0.315258 -0.139079 0.12256 1
0.362204 -0.288442 -0.160016 1
0.079806 0.0140265 0.106655 1
-0.0531864 -0.0929571 0.0313057 1
0.0167733 0.0341382 0.0812695 1
-0.102062 -0.0287188 0.126593 1
-0.113371 0.0932793 0.224641 1
