# 1 = ball
# 2 = lepton
# 3 = photon
# 4 = PID > 100
# 5 = neutrino
# 6 = other
-0.164414 -0.216415 -2.57143 3
1.06572 -0.666784 -0.166845 4
-3.05492 0.709894 -0.35757 4
-5.62545 1.59879 -2.41696 4
-0.274941 0.114363 0.321568 4
0.226406 0.323367 -0.254685 4
-2.40089 0.526094 -1.13562 4
-3.33963 0.731691 -0.597089 4
0.313409 -0.114682 0.0951093 3
1.88749 0.994119 0.382181 3
1.22012 0.588798 0.341366 3
-0.318379 0.0595908 -0.0503442 3
-2.71894 0.433834 -0.824324 3
-9.07465 5.65988 -1.10913 4
-0.0152259 0.00370477 0.0151935 3
0.0429937 -0.366169 0.0725983 3
4.07096 -1.91956 0.66228 5
10.3563 -5.68865 3.92335 2
-1.15765 0.379338 -0.467734 3
-0.332709 -0.0740862 -0.149828 3
-0.489549 -0.0258909 -0.0698818 3
3.26552 -1.14759 1.65446 4
-2.73162 0.470645 -0.972038 4
-2.87121 1.01242 -0.777314 4
8.67879 -3.77309 5.01291 4
2.46701 -1.14774 1.35686 3
0.189518 -0.130814 0.108134 3
0.348345 -0.00158624 0.160247 3
0.859365 -0.102617 0.616163 3
-0.899121 0.619587 -0.778062 3
-0.69987 0.34732 -0.526352 3
0.0149932 0.136711 0.125584 1
0.291296 0.359611 -0.211594 1
0.00629349 -0.192658 -0.560564 1
0.0571029 -0.0590033 -0.0747835 1
-0.0289964 -0.203161 -0.0148546 1
-0.051232 -0.240595 -0.16292 1
0.54148 0.41001 0.113426 1
0.314769 -0.330496 -0.793786 1
-0.125596 1.1969 -0.179385 1
0.157085 -0.275073 0.261671 1
