# 1 = ball
# 2 = lepton
# 3 = photon
# 4 = PID > 100
# 5 = neutrino
# 6 = other
-0.0135288 -0.0158887 -0.00795671 3
-4.36167 -6.74055 -3.90692 5
-10.394 -13.3275 -7.54441 4
-4.61061 -5.85713 -3.57705 4
-2.2549 -3.24623 -1.54158 4
9.78916 13.3057 6.78439 5
1.62086 2.38865 1.38433 4
1.22629 1.47927 0.663167 4
2.61146 3.03377 1.62361 4
2.2823 3.15832 1.61625 3
5.03387 7.25383 3.78536 3
-0.305007 -0.267023 0.220075 1
0.52789 0.562286 -0.59756 1
-0.208636 0.0782437 -0.0941571 1
-0.203868 0.254708 0.234726 1
0.0533888 -0.0592828 -0.0920787 1
-0.0230353 0.0288755 -0.0492444 1
-0.0385339 0.0678557 -0.181659 1
0.760977 -0.245776 0.568323 1
0.220853 -0.638531 -0.347758 1
-0.41113 -0.0667565 0.173621 1
-0.0147489 -0.0859962 -0.0923397 1
0.281795 -0.731711 0.453974 1
-0.948499 0.516517 -0.34117 1
-0.46145 -0.96092 0.278988 1
0.409671 0.0591309 0.178948 1
-0.190389 -0.0415896 0.628429 1
-0.0558556 0.106198 -0.268425 1
-0.322613 -0.00852405 0.0481082 1
