# 1 = ball
# 2 = lepton
# 3 = photon
# 4 = PID > 100
# 5 = neutrino
# 6 = other
0.000662091 0.000636548 -0.00160032 3
6.47053 20.3973 15.5404 5
2.55689 9.41757 8.14709 4
-0.776566 -2.48117 -1.40149 5
-1.44217 -6.66615 -4.97542 2
-6.75166 -22.9543 -17.4536 5
0.266805 0.656716 0.397386 3
0.00963317 0.179181 0.140338 3
0.087936 -0.0580481 0.028447 1
-0.0471346 -0.00376263 -0.0454665 1
0.0574775 0.138608 -0.0845574 1
-0.123051 -0.127701 -0.0484911 1
0.118774 0.142572 0.175203 1
0.0150788 0.0192898 -0.0549851 1
-0.100698 0.100731 0.0577143 1
-0.0171279 -0.0144184 -0.00748874 1
0.0913122 0.0833572 -0.0616828 1
0.0376238 0.0507878 -0.0399542 1
-0.0384578 0.143542 0.000775378 1
-0.0260879 -0.00984985 -0.00111785 1
-0.0337155 -0.0130753 0.0285548 1
-0.0357641 0.249652 0.0841016 1
-0.0244635 5.84146e-06 -0.0416657 1
0.12973 0.00662885 -0.038804 1
-0.000345187 0.0482883 -0.036553 1
-0.067562 -0.0701396 0.106432 1
0.10869 -0.0799609 0.00175124 1
0.0479222 -0.0324696 -0.0595349 1
0.051635 0.0784757 -0.175188 1
0.0796148 0.0674348 0.107911 1
0.0203049 -0.199414 -0.30959 1
-0.0255852 0.229575 -0.138365 1
-0.0359639 0.175879 -0.0656981 1
0.126366 -0.0630517 0.0886136 1
0.0199974 -0.0205828 -0.0100875 1
-0.0641848 0.104549 -0.0786064 1
-0.269539 0.473903 0.433105 1
0.0154761 -0.00255466 0.0946575 1
-0.0832013 0.122956 0.160956 1
0.0440927 -0.0825977 0.130283 1
-0.046151 0.512349 0.0793802 1
0.110697 0.0507339 -0.0894081 1
0.0476214 0.0125185 -0.098288 1
-0.0555421 -0.0396428 0.0721424 1
-0.000296499 0.00254626 -0.00641378 1
-0.0335719 -0.137523 -0.228865 1
-0.0574252 0.127292 0.0404935 1
-0.157646 -0.220543 -0.230663 1
-0.0128143 -0.19562 -0.0713938 1
-0.135645 -0.138927 -0.0668922 1
-0.00911785 0.017635 -0.0113944 1
-0.0439614 0.00326532 0.0169012 1
0.000574314 -0.00249267 0.0006756 1
