# 1 = ball
# 2 = lepton
# 3 = photon
# 4 = PID > 100
# 5 = neutrino
# 6 = other
-0.0199908 0.909124 0.542708 4
-0.466555 3.95209 -2.02048 4
0.398316 -3.24749 2.23538 4
1.38455 -2.10903 1.05027 4
0.234998 -0.488892 0.327621 4
-0.0392897 -1.11687 0.528799 4
0.0600016 0.0686252 -0.453541 4
-0.0350168 -0.273238 -0.117337 4
-0.0376481 0.0734714 -0.43498 4
-2.32131 3.30572 -3.5677 4
-0.0243524 2.01445 -0.888323 4
-1.0536 5.60934 -2.05483 4
-0.128816 1.46649 -0.249699 4
-1.43968 5.75223 -2.31276 4
-1.61894 7.98861 -2.83717 4
4.82803 -17.3862 8.10847 4
2.54401 -8.20415 3.97139 4
0.190974 -0.167803 0.0131304 4
0.477255 -0.414287 0.136973 4
-0.324815 0.305005 0.187809 4
-0.57187 1.87977 -1.30028 4
-0.102746 0.439932 0.00745819 4
-0.459011 0.914611 -0.446393 3
-0.0480541 0.242069 -0.110674 3
-0.241051 0.435371 -0.299506 3
-0.668646 0.807491 -0.656778 3
0.121211 -2.13773 0.790301 3
0.0300697 -0.367006 0.0784292 3
0.0194498 -0.00292058 -0.00682536 3
-0.218478 -0.041813 0.0404135 3
-0.106686 0.201149 -0.327211 3
0.034238 0.157321 -0.278131 3
0.00642376 -0.0186483 0.0108506 1
0.0457908 -0.135218 0.0147469 1
-0.147942 0.215465 0.0742451 1
-0.119769 -0.035362 -0.0837238 1
0.0815693 0.0085707 0.0959047 1
-0.0181352 0.000231916 0.0464789 1
-0.0210519 -0.0443777 -0.0169949 1
-0.00447884 -0.0303428 -0.0269608 1
-0.0366178 0.0407832 -0.00765333 1
-0.107865 -0.133191 -0.145263 1
-0.295368 -0.177768 0.0259141 1
0.0208697 0.122877 0.141603 1
0.0117737 -0.111359 -0.0102528 1
0.0413857 -0.143874 0.00675727 1
-0.0908122 0.0926882 0.0301309 1
0.0229958 -0.139748 0.00896743 1
-0.115935 0.0543872 0.0927906 1
0.119373 0.129004 -0.0102941 1
0.0587221 -0.0173532 -0.150078 1
0.0655376 0.130063 0.0828097 1
-0.0674755 -0.0173807 0.00270039 1
0.00908053 -0.0755392 0.0257665 1
-0.0131135 -0.203308 -0.0117586 1
0.157842 -0.0769314 0.147295 1
0.000642082 0.000915487 -0.000556053 1
