# 1 = ball
# 2 = lepton
# 3 = photon
# 4 = PID > 100
# 5 = neutrino
# 6 = other
-1.90336 -2.46229 -0.71343 4
-2.43141 -4.80688 0.640029 4
-0.314882 -0.0651769 0.188221 4
-0.826144 -1.47461 -0.0776615 4
-1.9609 -2.37799 0.244296 4
-0.458637 -0.64112 -0.797212 4
-0.29662 0.12025 -0.321659 4
-0.0151845 0.763968 -0.147913 4
0.123785 -0.159455 -0.222272 3
0.295566 -0.804122 -0.812992 3
2.60395 3.34299 0.0781466 3
0.00509897 0.0170522 -0.00550826 3
4.52903 4.99004 0.822062 4
6.81244 7.69938 0.900229 4
4.6592 5.64939 0.688875 4
3.68403 4.36239 0.366366 4
-10.1154 -11.8891 -0.373076 3
-1.31059 -1.50547 -0.00507397 3
-4.99573 -6.43999 -0.0285796 3
-0.69954 -0.830131 0.0184969 3
0.045484 0.0213265 -0.0222929 3
0.851814 0.964549 -0.116048 3
0.857739 1.06139 0.0936846 3
1.03822 1.39772 0.255213 3
0.632046 1.00899 0.166821 3
0.764306 0.968328 0.204138 3
0.101436 -0.176967 0.0685271 1
-1.04463 1.09403 -0.826337 1
-0.0755368 0.696788 0.133069 1
0.13584 -0.223217 0.266452 1
-0.591391 -0.373932 -0.000480513 1
-0.0361349 0.15607 -0.156882 1
-0.338897 -0.563926 -0.163866 1
0.272412 0.481533 -0.344999 1
0.00254909 -0.00176262 0.00165616 1
