# 1 = ball
# 2 = lepton
# 3 = photon
# 4 = PID > 100
# 5 = neutrino
# 6 = other
0.00020297 0.00080869 -0.00703684 3
-1.06707 2.6965 1.32583 4
-0.301603 0.229101 0.0192667 4
-0.428122 0.62435 0.127493 4
0.0050088 1.04843 0.63893 4
0.190855 -0.256651 -0.824829 4
0.803804 -2.33828 -0.684868 4
0.30236 -0.56304 -0.513826 4
-0.425675 1.32141 0.479054 4
0.0393864 -0.172127 0.278549 4
-0.217358 1.70498 0.951447 5
0.433137 0.6076 0.849588 3
0.22044 0.168934 0.316247 3
0.162417 -0.037666 0.00113598 4
0.0735118 0.246434 0.0774686 4
0.251799 0.0632885 -0.428929 4
0.406856 -0.113335 -0.413152 4
0.581686 0.220091 0.322967 3
0.0522125 -0.209487 0.11958 3
0.171045 -0.705329 -0.36861 3
-0.0220989 -0.0762893 -0.061798 3
0.189052 -0.405283 -0.225113 3
0.0829884 0.105246 -0.0067991 3
0.220554 0.223048 -0.233457 3
-1.41471 2.36054 0.904547 5
-0.722547 1.13383 0.26384 4
-0.161887 -0.144952 0.139893 3
-0.0128314 -0.0118242 -0.0292695 3
0.188251 -0.120421 -0.0873914 3
0.0253882 0.0200414 -0.062908 3
0.0333685 0.0502222 -0.0448849 3
-0.0638508 0.242195 0.00686409 3
-1.31736 1.99733 1.46723 4
-3.84144 6.38994 3.06829 4
-0.536657 1.02375 0.468511 3
-0.301365 0.389514 0.181138 3
1.17508 -3.22097 -1.93893 4
0.685298 -1.33804 -0.962121 3
0.613214 -0.774087 -0.199844 3
1.70668 -3.19941 -1.67162 4
0.809976 -1.17606 -0.184826 4
1.30904 -4.29904 -2.33469 4
2.36417 -3.09879 -1.8696 4
0.019977 -0.0881304 -0.0327318 3
1.4833 -2.92558 -1.07333 3
0.357925 -1.0069 -0.429745 3
1.39266 -4.75286 -1.90744 3
-2.86309 5.25748 2.24216 4
-0.924967 1.28733 0.885116 3
-0.440706 0.646025 0.333187 3
-0.428455 0.588129 0.212642 3
-0.94459 0.988673 0.363417 3
0.321254 -0.283716 -0.0983411 1
-0.222342 -0.00590879 -0.227109 1
-0.00496814 0.0610042 -0.213534 1
0.430037 0.255607 0.361984 1
0.268349 -0.0522415 -0.618081 1
-0.0597234 -0.16576 -0.0473797 1
-0.210127 0.0107431 -0.0114184 1
0.374584 0.0222826 -0.124761 1
-0.664486 -1.18228 0.172628 1
-0.38369 0.0642417 -0.344648 1
0.790784 -0.299917 1.61345 1
0.521599 1.13497 -0.553402 1
-0.274962 -0.0171895 -0.0032787 1
-0.204558 -0.173093 0.0173515 1
-0.0176461 0.0695475 0.281198 1
-0.579348 -0.0389511 0.348704 1
