# 1 = ball
# 2 = lepton
# 3 = photon
# 4 = PID > 100
# 5 = neutrino
# 6 = other
0.0654201 -0.0580757 0.416658 3
0.00157679 0.00216193 0.00263133 3
-3.74635e-06 4.17648e-07 -0.000270527 3
-1.90319 -1.10701 2.72062 4
-1.38573 -2.1819 2.99431 4
-2.02561 0.195581 1.95101 4
-0.874711 1.28746 0.409442 4
0.276297 0.0701275 -0.944308 4
0.233155 0.488605 -0.439909 4
0.0457964 0.106438 -0.0193999 3
0.173626 0.0482079 0.0337364 3
0.0846316 0.120167 -0.297789 3
0.158824 0.0390811 -0.572769 3
0.0309618 0.0619379 -0.107996 3
-4.26301 -3.36173 6.71364 4
-6.91808 -5.71678 9.67469 4
-1.14264 -0.296195 2.31104 3
-0.448018 -0.0718443 0.741051 3
-0.0840906 0.0949106 0.0204263 3
0.029707 0.160306 -0.0281875 3
-0.0372039 -0.0021982 -0.0110465 3
0.0899323 0.0857856 0.0425041 3
0.00267585 -0.0246017 -0.0202955 3
-0.156104 0.0456841 0.0841286 3
1.106 0.345371 -2.07903 5
14.0314 10.5304 -21.5239 2
-1.8063 -2.41827 4.10903 4
-0.253995 -0.286813 0.564959 3
1.14072 0.924845 -1.83878 4
0.293813 0.0506292 -1.32285 3
0.304983 0.160107 -1.14115 3
0.00547489 -0.00959977 -0.0567047 3
0.425547 0.231897 -0.731504 3
0.10574 -0.0118829 -0.116007 3
0.703824 0.265577 -0.72217 3
0.130522 0.1191 -0.218914 3
0.662343 0.2458 -0.884138 3
-0.187114 -0.420869 0.424872 1
0.0518981 -0.114871 0.00766078 1
-0.0919295 -0.178508 -0.0864619 1
0.206496 0.082161 0.265253 1
0.119448 0.126601 -0.00632178 1
0.110164 0.140458 -0.172774 1
-0.0550264 0.0143735 0.00483587 1
0.301636 0.190785 -0.26303 1
-0.151476 0.0365783 -0.0161739 1
0.0258747 0.027484 0.0283841 1
0.100218 -0.0562967 0.174127 1
0.0657452 -0.0450633 0.0302882 1
0.131318 0.0137195 0.0698248 1
-0.023286 -0.140181 -0.0364455 1
0.207026 0.0458515 0.0388715 1
0.0094423 -0.0317912 -0.0954132 1
0.090342 0.048353 0.0214111 1
0.205157 -0.0250693 0.0986536 1
-0.0254234 0.013138 -0.0544256 1
0.107144 0.139631 -0.145423 1
-0.00193604 0.000215832 -0.000465095 1
