# 1 = ball
# 2 = lepton
# 3 = photon
# 4 = PID > 100
# 5 = neutrino
# 6 = other
0.0575832 -0.0324923 -0.176512 3
-0.331114 -0.461072 1.36193 4
-0.811596 -3.80072 4.80209 4
-0.278819 0.203046 0.125438 4
-0.284239 -0.753391 0.984906 4
-0.283376 -0.126833 -0.0165758 4
-0.296732 0.120732 -0.113623 4
-1.29462 1.30499 -4.78058 4
0.363456 -0.325095 -1.33585 4
2.58005 1.24647 5.40876 4
0.34769 0.0556101 0.601671 4
0.0825573 -0.407811 0.107489 4
0.0140034 -0.678082 1.21187 4
-1.2231 -1.21586 1.46182 4
-0.259388 -0.389837 0.055404 4
-0.557984 -0.22331 -0.242765 4
-0.540751 0.652871 -1.61124 4
-0.612588 -1.44385 1.83996 4
3.54373 1.6166 7.48247 4
2.45666 1.6884 9.47155 4
-0.0782884 -0.585341 0.582412 3
-0.258586 -0.755507 0.793251 3
0.11824 -0.354571 -0.0740022 4
-0.0676373 0.0839073 -0.0214974 4
0.10053 0.265119 -1.07572 3
0.0499737 0.234836 -0.542521 3
-0.0386695 0.00402003 -0.195248 3
-0.263587 0.358954 -1.17455 3
-0.363242 0.476055 -2.69424 3
0.00427022 -0.0030739 -0.00322277 3
0.281489 -0.067265 1.09515 3
0.177403 0.119762 -0.228147 3
0.0418928 0.1527 -0.22824 3
-0.201089 -0.0643264 -0.113789 3
-0.0896691 -0.011427 0.0381671 3
-0.915961 2.46485 -10.4527 4
-1.08208 1.11991 -5.59348 4
-1.46038 1.42861 -6.62884 4
0.484667 -0.351589 0.0983298 1
-0.070135 0.32846 -0.110096 1
-0.457754 0.118812 0.0908721 1
-0.0720606 0.16241 0.165994 1
-0.161265 -0.288458 -0.535473 1
1.57584 -0.855313 -0.338102 1
0.0768928 -1.01498 0.507245 1
-0.00222464 0.00307246 0.000195973 1
