# 1 = ball
# 2 = lepton
# 3 = photon
# 4 = PID > 100
# 5 = neutrino
# 6 = other
-0.393015 -0.526151 -0.168109 4
0.384854 -0.0991684 1.13447 4
-0.550914 0.658575 1.10141 4
0.111498 0.609622 0.527309 4
0.198238 -0.14522 -0.423773 4
-0.158675 -2.04646 -3.83584 4
-0.290043 -0.771699 -0.240656 4
-0.0786877 -4.61593 -2.76806 4
-0.977953 -7.32898 -8.13159 4
0.177548 -1.86282 -0.980027 4
-0.255711 -1.0199 -1.64087 4
-0.206338 -0.310345 -0.036136 4
0.3999 0.360993 0.963153 4
0.668488 7.92125 6.22117 4
-0.236831 6.08387 4.35748 4
-0.502535 -4.9946 -3.36374 4
-0.0501568 -0.140971 -0.25988 3
0.0638673 -0.0413696 -0.098021 3
0.0402891 0.0133076 0.337984 3
0.167254 0.41901 2.20177 3
-0.0623571 0.173592 0.384291 4
-0.128472 0.323832 0.769897 4
0.04668 0.190727 0.126555 3
0.214872 3.10356 1.90867 3
0.0541354 -0.81297 -1.28826 3
-0.03278 -1.44581 -2.06038 3
0.163873 -0.0454636 -0.278374 3
-0.0242098 -0.0286173 -0.0726183 3
0.00533036 -1.39867 -0.770623 3
-0.108749 -1.64847 -0.807722 3
0.109736 -0.0249007 -0.242299 3
0.203303 -0.152088 -0.239631 3
0.430977 0.0514518 1.36488 3
0.231078 0.0635542 0.496218 3
0.251439 3.91135 3.50303 3
0.327239 4.37822 3.7443 3
-0.50487 -0.219745 -1.18392 1
0.118469 0.403122 -0.70345 1
-0.251364 -0.127057 0.686351 1
-0.136572 0.11164 -0.218944 1
0.632767 0.955708 -0.310862 1
-0.0381014 -0.109419 0.374277 1
-0.131044 0.0439407 -0.179753 1
0.117545 0.13949 0.100299 1
