# 1 = ball
# 2 = lepton
# 3 = photon
# 4 = PID > 100
# 5 = neutrino
# 6 = other
0.454611 0.114488 -1.05484 3
-0.914108 -0.0329963 -0.341999 4
0.765991 1.05066 0.841511 4
0.71676 0.14718 0.188251 4
-0.0335176 -0.0392762 0.246129 4
0.6552 0.208955 0.0772423 4
1.99803 0.83619 2.47421 4
1.03836 0.48737 1.31163 3
0.0619326 0.00457427 0.0416907 3
-1.61234 -0.868255 -1.40013 4
-2.04674 -1.32418 -2.33669 4
-0.375255 -0.0254175 -0.624885 4
7.17224 4.0893 6.01802 4
-1.63656 -0.81404 -1.35095 4
-2.47746 -1.37938 -2.45844 4
-0.290298 -0.248005 -0.117171 4
-3.58863 -1.95503 -2.98092 4
-5.96834 -3.62709 -5.17786 4
-5.9042 -2.59314 -5.46666 4
2.71867 0.993303 1.81313 4
0.157489 0.158007 0.241534 3
0.45713 0.184237 0.484756 3
0.827898 0.488171 0.855771 3
3.96523 2.04727 3.77799 3
-2.95245 -1.70456 -2.48411 4
0.795036 0.256519 0.223505 3
1.71945 0.579074 1.38928 3
3.85218 1.45023 3.5369 4
0.330825 0.205612 0.31406 3
0.317703 0.144196 0.136219 1
0.367663 -0.236417 -0.0910929 1
0.234609 0.217065 0.0689816 1
-0.0984363 0.506328 -0.530485 1
0.0340857 -0.739151 0.464527 1
-0.665946 -0.0463143 -0.273237 1
-0.221148 0.0985651 -0.0314256 1
0.0581735 -2.97305e-05 0.0697514 1
0.202359 0.152458 0.157785 1
0.39323 0.440618 0.638744 1
-0.0280407 0.35593 -0.108233 1
0.421463 -0.0566486 1.17522 1
-1.20408 -0.000238444 0.417289 1
0.312329 0.50004 0.118554 1
-0.161296 -0.00394537 -0.0389477 1
-0.068342 -0.254861 -0.635692 1
0.218523 0.232632 0.421102 1
