# 1 = ball
# 2 = lepton
# 3 = photon
# 4 = PID > 100
# 5 = neutrino
# 6 = other
0.315779 -1.95361 -2.18358 4
-0.0582861 -4.58173 -6.16762 4
-2.4126 0.238021 -0.359016 4
-1.15508 2.39591 -0.607751 4
-0.809512 1.53719 1.73945 4
0.439585 3.08505 4.03886 4
0.673836 1.82829 2.38152 4
0.422789 -13.0552 -16.5095 4
0.189936 -1.57733 -1.38774 4
-0.13773 -0.773579 0.0500712 4
-0.55668 0.497576 -1.05234 4
-1.46596 1.0665 -0.94764 4
0.155008 0.054303 -0.335164 4
1.8886 10.274 16.9077 4
0.0832447 0.349022 1.0142 3
-0.022561 0.676929 1.79182 3
-0.0275589 -0.0504388 -0.0722091 3
-0.0702789 0.0166095 -0.483711 3
-0.198943 -0.0108707 0.146029 3
-0.104485 0.0987396 0.12607 3
0.030485 1.39171 1.92501 3
0.00163742 0.0035174 0.0298695 3
-0.206092 0.46499 0.0821873 1
0.879296 0.604813 0.412746 1
0.245065 -0.240815 0.179837 1
0.130332 -0.105189 0.550525 1
-0.0750946 0.114373 0.144664 1
0.6525 -0.482944 -0.815557 1
-0.0911382 0.0261181 -0.293963 1
0.232394 -0.107885 -0.0931481 1
-0.441349 -0.56497 0.489941 1
0.76224 -0.864069 -0.29145 1
0.0333995 -0.0900855 0.196728 1
0.205767 0.296454 0.573765 1
-0.43468 -0.258723 -0.186386 1
0.211391 0.0206633 0.179423 1
0.202642 -0.202333 -0.325513 1
-0.000561559 0.0234375 0.00193553 1
0.334033 -0.134474 -0.260471 1
0.290071 0.0951527 -0.386153 1
-0.106599 -0.107744 -0.203599 1
-0.00484502 0.00259654 7.63424e-05 1
