# 1 = ball
# 2 = lepton
# 3 = photon
# 4 = PID > 100
# 5 = neutrino
# 6 = other
-0.680025 1.2692 29.6673 2
-1.0526 1.91297 -32.9844 2
-0.353042 0.0811115 1.72171 4
0.272744 -0.180398 4.50096 4
0.137743 -0.362589 0.891952 4
0.773509 -0.387798 1.07784 4
0.129553 -0.14709 -0.499884 1
-0.456778 -0.0637203 0.16359 1
0.0679178 0.122524 0.0723834 1
0.510876 0.0726441 -0.166722 1
-0.169913 0.17058 -0.0553889 1
-0.831204 -0.29902 -0.905278 1
0.0445712 -0.112369 0.0401228 1
0.0926458 -0.202244 -0.115813 1
0.00726307 -0.0363971 -0.00542282 1
-0.0050684 0.116799 -0.114422 1
0.0240114 -0.0289021 -0.0246631 1
0.0880015 -0.0514273 -0.344342 1
1.17483 -0.768222 -0.49249 1
0.412934 -0.155394 0.359905 1
-1.60744 0.473133 -3.03788 1
0.0612628 -0.0997308 -0.0127882 1
0.285833 0.901827 0.575926 1
0.166384 -0.504467 0.0778558 1
0.130568 0.0210271 -0.0124705 1
-0.00132838 -0.517861 -0.236181 1
0.21631 -0.312078 0.232532 1
0.304044 -0.315816 0.163511 1
0.184125 -0.806774 0.112767 1
-0.816498 -0.581284 0.000565618 1
0.0179081 -0.00899739 0.139337 1
-0.0256959 -0.0611337 -0.0509514 1
-0.180556 0.136875 -0.576887 1
0.153529 0.000795277 -0.374912 1
-0.326312 -0.014848 0.796027 1
0.382733 0.289985 -0.172265 1
0.766474 0.307684 -0.973376 1
-0.0844581 0.0545976 0.0382992 1
-0.0336285 0.117023 0.290965 1
0.218781 -0.0302156 0.23291 1
