# 1 = ball
# 2 = lepton
# 3 = photon
# 4 = PID > 100
# 5 = neutrino
# 6 = other
-0.234652 0.249305 -1.05558 4
0.178779 0.334501 -0.00151515 4
0.842479 -0.559872 -0.0408763 4
0.414444 -1.78537 3.33174 4
0.0398576 0.3018 -0.207447 4
-0.0187482 -0.397301 -0.0987764 4
0.222835 -0.644359 0.923962 4
-0.0696842 0.205529 -0.678633 4
-0.355571 3.06036 -8.29485 4
-0.280762 0.220192 -1.43298 4
-0.138854 0.688774 -1.74789 4
-0.219123 0.106191 -0.416863 4
0.0866085 -0.282632 0.5127 3
-0.0252353 -0.416708 0.610353 3
-0.00228874 -0.138408 0.424183 3
-0.0301691 -0.7574 2.59081 3
-0.00465561 -0.0399734 0.29632 3
-0.267022 1.32304 -3.6537 4
-0.499823 2.45063 -5.78631 4
-0.0623514 0.479349 -0.700671 3
-0.123603 0.219672 -0.395987 3
-0.00787667 0.00379003 -0.00637204 3
0.0496181 0.420229 -2.22267 3
0.155798 1.64641 -6.27653 4
0.122584 -0.394192 0.493707 3
-0.0246744 -0.272786 0.287142 3
0.0297435 -0.0663495 0.196762 3
0.164971 -0.253086 0.289501 3
0.00562978 0.0343187 -0.0221147 3
0.0117017 -1.09242 1.55384 3
0.0813482 -0.75758 1.88731 4
-0.0490141 -0.819017 2.71718 4
0.0149035 1.39742 -2.12417 3
0.00456031 0.351412 -0.667809 3
0.175447 -0.17004 0.829847 3
0.175334 0.0554016 1.43376 4
0.0416427 -1.60348 4.19671 3
-0.0206718 -0.0392976 0.112142 3
-0.0438147 -0.309235 0.650584 3
-0.15593 -0.749474 2.13116 3
-0.0255679 0.0190947 0.0360244 3
0.0633213 -0.0895359 0.288597 2
0.0110251 -0.0149447 0.0483494 2
-0.0291538 -0.0669748 0.0803509 3
0.046733 -0.153286 0.549938 3
0.00810685 -0.208267 1.10476 3
0.113281 -0.293598 1.09482 3
-0.133435 -0.721796 1.21387 4
0.0661277 -0.136751 0.548129 3
-0.0169725 -0.447823 1.3342 3
0.0869518 -0.230277 0.997087 3
0.101513 -0.0484503 0.327315 3
0.389123 -0.526537 2.2919 3
0.0278287 -0.0745531 0.160263 3
-0.00198494 -0.176024 0.459747 3
0.204762 -0.411023 1.10827 3
-0.198434 -0.0347592 0.0954347 1
0.0623937 0.089197 0.0102544 1
0.111061 0.653036 0.315019 1
-0.582012 -0.557037 -0.0127202 1
0.0674057 0.242339 0.00858964 1
0.199315 0.682709 -0.298751 1
-0.047485 -0.833222 -0.95218 1
-0.484144 0.219512 -0.0849789 1
0.158184 0.329983 0.599641 1
0.124437 0.195283 -0.13114 1
0.102449 -0.0327617 0.0394659 1
-0.280478 0.166436 -0.324601 1
0.0527873 0.0239839 -0.0256247 1
-0.133898 -0.171698 0.0453652 1
-0.276643 0.15234 -0.174188 1
-0.102886 -0.229187 -0.320846 1
-0.137919 -0.249362 0.207635 1
0.274248 -0.0692631 -0.441226 1
-0.10303 0.765244 0.334849 1
-0.105718 0.312988 -0.200162 1
0.204943 -0.0743608 0.0285893 1
