# 1 = ball
# 2 = lepton
# 3 = photon
# 4 = PID > 100
# 5 = neutrino
# 6 = other
0.0432056 -0.0318644 -0.443049 3
0.00396318 -0.00223292 0.105903 3
-1.97603 0.595577 1.00967 4
-0.28391 0.696832 0.405721 4
-1.4721 -0.904299 1.39217 4
0.0100719 -1.02138 0.975632 4
1.59459 -0.2816 -1.28468 4
-0.925628 0.29296 1.47896 4
-2.19565 0.100281 2.23986 4
-1.31819 0.415565 1.08951 4
-0.710494 -0.36313 0.0494168 4
0.183618 0.0383137 0.269999 4
-0.314536 0.0643887 0.0175666 4
0.287596 0.240346 0.344401 4
-0.259461 -0.946941 1.20225 4
-0.525926 -0.289964 0.336467 4
-0.292426 -0.395031 0.426578 4
1.68896 0.118984 -0.997794 4
1.03746 -0.249638 -1.28406 4
4.03926 0.00211951 -3.45475 4
10.5092 -1.09369 -11.1348 4
-0.174545 -0.202707 -0.136329 4
3.28612 -0.342639 -3.30689 4
-3.30109 0.644472 3.04398 3
-2.11894 0.512547 2.03943 3
-1.96046 0.358711 1.71096 3
-3.53897 0.827377 3.1779 3
-0.220592 -0.263198 0.288976 4
-0.029031 -0.128877 0.0793836 4
-0.278413 0.0408436 0.167846 4
-0.0453136 0.00902955 0.119274 4
1.9687 -0.0963441 -2.18439 3
1.12471 -0.143972 -1.3337 3
-0.468867 0.116473 0.515377 3
-2.76184 0.508981 2.60587 3
-0.0241832 -0.0302543 -0.0150395 3
0.0348389 -0.413309 0.15645 3
0.127598 0.0318971 -0.181046 3
0.919851 0.19186 -0.766134 3
0.326441 -0.0432382 -0.124894 3
0.0411592 -0.0635723 -0.0428746 3
0.138745 0.0374874 -0.0923027 3
0.295657 -0.0981614 -0.309893 3
-0.0552716 -0.144108 0.0274395 3
-0.0792386 -0.0320568 -0.0607739 3
-0.0316855 -0.0121352 -0.0154613 3
-0.263935 -0.172573 0.26781 3
-0.243566 -0.105478 0.570685 1
0.025949 0.717222 -0.396511 1
-0.270985 0.871688 0.879254 1
0.11115 -0.178561 -0.149909 1
-0.537503 -0.438352 -0.808418 1
-0.19259 0.946027 0.326066 1
-0.233675 1.12277 0.0925226 1
0.23657 0.0484903 0.10397 1
-0.639976 0.218049 1.11894 1
-0.00847209 -0.0909831 -0.122844 1
0.0774191 -0.349886 -0.0235877 1
-0.11012 0.0797521 0.175199 1
0.324371 -0.268093 -0.133316 1
-0.122342 -0.455757 0.297973 1
-0.454719 -0.191717 -0.303208 1
0.00349783 -0.00330339 -0.00279145 1
