# 1 = ball
# 2 = lepton
# 3 = photon
# 4 = PID > 100
# 5 = neutrino
# 6 = other
0.0998766 0.0178915 0.380199 3
-1.22455e-06 -1.39607e-06 0.000117706 3
-15.1524 8.43296 -1.83287 4
14.289 -9.69813 2.2257 4
5.91631 -3.39979 0.247788 4
1.70762 -0.643859 0.599324 4
1.72069 -0.772969 -0.388006 4
0.210808 -0.196978 0.0682161 4
0.23573 0.0411023 0.179552 4
0.54725 0.0665089 -0.045076 4
-1.7912 1.07351 -0.0825973 4
-4.81296 2.31125 -1.40252 4
-4.24823 2.43823 -0.603865 4
0.409964 -0.0813142 0.256934 4
1.71876 -1.16971 0.0429728 4
1.95603 -0.508671 -0.122927 4
0.0076959 -0.140614 0.156084 4
-7.78728 3.78939 -1.27483 4
1.51776 -0.653644 -0.0612383 3
1.35614 -0.459975 -0.105915 3
0.90442 -0.859455 0.516432 4
0.619689 -0.368355 -0.230545 4
-0.270973 0.177575 0.154383 3
-0.142878 0.127263 0.217864 3
-0.323178 -0.18932 0.29587 3
-0.103082 -0.141386 0.0704273 3
-0.0126107 0.0324669 -0.0210135 3
0.176462 0.214514 0.0923893 3
0.157165 -0.0898458 0.0807324 3
0.251484 -0.30847 0.0353079 3
0.0594262 -0.0924556 -0.065085 1
0.331736 -0.0475434 0.138567 1
-0.124427 0.00249564 -0.00852866 1
0.234289 0.169493 0.161518 1
-0.0322943 0.0327779 0.0431462 1
0.152872 0.071454 -0.0414009 1
0.0410083 0.0148682 0.0293742 1
0.00489356 -0.0328516 -0.00786313 1
-0.0374028 -0.0107264 0.035375 1
-0.0593587 0.105508 0.0320933 1
-0.0654595 0.0360059 -0.0279464 1
0.0582295 0.00474695 0.101627 1
0.250597 0.103351 -0.0922059 1
-0.0242868 0.0323461 0.00501321 1
-0.0235094 0.0323201 0.00865819 1
-0.0211009 0.00409843 0.158924 1
-0.0280577 -0.148324 -0.0482201 1
0.00143729 -0.00200699 -0.022741 1
-0.0699464 0.000416926 0.0457325 1
-0.00748638 0.000188244 0.00711207 1
-0.437807 0.00632964 0.0308881 1
-0.0966879 0.0289734 0.0126653 1
-0.0241802 0.0486954 -0.085978 1
0.180257 0.00196924 -0.0906519 1
0.076779 0.0846735 -0.0190092 1
-0.0606323 -0.0706966 -0.000888797 1
0.128452 0.070257 0.0132477 1
-0.00919456 0.399038 0.145955 1
-0.0922297 0.0121775 0.0181854 1
0.0268911 -0.0484777 0.0537927 1
0.0783005 -0.235318 0.0236517 1
0.0144826 0.1565 0.24448 1
-0.0130506 -0.221933 -0.0558128 1
-0.0126029 0.115368 -0.182449 1
0.0433058 -0.0507741 -0.0268996 1
0.0153262 -0.0873601 0.0879929 1
-0.125237 -0.0570616 -0.245184 1
0.366335 0.598939 -0.413075 1
0.0143466 0.00400662 -0.0311495 1
0.0172452 -0.000250474 0.0687312 1
0.218481 0.0644169 0.257733 1
-0.106383 -0.134156 0.29268 1
-0.00144711 -0.0016498 -0.000947267 1
