# 1 = ball
# 2 = lepton
# 3 = photon
# 4 = PID > 100
# 5 = neutrino
# 6 = other
-27.336 -7.35967 -8.42323 2
2.12761 1.13528 -4.99874 2
0.178561 -0.132128 8.11265 3
2.44519 0.452255 1.13836 4
1.32859 0.25901 0.157552 4
0.430671 0.0981763 0.130677 4
0.669512 0.0754847 0.0376364 4
2.49242 0.107705 0.616893 4
0.546345 0.297615 -0.0608256 4
1.55459 -0.202133 0.112093 4
1.28628 0.510805 0.531261 4
6.73413 1.24188 1.02298 4
0.40211 0.0489785 0.0848677 3
0.499061 0.186231 0.206269 3
1.20959 0.256071 0.115517 3
6.98695 1.78208 0.810013 3
0.0841646 -0.410115 0.112028 1
-0.255317 0.364667 0.512962 1
0.155779 0.254079 0.0954607 1
1.19472 0.449229 0.194709 1
0.179136 -0.026583 -0.284429 1
0.0547941 0.273034 0.0594028 1
0.106421 -0.0810684 -0.803641 1
-1.42425 -0.519496 -0.659026 1
0.220067 -0.0257735 -0.0820567 1
-1.68032 0.967151 0.205884 1
0.0993003 -0.353027 -0.0689231 1
-0.591847 0.449538 -0.802876 1
0.26977 -0.322028 -0.160846 1
-0.364734 -0.118288 -0.219274 1
0.104228 0.303173 -0.0624763 1
-0.235052 1.06452 0.413238 1
0.128773 -0.452002 -0.651222 1
0.148853 0.066211 -0.0652888 1
-0.141825 -0.237134 0.266012 1
-0.120452 0.307837 0.139962 1
0.0021159 0.463763 0.342088 1
0.0241117 -0.13621 -0.172855 1
-0.265879 0.542863 0.460137 1
0.00459516 0.0700004 0.367442 1
-0.0174136 -0.00885377 0.0821836 1
-0.0049528 -0.310142 0.0108443 1
-0.109482 0.1211 0.0158726 1
0.0124594 -0.0657944 0.0298742 1
0.217716 0.065636 0.830094 1
-0.109724 -0.438756 0.376935 1
-0.0704488 -0.0507084 0.181298 1
0.793158 -1.02954 -0.272873 1
0.0358947 0.0650813 0.015392 1
