# 1 = ball
# 2 = lepton
# 3 = photon
# 4 = PID > 100
# 5 = neutrino
# 6 = other
0.620316 0.154423 -1.83212 4
0.124121 -0.126817 0.51643 4
0.105241 -0.0899941 -0.254668 4
-0.157227 -0.0399925 0.511269 3
2.15172 1.76232 -7.929 4
0.170168 0.19889 -0.883993 3
0.547139 -0.0545682 -2.22211 4
0.75296 -0.550145 -3.17824 4
0.0104896 -0.00311434 -0.211156 3
-3.02031 -0.190794 10.628 5
0.00556606 0.123463 1.96193 2
0.0435735 0.0160656 -0.0257296 3
0.266718 -0.062728 -0.606284 3
0.450485 -0.118656 -1.23449 4
1.08642 0.331481 -2.9334 4
-0.768637 -0.504552 1.85306 3
2.99472 1.15706 -6.2029 4
0.301404 0.171921 -0.759493 3
0.0239217 0.0545019 -0.056095 3
0.759328 0.422853 -2.08343 3
0.641815 0.363029 -1.46886 3
-1.70021 -0.896033 3.84075 4
-1.41875 -0.340317 3.09772 4
-2.55793 -0.827557 6.59025 4
-1.70227 -1.3708 4.29695 3
-0.22664 -0.132537 0.461703 3
-0.258284 -0.122497 0.693712 1
-0.139486 0.113582 -0.215878 1
0.621692 0.963105 -0.299231 1
-0.0419062 -0.106905 0.378314 1
-0.133512 0.0455868 -0.177157 1
0.279848 0.342412 0.246764 1
0.518598 -0.407871 -0.194643 1
0.0955695 -0.108549 0.171172 1
-0.0514112 -0.0919587 -0.19853 1
-0.347715 0.142733 -0.711855 1
-0.077764 0.0519949 0.183658 1
-0.628439 -0.159855 -0.059315 1
-0.00278307 0.0540747 -0.00113626 1
0.25269 0.00719852 -0.25363 1
0.0334047 0.150816 -0.0405888 1
-0.235478 -0.156151 -0.0956714 1
0.285856 0.0779505 -0.479336 1
-0.0924073 -1.04644 -0.876512 1
0.358726 0.198957 0.672739 1
-0.615037 0.220805 0.20103 1
-0.0671006 0.00824661 -0.0444797 1
0.0384778 -0.198801 0.466125 1
0.266384 0.462548 -0.316044 1
0.016823 0.365022 -0.0132139 1
-0.15909 0.100308 -0.13048 1
-0.0601072 -0.00549818 -0.00240967 1
-0.462066 -0.504231 -0.153578 1
-0.205547 -0.207031 -0.151565 1
-0.0380219 -0.0117796 0.0517987 1
-0.0923553 -0.0978403 -0.227629 1
0.0311194 0.618618 -0.662472 1
0.552234 -0.118087 -0.353961 1
0.494568 -0.652105 0.597786 1
-0.130778 0.0948099 -0.0213438 1
0.567323 0.769845 0.215751 1
-0.115805 0.0848378 -0.0603761 1
-0.0920232 0.300882 0.115923 1
-0.0520963 0.174382 -0.022422 1
0.181762 -0.800527 -0.107399 1
