# 1 = ball
# 2 = lepton
# 3 = photon
# 4 = PID > 100
# 5 = neutrino
# 6 = other
5.88547e-06 1.01146e-06 0.000255463 3
7.39773 -0.749271 6.02616 4
0.974132 -0.138374 0.259502 4
0.0807677 -0.16299 0.0702965 4
-0.140065 -0.563771 -1.21624 4
-0.649427 -0.637701 0.478264 4
-0.618618 -2.855 -1.96763 4
-0.414334 -0.188356 -0.756455 4
-0.716599 -1.51768 -1.15823 4
-0.305075 0.503236 0.57162 4
-1.78067 0.437982 -1.0481 4
-6.71178 4.46 -5.17356 4
-9.77279 5.89911 -9.07854 4
5.53833 -1.178 4.33663 4
0.310043 0.104175 0.337364 4
0.631398 0.166321 0.974616 4
-0.00690851 -0.374268 0.112272 4
-0.00788873 0.000590178 -0.0113414 4
-0.703887 -1.44358 -0.192972 4
-0.67862 -0.218636 -0.214617 4
-0.472642 -0.0268275 -0.711945 4
-2.30049 2.20394 -2.15977 4
0.845118 -0.136619 0.95919 4
3.1538 -0.458441 2.42547 4
0.124531 -0.0367133 0.20561 4
0.171129 -0.000940133 0.0643757 4
-0.0755366 -0.308235 0.164103 3
-0.0402219 0.152286 0.399436 2
-0.00138981 0.0247686 0.0411676 2
-0.454884 -0.046861 -0.155912 3
-0.0793137 -0.0687688 -0.0505603 3
1.10776 -0.200563 0.673021 3
2.00557 -0.520417 1.12625 3
1.10944 -0.574376 1.82396 3
1.33311 -0.637931 2.41401 3
0.392362 0.0396329 0.564891 3
0.44969 -0.049629 0.475223 3
0.112269 0.0521012 0.00785626 3
0.211246 0.00603121 -0.147754 3
-0.0146263 -0.00331252 0.0688216 3
0.194354 0.12286 0.309279 3
0.0635522 -0.174388 -0.231405 3
-0.0267874 -0.280379 -0.198179 3
-0.439062 0.0154202 -0.226661 3
-0.169085 0.0783179 -0.15349 3
0.0439177 -0.0242314 0.0364516 3
1.85044 -0.108367 1.29167 3
0.234304 -0.0972643 0.295476 3
0.252747 -0.139949 0.154479 3
0.150152 -0.0923835 -0.208412 1
-0.486895 0.167711 -0.626418 1
-0.266686 0.352646 -0.0589603 1
-0.401798 0.411478 0.118572 1
-0.161094 -0.288907 -0.456968 1
0.0343933 -0.211188 -0.101973 1
-0.619404 -0.332602 0.22954 1
0.162224 0.217102 0.110632 1
-0.589278 -0.377048 -0.526227 1
-0.127983 -0.139324 -0.0913045 1
0.296079 -0.0529657 -0.20578 1
0.00324968 0.000558481 0.00293771 1
