# 1 = ball
# 2 = lepton
# 3 = photon
# 4 = PID > 100
# 5 = neutrino
# 6 = other
-0.0214771 -0.0225479 0.574355 3
0.063052 -0.0554194 -3.32956 3
-0.117053 -0.134769 1.53123 4
0.2034 -2.07073 1.77487 4
-0.605969 1.26813 -1.86525 4
-0.366648 1.01503 -1.44172 4
0.310649 0.00680359 -0.186998 4
-0.161087 -0.319407 0.105429 4
0.182345 -0.376805 0.137651 4
0.0228541 -0.00866384 -0.00713848 4
-0.274741 0.604366 -0.625952 3
0.0109333 0.946732 -0.433068 3
-0.291246 0.43206 -0.566231 3
2.13532 -6.39656 7.39274 4
0.918491 -2.12038 2.44652 4
3.58107 -9.37338 11.2693 4
0.233067 0.630996 -0.212355 3
0.015704 0.0801156 -0.0788668 3
0.0611658 -0.156037 0.171298 3
-0.0478213 -0.149749 0.0660199 3
-1.02161 2.74572 -3.03702 4
-2.34043 8.02927 -10.1103 4
-0.595234 2.40978 -2.4741 4
-0.277371 1.12185 -1.58029 3
-0.269792 0.72356 -0.947851 3
-0.547392 0.108882 -0.0828108 1
0.0606836 -0.0960149 -0.404593 1
0.0366653 0.0725152 -0.245074 1
-0.14737 0.700865 0.115972 1
0.725992 -0.644669 0.347664 1
0.0528938 0.0503009 0.213741 1
-1.19453 1.07937 -0.616335 1
-0.485136 0.0900862 0.254802 1
-0.154953 -0.24793 0.139404 1
0.0800733 0.631126 -0.339655 1
0.409564 -0.559178 -0.473337 1
-1.62302 -0.310956 0.800248 1
0.266751 0.13616 -0.00843304 1
-0.112642 0.125646 0.136833 1
-0.000565594 0.0525578 -0.0435447 1
-0.21375 0.0395357 0.161368 1
-0.0250317 -0.108199 -0.0286388 1
0.00609122 0.573424 0.239856 1
0.392969 0.0483045 0.244342 1
0.139384 0.10591 0.380199 1
-0.490495 0.709148 0.224371 1
-0.0226389 -1.15323 0.0970678 1
-0.0791856 -0.00992221 -0.0163709 1
0.308317 -0.0963213 0.244868 1
0.0164333 -0.0422806 0.0598929 1
0.36873 0.414598 -0.658401 1
0.363831 -0.814418 0.487632 1
0.745211 0.790966 -0.428727 1
0.307536 0.38351 -0.154326 1
-0.490703 -0.375091 0.451278 1
-0.00831038 -0.322731 0.316418 1
-0.0329834 -0.161932 0.0114809 1
