# 1 = ball
# 2 = lepton
# 3 = photon
# 4 = PID > 100
# 5 = neutrino
# 6 = other
-0.0460141 0.0191069 0.995553 3
1.50225 -17.6133 3.42533 4
-0.451127 -6.66214 1.06081 4
-1.9285 4.32947 -1.60137 4
-0.143582 2.25438 -0.00279459 4
0.91546 10.6529 -1.1101 4
0.38587 -13.2985 2.22224 4
0.191894 -0.333451 -0.0116422 4
-0.044634 0.950022 -0.738249 4
-0.120541 2.44011 -0.563853 4
-0.28883 1.88148 -0.500032 4
-0.972816 1.7956 -0.404149 4
0.486081 -0.268272 0.093917 4
0.319124 -0.7861 0.118122 4
0.402547 2.63623 -0.126819 4
0.668533 3.56714 -0.238383 4
-0.146437 0.00291911 -0.394244 3
-0.138284 0.0879532 -0.204169 3
-0.1299 -0.0216296 0.0413756 3
-0.166113 0.00466203 -0.0971193 3
-0.61058 1.54652 -0.681912 3
-0.118202 0.183054 -0.115141 3
-0.240441 0.112603 -0.0898137 3
0.00178298 0.0282979 -0.0515984 3
-0.136292 1.54938 -0.330758 3
-0.470738 3.76742 -0.970442 3
0.108777 -0.162715 0.131522 3
0.0237269 -0.192974 0.0235045 3
0.0359282 -0.183523 -0.072441 3
-0.0613665 -0.143387 0.0223747 3
0.109431 -0.47995 0.0812341 3
-0.0282959 -0.193153 -0.0134173 3
0.0383541 -0.0465583 -0.0268877 3
-0.0115717 -0.135895 0.116708 3
0.0735591 0.796232 -0.0688035 3
0.156053 1.42545 0.0557859 3
-0.166634 0.140613 -0.00655104 1
-0.0416744 -0.0460521 0.00793983 1
-0.00287503 0.0285344 -0.00294683 1
0.197743 -0.000376615 0.0428575 1
0.242475 0.164864 -0.0500781 1
-0.0121189 0.158454 0.167665 1
0.00369517 0.01949 0.0106423 1
-0.0117083 0.137507 -0.115354 1
0.152927 0.0465631 -0.10207 1
0.18343 -0.0058097 0.0279744 1
-0.000711909 -0.00693552 -0.00681125 1
-0.0184898 -0.0327808 -0.0205617 1
0.0807357 0.0135591 0.191301 1
0.0371055 -0.134491 -0.152023 1
0.0303917 -0.0193637 -0.166264 1
0.0512963 0.19099 0.17063 1
-0.131142 -0.187042 -0.206368 1
-0.200095 0.0432835 0.0792425 1
0.115645 -0.0137176 0.0309368 1
0.163723 0.115893 -0.0286752 1
-0.0348485 -0.0133418 0.0381098 1
0.197376 -0.108459 0.116107 1
-0.00135181 -0.000794328 -4.15481e-05 1
