# 1 = ball
# 2 = lepton
# 3 = photon
# 4 = PID > 100
# 5 = neutrino
# 6 = other
-0.121607 0.0867149 -0.875476 4
-0.0876647 -0.458308 -3.0059 4
-0.242936 1.17255 -10.7256 4
-0.287536 0.344987 -7.09581 4
-0.154043 0.12911 -0.597816 4
0.0294443 0.204288 -0.709363 4
-0.262093 -0.131501 -4.5088 4
0.0444275 -0.150955 -0.629551 4
-0.707519 -0.461959 -2.89449 4
-0.0674625 -0.164934 -0.735182 4
0.590607 0.356354 2.75998 4
0.131064 -0.076995 0.499597 4
1.49229 -0.236636 16.0809 4
0.427647 0.173495 8.19349 4
-0.48798 -0.115288 -3.12619 4
-0.63387 -0.281456 -5.81503 4
-0.00997039 0.224927 0.24861 3
-0.132157 0.214691 0.387416 3
0.0436517 0.0807284 0.722626 4
0.272923 -0.266639 2.88519 4
-0.103786 -0.046255 -0.329313 3
-0.323461 -0.436867 -1.92321 3
-0.05607 0.0167964 -0.029262 3
0.00418773 -0.027085 0.0859665 3
0.031362 0.118621 2.8629 3
-0.0562663 0.178678 2.20704 3
-0.127782 -0.0079248 -1.63979 3
-0.0225985 -0.0160967 -0.0496915 3
0.00985521 -0.0964406 0.37302 3
0.122951 -0.117923 1.43796 3
-0.00201538 0.105576 0.726225 3
0.0535464 -0.0253461 0.473873 3
-0.14397 -0.119082 1.09628 3
0.393889 0.13009 2.2048 3
0.270037 -0.232044 1.20898 3
0.112899 -0.0678674 0.235695 3
