# 1 = ball
# 2 = lepton
# 3 = photon
# 4 = PID > 100
# 5 = neutrino
# 6 = other
-4.97475 4.18444 1.09923 4
-2.98906 2.2167 0.623122 4
-0.206713 0.586663 1.11484 4
0.0648323 -0.11361 -0.164564 4
0.203484 1.26085 1.16854 4
1.8052 -1.25385 -0.331656 4
3.72633 -2.14727 -0.565093 4
1.72435 -1.21313 -0.419648 4
2.19376 -1.78546 -0.759959 4
5.7147 -3.67205 -1.00728 4
0.0222747 -0.3391 0.124159 4
2.31725 -1.68181 -0.65709 4
2.31932 -1.38716 -0.684873 4
7.08915 -6.08059 -1.321 4
-3.82166 2.39062 0.828578 3
-1.17844 0.676231 0.195912 3
-0.455059 0.321304 0.124396 3
-2.52814 2.14802 0.595096 3
-0.696733 0.667505 0.34201 4
-2.54624 1.35741 0.701475 4
-0.921094 0.389908 0.30486 4
-0.600712 0.443289 0.0587194 4
-1.07644 1.25455 0.606437 3
-0.0638302 0.0335337 0.0349332 3
0.156404 -0.124284 -0.157852 3
0.548632 -0.248922 -0.263022 3
0.0200796 -0.20306 -0.0130397 3
0.121718 -0.158941 0.0642664 3
-0.661646 0.37387 0.0521409 3
-0.290301 0.17939 0.114652 3
-2.09025 1.43559 0.851707 3
-0.32975 0.168845 0.145605 3
0.0553789 -0.0190891 0.0836211 1
-0.41384 0.499973 -0.435881 1
-0.18042 -0.470338 0.129488 1
0.515729 -0.526946 -0.199342 1
-0.119214 -0.158889 0.27281 1
-0.613079 0.121242 -0.695258 1
0.379193 0.630132 0.24219 1
0.340967 -0.264828 -0.389355 1
0.161557 0.167631 0.0518731 1
0.112837 0.00797887 0.0425915 1
0.69613 0.0486671 -0.186159 1
-0.0623141 0.362047 0.331573 1
0.225187 -0.0111801 0.312652 1
0.106374 0.311538 0.261475 1
-0.041903 0.0666988 0.0702651 1
-1.38955 0.0262803 -0.459526 1
-0.234311 -0.380631 0.0722145 1
0.066937 -0.282102 0.0901219 1
-0.677407 0.525761 -0.573077 1
-0.0481327 -0.109801 -0.214151 1
-0.590948 -0.305479 -1.54929 1
-0.0744513 -0.00744684 -0.371506 1
-0.73575 -0.190883 0.167241 1
0.351977 -0.182636 1.12746 1
-0.183474 -0.514708 -0.0463554 1
-0.285344 -0.13384 -0.144311 1
0.0582706 0.423745 0.189294 1
0.0294691 0.183881 -0.429671 1
0.00778773 0.00786665 -0.260015 1
0.1402 0.0522226 0.229285 1
-0.15475 0.113939 -0.234813 1
-0.256139 0.730058 -0.079091 1
0.366516 0.0229329 0.0916247 1
-0.339859 -0.201304 -0.394004 1
0.189712 -0.221972 0.0904257 1
