# 1 = ball
# 2 = lepton
# 3 = photon
# 4 = PID > 100
# 5 = neutrino
# 6 = other
0.0160054 0.0319461 -0.00611305 3
0.0602837 0.0235788 2.09848 3
-11.4692 1.81876 0.125382 4
-1.90956 0.771331 -0.523365 4
-0.167869 -0.404168 0.326546 4
0.751256 0.0800077 0.0411944 4
6.0998 -2.76889 1.06777 4
-3.73124 0.892476 -0.00220734 4
-12.4356 2.11876 0.388011 4
-0.375517 -0.0141567 -0.558434 4
1.20901 -0.357911 0.0801405 4
1.54505 -0.460435 -0.219408 4
2.51723 -1.2784 0.658669 4
1.36432 -0.360403 -0.542802 4
1.21565 0.276243 -0.294959 4
3.64232 0.44194 -0.38093 4
0.29403 0.0243932 0.0680712 4
0.884237 0.515648 -0.434875 4
0.212798 -0.140705 0.0029235 4
0.285511 -0.126866 0.336366 4
0.284336 -0.0397416 0.26893 4
-0.0335243 0.0531091 0.246529 3
0.899225 0.00753429 -0.112387 4
0.927357 -0.00355189 -0.465916 4
-0.383607 -0.000246717 -0.145117 3
-0.272265 -0.105074 -0.0586049 3
0.136947 -0.071412 -0.0321593 3
0.505465 -0.445271 0.0903861 3
0.559325 -0.461851 -0.468725 3
0.114097 -0.175623 -0.179078 3
4.99095 0.915598 -1.26966 3
1.03466 0.232191 -0.312473 3
0.343568 -0.054618 -0.0694244 3
3.06215 -0.0922969 -0.703028 3
0.711338 0.0415279 -0.238326 1
0.671986 -0.197578 0.428337 1
0.295449 -0.145589 0.111492 1
-0.738129 -0.186624 0.448448 1
0.0801769 0.333694 -0.242182 1
-0.12567 -0.335013 0.441438 1
0.0846805 -0.13585 -0.52788 1
-0.473015 0.0731896 0.697737 1
-0.458046 0.389066 -0.293145 1
0.0792976 0.179473 -0.00852078 1
0.190619 0.00953515 0.148472 1
-0.341445 -0.697441 -0.698282 1
0.0258994 0.227764 -0.104684 1
-0.770265 0.0545191 -0.245323 1
0.0630944 -0.19238 -0.0996204 1
0.904577 -0.507994 -0.844628 1
-0.370327 -0.482282 -0.0655218 1
-0.108852 0.209738 0.117329 1
-0.241075 -0.326225 -0.0386084 1
-0.170821 0.172763 0.0671332 1
-0.393188 -0.00264508 -0.193927 1
0.378636 0.243384 0.626521 1
0.0259344 0.160561 0.181606 1
-0.287446 -0.388616 0.685036 1
-0.57289 -0.173825 0.162057 1
0.251353 -1.12963 0.704636 1
-0.388348 0.634464 -0.852759 1
-0.0303457 1.65747 0.823987 1
-0.0391717 0.0481425 -0.043289 1
-0.227574 -0.0725559 -0.0532479 1
-0.203658 -0.302945 -0.114024 1
