# 1 = ball
# 2 = lepton
# 3 = photon
# 4 = PID > 100
# 5 = neutrino
# 6 = other
5.90885 -16.9647 -14.5989 4
1.68598 -5.80863 -4.02863 4
0.677504 -0.559822 -0.746722 4
-0.551072 0.939142 0.14135 4
0.414217 0.41918 -0.0501275 4
-1.30298 4.07786 2.87005 4
0.646887 -2.03091 -1.30947 4
0.348322 -2.51573 -1.71774 4
0.057873 -0.274484 -0.553377 4
0.231325 -0.228557 0.160036 4
-0.991693 0.56609 0.814256 4
0.0291914 0.551442 0.38764 4
-4.17544 12.4883 11.3974 4
-1.26784 5.01584 4.40017 4
-1.90416 5.72054 5.36617 4
-0.0738276 0.175715 -0.285447 3
-0.487176 0.861982 -1.02554 3
0.0141651 0.00772747 0.0123462 3
0.0175612 -0.312311 0.701613 3
0.739266 -2.28993 -2.19557 3
0.0805152 -0.140189 -0.160304 3
-0.0332487 0.257662 -0.307964 3
-0.00463188 -0.0163799 -0.0374841 3
-0.0561935 0.172028 0.0900587 1
0.0125811 -0.169148 0.0687981 1
-0.0679517 0.052234 0.0185728 1
-0.0172392 0.0483154 0.0150309 1
-0.0448998 0.00242152 -0.00449507 1
0.0762841 -0.0642464 -0.125512 1
-0.0203488 0.0461887 -0.245578 1
-0.0804429 -0.0630145 0.0304488 1
0.119875 0.0537927 -0.0642318 1
0.102796 0.0503781 -0.055794 1
-0.0207422 -0.0637338 -0.0802645 1
0.0715455 0.143134 0.171449 1
0.0438517 0.0489837 -0.00361032 1
0.249724 0.0580072 0.0275177 1
-0.0223955 -0.0160533 -0.0244677 1
-0.0915315 0.0213883 0.123871 1
-0.121038 -0.136783 0.10335 1
-0.218222 -0.255209 0.302517 1
0.0581366 -0.0238328 0.0481781 1
-0.266313 0.0516179 0.276492 1
0.018855 0.108481 -0.086591 1
0.214086 -0.00484173 0.180503 1
