# 1 = ball
# 2 = lepton
# 3 = photon
# 4 = PID > 100
# 5 = neutrino
# 6 = other
0.00012236 -0.000232363 -0.0482267 3
-21.6465 -5.774 2.75903 4
-1.92796 -0.0647169 0.566945 4
-8.52431 -2.6954 1.59464 4
-1.96875 -0.0644462 0.116464 4
0.779405 -0.207746 -0.266602 4
0.00352618 0.0347481 -0.320631 4
1.14041 0.6519 -0.444112 4
-3.24237 -0.730196 -0.140106 4
-1.98304 -0.781482 1.01691 4
0.156002 -0.240448 -0.0281531 4
1.23679 0.417895 -0.115671 4
2.84675 0.150827 -0.283358 4
1.6621 0.575664 -0.542707 4
1.01862 0.441357 -0.322161 4
0.200053 0.0928211 -0.245308 4
0.615154 0.452317 -0.215523 4
2.12549 -0.0415071 -0.419124 3
1.09929 -0.110342 -0.17769 3
1.05861 0.358695 -0.251339 3
2.44713 1.25003 0.145213 3
3.01805 0.78298 -0.153022 3
1.3149 0.318486 -0.0604525 2
12.0649 2.88782 -0.503105 2
3.63047 0.920735 0.130623 3
0.88924 0.244054 0.0968384 3
0.122717 0.0935067 -0.0899786 3
0.594279 0.330309 -0.113121 3
0.720257 0.0836908 0.0674299 3
1.58771 0.169394 -0.0513472 3
0.557426 -0.206399 0.115275 3
0.0682083 0.0110893 -0.0161955 3
0.386895 -0.0254715 -0.061643 3
0.101484 -0.000978115 0.0537389 3
0.140398 -0.125853 -0.367801 1
-1.09225 0.381165 -0.612835 1
-0.312828 0.0472263 0.248613 1
0.0840785 0.334329 0.212931 1
-0.157498 -0.299725 -0.229228 1
-0.826198 0.0464834 -0.863891 1
-0.0918556 0.134978 0.105277 1
0.0514492 -0.022822 -0.443035 1
-0.00992358 0.39081 -0.128232 1
0.0615313 -0.211547 0.284668 1
