# 1 = ball
# 2 = lepton
# 3 = photon
# 4 = PID > 100
# 5 = neutrino
# 6 = other
0.878542 -0.203128 0.162942 4
1.26494 -1.25973 -0.560931 4
1.52959 -1.90742 0.180573 4
-6.62895 5.08278 -0.0936256 4
-7.53665 4.75648 0.483269 4
-0.463385 0.270071 -0.0912381 4
-7.24753 5.12866 0.329685 4
-0.178879 0.18876 -0.0674156 4
-5.50552 3.94843 -0.494216 4
0.135564 0.0905365 0.0536013 4
-0.562496 0.510455 -0.729963 4
12.0619 -8.63943 -0.271898 4
5.258 -3.66358 0.0747802 4
-0.451928 -0.120287 0.0461957 3
-0.123376 -0.0195255 0.0856383 3
2.86424 -1.93625 -0.181504 3
5.65972 -3.70897 -0.21691 2
1.45914 -0.959454 -0.0551659 2
-2.06964 1.89117 0.124256 3
-0.728853 0.561379 0.0390004 3
0.770776 -0.608702 -0.194082 3
0.230259 -0.138381 0.00888952 3
0.417114 -0.293006 -0.0688643 3
0.118465 -0.0267473 0.0297271 3
-0.0179958 -0.0700866 -0.0467739 3
0.160844 -0.134991 -0.0765731 3
0.137874 -0.0919657 -0.051415 3
0.00368005 -0.114663 -0.0801298 3
0.388797 0.457039 -0.477857 1
0.566732 0.157585 0.10374 1
-0.124904 0.107059 0.173333 1
0.0167834 -0.0601983 -0.071405 1
-0.500782 0.750355 0.510102 1
-0.0535892 0.0315108 1.21839 1
0.164649 0.317026 0.452833 1
0.582276 0.268057 0.147802 1
0.273478 0.10404 -0.625327 1
-0.100012 0.00335279 -0.0167778 1
-0.416932 0.178766 0.15642 1
-0.523697 -0.209851 0.266262 1
-0.128995 0.0174993 -0.00608574 1
-0.503382 -0.145852 -0.345351 1
-0.335564 -0.374242 0.470543 1
-0.215132 0.126506 0.357681 1
-0.158827 -0.00677387 -0.108735 1
-0.366333 -0.25427 -0.54342 1
