# 1 = ball
# 2 = lepton
# 3 = photon
# 4 = PID > 100
# 5 = neutrino
# 6 = other
-0.043808 -0.00997455 1.61037 3
2.51068 2.64804 -0.255638 4
0.922001 2.34048 -0.364985 4
-1.87038 1.58297 2.50646 4
-0.373524 0.100998 -0.167725 4
-0.64549 0.142845 1.24628 4
-0.279323 -0.14275 -0.223536 4
-1.36123 -4.629 -0.00585328 4
-0.387365 0.45697 0.221086 4
-0.475738 -1.34284 0.125374 4
-0.199089 -0.980343 -0.0894753 4
-2.42312 -5.53438 -1.13988 4
0.00710796 -0.356285 -0.127591 4
3.53372 8.16012 -0.522249 4
0.937012 0.155679 -0.325955 3
0.248656 -0.000510068 -0.146239 3
-0.0804217 0.0628406 0.00691989 3
-0.0169914 0.0377385 0.127692 3
-0.628026 0.595703 0.883123 3
0.0501497 0.399999 0.297347 3
-0.0327499 -0.222691 0.202084 3
-0.120237 -0.170967 0.32331 3
-0.130957 -0.0118548 -0.024141 3
-0.00527787 0.024331 -0.0823405 3
-0.209331 -0.976912 -0.354749 3
-0.0855524 -0.14576 -0.0747624 3
1.85818 3.79751 -0.478095 4
-0.294309 0.0976896 0.38814 3
-0.310574 0.011386 0.243574 3
-0.0327335 -0.0225481 0.0326697 3
-0.350924 0.182077 0.503921 3
-0.00804714 0.0350081 0.0582896 3
-0.160828 -0.0321544 0.0387918 3
-3.95601 -11.8824 -1.81917 4
-0.164094 -0.37765 -0.252021 4
-0.310129 -0.902248 -0.215702 3
-0.0763946 -0.261083 0.00977305 3
1.71877 3.64314 -0.260403 4
-1.05866 -2.82045 -0.67057 3
-2.19572 -6.09043 -1.25834 3
6.50077 12.4377 0.0342185 4
