# 1 = ball
# 2 = lepton
# 3 = photon
# 4 = PID > 100
# 5 = neutrino
# 6 = other
0.518025 1.4779 -1.97873 3
-0.0496619 -0.235293 0.207535 4
-0.335729 0.248219 -0.179922 4
-0.633672 -0.648178 -0.0477272 4
0.180722 0.889784 0.10662 4
-0.221657 -0.619424 -0.498199 4
-0.538397 -0.308093 -0.00711939 4
-0.971272 1.54838 0.124521 4
-0.41733 0.655796 1.00583 4
1.31009 -1.32683 -0.806049 4
0.177895 -0.29205 0.0581108 4
-0.442771 0.0619654 -0.0319597 4
-1.75042 1.33494 0.0115112 4
-1.29505 0.812954 0.930821 4
-0.260785 0.10194 -0.119976 4
0.269176 -0.507585 0.221765 4
-0.26546 -0.690233 -0.387242 4
-0.93708 -2.1038 -0.802241 4
0.172682 0.521954 -0.206847 4
0.128696 0.192572 0.0771143 4
-0.336491 0.898569 0.058432 4
-0.499347 0.223082 0.087305 4
0.389466 1.26229 0.342279 4
1.30358 -2.12472 -0.984322 4
0.190668 0.346819 -0.185396 4
0.203531 -0.247573 -0.131592 3
-0.0999981 0.114379 0.0350467 3
-0.131168 0.116278 -0.104892 3
-0.149321 -0.147163 -0.761876 3
-0.122016 -0.0264194 -0.23524 3
-0.131677 0.179872 0.0835156 4
-0.390774 1.3654 0.477727 4
-1.12274 2.59456 2.4585 4
-0.131681 0.528573 0.241252 4
-0.674189 1.80865 1.82924 4
-0.569228 -0.0685078 -0.171656 3
-0.0436909 0.00861535 0.0217397 3
-0.112081 -0.0118049 0.00434213 3
-0.376721 0.195994 -0.0773873 3
0.207645 0.44993 0.19596 3
0.00974747 0.107483 0.104041 3
-0.0758623 -0.103587 -0.150107 3
-0.155867 -0.359343 -0.179585 3
0.0664977 -0.282552 0.0262831 3
0.377774 -0.828128 -0.0761229 3
0.0749599 -0.0425976 0.042548 3
-0.0187444 -0.0429614 -0.0571223 3
0.0879026 -0.0268873 0.156415 3
0.0888663 0.0863684 0.074195 3
0.00883114 -0.0297798 0.00117307 3
0.0799412 0.0959852 0.19451 3
-0.136841 0.270533 0.0586261 3
-0.19534 0.510036 0.288538 3
0.0241278 0.109741 -0.0085809 3
-0.0643333 0.245931 0.149963 3
0.0313243 0.159468 0.0170904 3
-0.0575664 0.01797 -0.0102731 3
-0.497921 0.596002 0.205015 3
-0.408324 0.70204 0.229764 3
-0.466533 1.69951 2.20921 3
-0.407432 1.92031 2.59675 3
-0.0337917 -0.00657899 0.0319829 3
-0.0458036 0.129372 0.117329 3
-0.128403 0.0695306 0.023057 3
3.1395 -5.07378 -1.90107 4
4.06704 -6.26719 -3.14621 3
0.436226 -0.657067 -0.379378 3
-0.774097 1.16191 0.680715 4
-0.489652 0.723409 0.169956 4
0.500129 -0.928317 -0.540495 3
0.950482 -1.40596 -0.891649 3
0.00382539 -0.253932 -0.420866 4
-0.613921 1.20417 0.699997 4
-0.0525622 -0.0386024 0.107457 3
-0.152262 0.117066 0.357032 3
0.0265622 0.174063 0.0943107 3
-0.00881015 -0.0194269 -0.00912168 3
0.30352 -0.36048 -0.0216832 3
0.185145 -0.0963112 -0.0485018 3
0.102436 -0.233348 0.105586 3
0.00653889 0.00872395 -0.0181121 3
0.448736 -0.406779 0.0601321 4
0.269903 -0.540919 -0.227445 4
-0.013165 -0.069973 -0.0479168 3
0.234623 -0.153824 -0.0760634 3
0.844811 -0.831209 -0.167664 3
0.0399578 -0.0744982 0.0320162 1
0.0246066 0.0239297 -0.13314 1
-0.0241727 -0.10009 0.185343 1
0.0669975 -0.09355 -0.0584486 1
0.0488085 0.550811 -0.206653 1
0.110396 0.106427 0.0109918 1
-0.0361988 -0.103605 0.26677 1
0.149346 -0.0723921 0.00993012 1
-0.0985731 -0.14973 -0.00862571 1
-0.00535625 -0.121945 0.0346785 1
-0.172212 -0.074909 0.0308658 1
0.0246426 0.128529 -0.0725227 1
0.0318286 0.0250034 0.0300668 1
-0.146972 0.0132446 0.12966 1
0.0345843 -0.028557 -0.00626396 1
0.071446 -0.154748 0.0735428 1
-0.167306 -0.106377 -0.0671451 1
-0.075605 0.313336 -0.0312523 1
-0.152873 0.0178447 -0.0297442 1
0.158361 0.0814335 -0.0423649 1
-0.0683333 0.0309647 -0.107617 1
-0.0586336 0.0446248 0.00869996 1
-0.015046 -0.205124 -0.204907 1
0.0119461 0.0394468 -0.0429135 1
0.235569 0.493198 -0.223152 1
0.011578 -0.0349205 -0.164564 1
-0.0262394 0.0504711 -0.0388402 1
0.0769157 -0.235987 -0.0769592 1
-0.113436 -0.011379 -0.0772343 1
0.00453306 -0.0216434 -0.171457 1
-0.105813 0.291526 -0.0481106 1
0.0817549 0.0649174 0.282112 1
-0.00478056 0.0322958 0.0184071 1
0.0414294 0.0525694 -0.246758 1
0.0285074 -0.077735 0.0125972 1
0.247552 -0.373583 -0.379205 1
0.0358133 -0.0222813 -0.0879366 1
0.165452 0.0384838 0.03536 1
0.0680191 0.0105092 0.11021 1
-0.111819 0.0222705 -0.03214 1
-0.000663495 -0.00063279 0.00220785 1
