# 1 = ball
# 2 = lepton
# 3 = photon
# 4 = PID > 100
# 5 = neutrino
# 6 = other
-0.798115 1.92097 1.66929 4
0.253542 -0.289222 -0.277741 4
-0.154702 -1.72367 -1.76466 4
0.550843 -1.45675 -1.20948 4
-0.108294 -0.841066 -1.1367 4
-3.20315 14.5945 15.5476 4
-1.0426 1.44023 0.942778 4
-0.0345918 -0.975251 -0.895001 4
0.278381 -2.98958 -2.33878 4
0.232181 -0.536622 -0.503096 3
1.59582 -3.43205 -3.70203 3
1.50988 -4.72213 -5.08506 4
1.15277 -2.73628 -2.98985 4
-0.30927 0.443879 0.689516 4
0.147741 0.156905 0.0952173 4
-0.288282 -0.00898227 0.642071 4
-0.0259999 0.346685 0.417678 4
-0.386564 0.721904 0.908792 4
-0.0306686 0.122182 0.375106 4
-0.577654 0.0275028 -0.0830927 4
-0.325621 0.00472769 0.0448582 4
0.0167247 0.00493037 -0.0157299 3
0.0469851 -0.433145 -0.523817 3
0.312518 -0.751925 -0.873767 3
0.111705 -0.508315 -0.479567 3
-1.22782 4.34363 5.0916 3
-0.475651 1.96801 2.21458 3
1.31469 -4.43383 -4.8315 3
0.826274 -2.59013 -2.96781 3
0.010062 0.0705187 0.115255 3
-0.163257 0.326959 0.267736 3
0.00327568 -0.00297722 -0.0127162 3
-0.278623 0.0962399 0.227691 3
-0.0310592 0.00251858 0.214932 3
-0.251462 0.287352 0.991583 3
0.538315 0.47751 -0.349206 1
-0.038043 -0.115219 -0.00358623 1
0.55035 0.778091 0.371689 1
0.034458 0.0511658 -0.193455 1
-0.257637 0.445714 -0.158405 1
0.136031 -0.000621703 -0.477907 1
0.230004 -0.449351 -0.377785 1
0.361476 0.462826 0.70867 1
-0.201729 -0.0854404 -0.29764 1
-0.0032159 -0.0124204 0.0117073 1
