# 1 = ball
# 2 = lepton
# 3 = photon
# 4 = PID > 100
# 5 = neutrino
# 6 = other
-1.79325 -1.37364 -0.108584 4
0.0213793 -0.0265492 0.0956476 4
0.14604 0.00321666 -0.0259588 4
1.01964 0.983121 0.264369 4
-0.233816 -0.22354 -0.0582392 3
-1.25137 -0.804873 0.104463 3
-1.40648 -0.740597 0.0917117 3
2.38931 1.68136 0.681108 3
0.466239 0.357929 0.405332 3
0.384667 0.304979 0.0637359 3
0.437617 0.193716 -0.0317854 3
1.67389 0.97955 -0.291276 3
-11.2316 -6.7409 -1.60544 5
-4.41541 -3.22801 -1.19979 2
-2.10888 -1.4515 -0.625816 4
-0.382036 -0.294551 -0.0438918 3
0.00570781 -0.000767462 0.0123758 3
-0.691566 -0.380631 -0.201296 3
-0.584445 -0.454913 -0.129372 3
-2.27007 -1.04144 -0.66963 3
-1.85783 -1.26772 -0.240884 3
1.27641 1.23026 0.457304 4
1.34115 0.192622 0.195902 4
0.549147 0.249503 -0.0436285 4
6.96806 5.82124 1.06936 4
8.20192 6.11036 0.930636 4
1.60122 0.74726 0.211177 3
2.57767 1.38848 0.393865 3
-0.662227 -0.118389 0.170451 4
-0.235537 -0.294048 -0.0227817 3
-0.0957889 -0.022779 0.0199225 3
4.64404 3.00057 0.39024 3
0.472892 0.28976 0.0800202 3
-2.12072 -2.60766 -0.221222 4
-2.24003 -2.49399 -0.434575 3
-0.0396814 -0.023078 -0.0128529 3
0.204606 -0.194243 0.0856592 1
0.100578 0.0337953 0.0676872 1
-0.0571825 0.192171 -0.104308 1
-0.0593336 0.0165284 0.0165873 1
-0.262682 -0.0255707 -0.0422966 1
0.0825311 -0.0303563 -0.0571384 1
-0.119109 -0.0225598 0.191146 1
0.21121 -0.659128 -0.15475 1
0.104694 -0.151646 0.128264 1
-0.449878 0.454915 0.347911 1
-0.34579 0.24564 0.206599 1
0.057181 -0.100536 -0.0559563 1
0.0763156 0.157656 -0.0242865 1
-0.119221 0.0642319 -0.043829 1
0.019045 -0.0320272 -0.166918 1
-0.00927326 0.0641839 -0.00875268 1
0.0100421 0.0425991 -0.0562238 1
