# 1 = ball
# 2 = lepton
# 3 = photon
# 4 = PID > 100
# 5 = neutrino
# 6 = other
0.00235686 -0.00165553 0.0188846 3
-0.415301 -0.0422737 -0.0304429 4
0.0893825 -0.219185 -0.31304 4
-0.896041 1.20431 0.219812 4
5.75082 -4.15211 0.0734502 4
-0.265222 0.264493 0.057084 3
-0.233107 0.290643 -0.105849 4
-0.328637 0.303118 -0.0413153 4
0.142037 0.00619377 -0.341386 3
0.280098 0.0458359 -0.316293 3
1.79125 -1.23194 -0.123928 3
1.12073 -0.644876 -0.0662032 3
1.87833 -1.6329 -0.546032 5
10.1768 -5.78785 -0.0460829 2
-0.187079 0.0991077 -0.137203 3
-0.411577 0.443753 -0.271842 3
0.570121 -0.3068 -0.0702835 3
0.203314 -0.167657 -0.0995758 3
-6.70555 3.57654 1.11653 5
-2.45533 1.41878 0.447113 2
-0.434778 0.172244 0.0764784 3
-0.154985 0.151513 0.00153726 3
2.79096 -2.78463 0.0687969 4
-1.26356 1.19829 0.0954065 4
0.525536 -0.390308 0.0967301 3
-7.88168 7.18261 0.0672632 4
-3.88767 3.89307 0.371884 4
-0.00572082 0.0374236 -0.0023625 3
-1.13385 1.43604 -0.0327164 3
-1.13004 1.13555 0.259338 3
-1.58055 1.77579 0.28628 3
5.15221 -4.17421 -0.575161 4
0.95008 -1.30326 0.211156 3
1.13722 -1.77432 0.186792 3
-0.117933 0.80287 -0.0130138 1
-0.449916 -1.11606 -0.648635 1
-0.904206 0.317773 0.0963303 1
-0.228511 0.033915 0.1604 1
-0.302263 0.354201 -0.197847 1
0.136136 0.010524 0.0366229 1
0.0286706 -0.399786 -0.122041 1
-0.0971829 0.121838 0.23601 1
-0.538297 0.785672 0.00692965 1
-0.227936 -0.456504 0.379687 1
-0.0118612 0.0383446 -0.0600272 1
-0.596305 -1.157 -0.0886412 1
-0.111409 0.123771 -0.0165519 1
0.115252 -0.140915 -0.0533752 1
-0.323934 0.542573 -0.307581 1
0.422807 -0.0220266 -0.518299 1
0.0163448 0.139478 0.575212 1
