# 1 = ball
# 2 = lepton
# 3 = photon
# 4 = PID > 100
# 5 = neutrino
# 6 = other
-0.0186309 -0.00146545 -0.743527 3
-0.225803 0.238952 0.319156 4
0.465605 -0.0582988 0.435162 4
-1.04617 0.718095 1.23599 4
0.0233694 0.787723 1.34861 4
1.61787 -0.781379 -2.6784 4
0.00715464 -0.422592 -4.0947 4
-0.529711 0.20946 1.4941 4
-0.573652 0.646304 2.98725 4
-1.15559 1.68621 3.994 4
-1.46171 1.38876 4.04508 4
3.5889 -4.7356 -16.2053 4
2.04942 -3.31888 -8.37383 4
1.71272 -1.74958 -5.16977 4
0.52142 0.065005 -0.156086 3
0.239207 0.0495877 0.0178942 3
-0.123309 0.179553 -0.642227 4
-0.100671 -0.150694 -0.325649 4
-0.0998297 -0.0941322 0.357828 3
0.0311542 -0.0745185 0.386239 3
-3.13958 3.80469 12.2004 4
-1.46365 1.93262 8.2683 4
0.0357818 -0.109812 -0.163381 3
0.168154 -0.0457046 -0.233242 3
-0.423321 0.21335 1.08347 3
-0.0298418 0.0720122 0.196687 3
-0.226661 0.185698 0.517121 3
-0.0288046 -0.0116961 0.149768 3
-0.137429 -0.204745 -0.0374668 1
-0.00799242 -0.152159 0.0231012 1
-0.012128 -0.0136635 0.0533396 1
-0.0934713 0.224236 -0.117603 1
0.120236 0.0270086 -0.097463 1
0.254292 -0.131105 -0.343424 1
0.0448478 -0.166462 0.254618 1
0.120813 -0.176262 0.0519215 1
0.114152 0.0592927 -0.213512 1
0.0793433 0.127815 0.618944 1
-0.315078 0.0132717 -0.206766 1
0.0345028 0.0589981 0.0219468 1
0.129304 -0.187607 0.120373 1
-0.0274458 0.0682064 -0.0256495 1
-0.0168625 -0.19371 -0.134625 1
-0.011677 -0.0671866 0.00461893 1
-0.0854001 -0.0312879 -0.0269075 1
-0.00351887 0.120689 -0.196738 1
-0.000301462 0.00100979 0.000406219 1
