# 1 = ball
# 2 = lepton
# 3 = photon
# 4 = PID > 100
# 5 = neutrino
# 6 = other
0.0211734 -0.343102 -0.101051 3
-2.41636 2.08852 -2.0955 4
0.0705801 0.71156 0.800288 4
-0.184501 0.399831 0.182989 4
0.447035 -0.495522 0.0408923 4
-1.22522 0.2296 -0.992942 4
-1.37264 -0.0345084 -0.0393942 4
-0.348797 0.242067 -0.240554 4
-0.246357 0.471836 0.0939621 4
-0.631702 -0.194752 0.153869 4
-0.342039 0.165889 -0.0737694 4
0.0747556 -0.429 0.372599 4
-0.259378 0.319092 -0.436816 4
-0.0851501 0.0961273 -0.0400607 3
-0.629305 0.542156 -0.503506 3
-1.1339 0.817359 -0.702576 3
1.96481 -1.15049 1.30113 3
0.118613 -0.10672 0.0740379 3
1.08691 -0.735932 0.732681 4
1.72162 -0.72152 1.22432 2
4.08948 -3.44143 2.07301 5
-2.02848 1.60237 -1.66608 2
-0.521825 0.262129 -0.115798 5
1.23512 -1.07915 1.03186 4
2.67095 -1.63317 1.76427 4
0.53857 -0.546102 0.490655 3
0.630577 -0.601267 0.733057 3
-1.48733 1.80231 -1.29055 4
-0.340243 1.19211 -1.02233 3
-0.0506401 0.0963724 -0.0504617 3
3.30023 -2.05114 1.66465 4
5.94268 -4.46317 4.00472 4
3.94461 -3.04564 2.96916 4
-1.27128 0.916376 -1.31698 3
-0.33081 0.328957 -0.392851 3
-13.5611 8.94812 -9.33227 4
-0.546119 0.391318 -0.389228 3
-1.42518 1.20043 -0.886134 3
0.86815 -0.546217 0.713642 3
1.7125 -1.2057 1.26707 3
