# 1 = ball
# 2 = lepton
# 3 = photon
# 4 = PID > 100
# 5 = neutrino
# 6 = other
0.0739203 0.453801 -39.6484 3
1.789 9.72321 18.3921 5
-0.0844988 0.559007 0.554981 2
0.106105 2.0458 3.7784 5
0.237122 -1.58626 2.54822 5
-1.52468 -8.83862 12.2677 4
0.0159812 -0.0413806 0.0798523 3
-0.274551 -0.8146 1.33764 3
-0.0981267 -0.397014 0.518557 3
-0.0100531 0.0102357 0.0242417 3
0.0374868 -0.153511 0.117489 1
-0.025641 -0.214629 0.247918 1
0.25512 -0.0300906 -0.043265 1
0.22481 -0.207604 0.233487 1
0.110802 -0.11898 -0.126711 1
-0.158557 -0.000872292 0.151365 1
-0.202033 -0.0500667 -0.0855285 1
-0.322297 0.062401 -0.310092 1
-0.246051 -0.107743 0.0494234 1
0.112551 -0.0334004 -0.0992486 1
-0.314186 0.0242018 0.094736 1
-0.0695431 0.00244328 -0.0930639 1
-0.0131391 -0.000549699 0.0160927 1
0.196109 -0.00817588 -0.127428 1
0.0869326 0.0967793 -0.0334873 1
0.206324 0.0745969 0.0153252 1
-0.097179 -0.182677 0.0336364 1
-0.0120922 -0.268111 0.106295 1
0.000372742 0.00180402 -0.000237538 1
