# 1 = ball
# 2 = lepton
# 3 = photon
# 4 = PID > 100
# 5 = neutrino
# 6 = other
0.000367629 -0.000579735 -0.000704019 3
-2.65347 14.7325 11.6419 4
-1.24575 7.79493 6.64121 4
-0.77889 5.78335 4.16688 4
-0.240368 0.980822 0.920103 4
0.725002 1.04126 -0.345412 4
-0.691503 -1.99998 -1.66477 4
-0.0367627 -0.273547 -1.51578 4
-0.255782 -0.291134 -0.310703 4
0.0371651 0.00602659 0.203697 4
-0.351724 -1.33128 -1.03735 4
0.402363 -0.627079 -1.46877 4
1.34069 -6.72738 -3.8158 4
1.18124 -4.65224 -3.4274 4
1.01682 -2.44463 -1.73289 4
-0.401245 0.115958 0.15654 4
-0.0482014 0.159428 0.146913 4
0.113305 0.0854217 -0.0133289 3
0.156998 -0.00205937 0.0867531 3
-0.155539 -0.993272 -1.58021 3
-0.21527 -0.686125 -1.05702 3
-0.420951 -1.18637 -1.05569 3
-0.399225 -1.56248 -1.29589 3
-0.263323 0.829152 0.584391 3
-0.0986061 0.61369 0.501355 3
0.454876 -1.83343 -0.474684 3
0.00949889 -0.116298 -0.0589681 3
0.207625 -0.588174 -0.34198 3
0.0464616 -0.0291304 -0.0116773 3
0.700158 -2.94096 -1.71668 3
0.855137 -4.15289 -2.30115 3
0.110321 -0.110773 0.0375874 3
-0.0367936 -0.0371394 0.0413715 3
-0.0782694 -0.10632 -0.129467 1
0.736117 -0.764479 0.609423 1
0.256877 0.294202 0.1843 1
0.778426 -0.20562 -0.744278 1
-0.583874 1.32741 -0.117242 1
-0.0412863 -0.083528 0.377374 1
-0.132604 -0.0172877 -0.0819409 1
