# 1 = ball
# 2 = lepton
# 3 = photon
# 4 = PID > 100
# 5 = neutrino
# 6 = other
0.0190072 0.00524775 0.128625 3
0.00179719 -0.00148243 0.00207795 3
3.01211e-06 -5.0812e-06 -0.000370134 3
5.07558 1.08656 -0.374897 4
1.6008 0.579921 -0.485827 4
-0.656186 -0.337778 0.565607 4
0.0166472 -0.031958 -0.0577905 4
-1.81701 -0.651568 0.153599 4
-4.85438 -1.29358 0.368914 4
9.79671 -0.126304 -1.56848 4
3.09824 0.485888 -0.546376 4
3.20942 0.299205 -0.172462 4
1.12799 0.177629 -0.269037 4
1.67225 0.464222 -0.299263 4
0.481556 0.280656 0.655285 4
-0.205872 0.970918 0.395452 4
-1.73254 0.859458 1.83978 4
-3.35796 -0.321774 0.227584 4
5.7627 0.574056 -0.628765 4
1.39765 -0.1302 0.029785 4
3.9153 0.180797 -0.00441309 4
-0.217312 0.3056 -0.0473303 3
-0.303607 0.231834 -0.109519 2
-0.00794194 0.00672667 -0.00713408 2
-1.96792 -0.768924 -0.0715541 3
-0.309781 -0.122636 0.0423549 3
-0.328407 -0.0791072 -0.0203038 4
-1.72019 -0.148471 0.151 4
-0.424032 -0.26827 0.0505288 3
-4.15388 -0.828428 0.0503279 3
-0.597237 -0.259711 0.0332157 4
-2.23153 -0.190201 0.361446 4
0.654675 -0.275787 0.127955 3
0.21632 -0.148628 0.112463 3
-0.417507 0.170011 0.00918606 3
-0.109549 0.112748 -0.0440462 3
-0.524593 -0.047875 -0.0330562 3
-7.21037 -1.0458 -0.77892 3
0.795286 0.174144 -0.0241616 3
1.71098 0.174415 -0.0612277 3
-1.80224 -0.296155 0.0520314 3
-3.22458 -0.583249 0.266575 3
-1.02149 -0.288894 -0.00256977 3
-0.655288 -0.0766216 -0.0192712 3
-0.56138 0.574162 -0.569336 1
-0.55585 -0.240887 0.371107 1
0.107592 0.0878332 0.0940575 1
-0.144543 -0.140015 0.189464 1
0.0378603 -0.23667 0.16084 1
-0.163648 1.61151 -0.657363 1
0.578471 -0.472561 0.414219 1
