# 1 = ball
# 2 = lepton
# 3 = photon
# 4 = PID > 100
# 5 = neutrino
# 6 = other
0.332615 0.473866 -0.656204 4
1.97995 -1.11272 -1.08118 4
-6.97345 -1.41257 4.50568 4
-2.49445 -1.22067 1.68415 4
-1.93984 0.553195 1.74301 4
-1.79437 2.3356 1.26574 4
-1.10699 0.760174 -0.81634 4
-0.811969 1.0537 -0.524969 4
1.80866 -3.02077 -2.8813 4
2.84465 -3.4683 -3.86496 4
7.28864 0.0518847 -3.505 4
1.19303 0.167913 -0.165871 4
-0.565779 0.78229 -0.364036 4
-1.17928 1.53257 0.262941 4
0.595238 -0.409483 -0.593782 4
0.302976 -0.46017 -0.970169 4
-1.40143 0.202373 1.21856 4
-0.344005 -0.0833748 0.477506 4
-1.55837 0.253292 1.33645 4
-1.06853 0.339479 1.09926 4
-0.622338 0.439763 0.595467 3
-3.65308 2.20696 3.21938 3
-0.0495627 -0.027555 0.00396175 3
-2.73247 1.61887 3.12463 3
0.768144 -0.0369401 -0.386344 3
7.46974 -0.767492 -3.65286 3
1.64087 0.0171766 -0.674438 3
4.03367 -0.110008 -1.81857 3
0.154138 -0.0423614 -0.127313 3
0.042716 -0.0293461 0.0337571 3
-0.966561 -0.11832 1.06042 3
-0.459487 -0.0181035 0.634948 3
-0.858139 0.236359 0.53334 3
-0.490324 0.135131 0.191341 3
0.408473 -0.0138166 0.0706858 1
-0.202927 -0.737375 -0.020607 1
0.362373 0.471608 -0.177071 1
-0.0248556 -0.164782 0.0624405 1
-0.00498458 -0.031269 0.0018405 1
0.155471 -0.89895 -1.03123 1
-0.0848781 0.0160587 -0.59752 1
0.00671193 0.536103 0.784242 1
