# 1 = ball
# 2 = lepton
# 3 = photon
# 4 = PID > 100
# 5 = neutrino
# 6 = other
1.78167 2.49219 24.3242 2
-3.22324 -4.60585 -33.551 2
0.00620753 0.000925311 0.0940719 3
-0.653634 -0.933804 -6.80276 3
-0.000233874 -0.00033414 -0.0024344 3
0.00896345 1.08738 1.86269 4
0.780327 0.859713 5.23531 4
0.168812 0.280121 1.05994 3
2.01063 0.766639 6.71097 3
0.040692 -0.468093 -0.516823 1
-0.190391 -0.0802517 0.206319 1
-0.156793 -0.0487196 0.411021 1
-0.0579134 -0.0715164 -0.0406055 1
0.0295284 -0.222684 -0.180247 1
-0.10534 -0.0193979 0.495751 1
-0.0308975 -0.0767458 0.0418521 1
0.0146606 -0.0747899 -0.380683 1
-0.0357898 -0.0209449 0.00806424 1
-0.00317953 0.0208207 0.0153647 1
0.0761634 -0.155651 -0.0600745 1
-0.181078 -0.177778 -0.0305256 1
-0.260653 0.209234 0.0242201 1
0.0591675 0.0138433 0.13885 1
-0.0189563 0.156167 0.306731 1
0.0626293 0.0202239 0.0510733 1
-0.12471 -0.0460919 -0.0332076 1
0.086516 -0.0442719 0.123268 1
-0.101945 0.0203853 -0.0935053 1
-0.155315 0.273951 -0.0008815 1
-0.177765 0.015671 0.456175 1
-0.0223587 -0.0710128 -0.0289218 1
0.0266159 0.153109 -0.00903246 1
0.0475482 0.360589 0.266263 1
0.0399549 -0.130792 7.46932e-05 1
0.0204926 -0.00674073 0.000836112 1
0.0378342 -0.0308656 -3.78545e-05 1
0.0287736 0.264967 -0.27543 1
-0.000635972 -0.12309 -0.113322 1
0.0364654 -0.0817569 0.0344242 1
0.0815725 0.0554968 -0.00778176 1
-0.12569 0.162721 0.122791 1
-0.0372419 0.0653248 0.00522686 1
0.111169 -0.0630187 -0.0240441 1
0.0719711 0.00891022 0.0357821 1
0.15962 0.127511 0.181018 1
-0.124226 0.138317 -0.0609637 1
