# 1 = ball
# 2 = lepton
# 3 = photon
# 4 = PID > 100
# 5 = neutrino
# 6 = other
-7.86393e-06 2.51063e-07 0.000214369 3
-0.309099 0.1164 -0.0520029 4
-0.570232 2.35315 1.90969 4
0.454198 0.451867 0.877816 4
-0.45627 -0.758029 -0.40936 4
-0.138905 -3.11344 -1.73315 4
0.102321 0.175771 0.0283607 4
-0.221297 -0.483928 -0.213501 4
0.476167 1.05398 0.322608 4
-0.386907 0.162569 0.160778 4
0.102837 0.692606 0.448824 4
-0.158231 0.290067 0.514577 4
0.0720154 1.49872 0.868406 4
0.0882677 0.228845 -0.0525592 4
0.0711228 0.902021 0.910911 4
-0.0757254 0.206574 0.200022 4
-0.00172661 0.00951263 -0.0087252 3
-0.0053299 -0.195935 -0.145934 3
-0.0367998 0.103351 0.10172 3
-0.434853 1.02101 0.515385 3
-0.137509 0.269042 0.00400798 3
-0.0955272 0.274394 -0.124939 3
0.0165442 -0.0179177 0.00533532 3
0.322711 -0.0063301 -0.383608 3
0.0757724 0.0208053 0.0781549 3
0.154007 0.198864 0.0430454 3
1.43792 3.64239 1.5794 4
1.5149 2.14023 1.14625 4
0.435331 1.24657 1.25179 4
-0.58137 -2.61105 -1.40809 4
-0.446599 -1.27631 -1.5138 4
-0.412044 -0.408907 -0.874187 2
-0.593849 -1.25552 -0.975853 5
-0.892905 -5.02238 -2.60739 4
-0.138353 0.184804 0.0892887 3
-0.0334138 0.286173 0.0942169 3
1.08492 8.15199 7.36412 3
0.120435 0.993886 0.958663 3
-0.310133 -2.10562 -1.96232 4
-0.610146 -2.54662 -1.97748 4
-0.827276 -2.22213 -1.65033 4
-1.25072 -4.56861 -4.26556 4
0.500133 0.199463 0.665711 1
0.294846 0.157969 0.159366 1
-0.0321935 0.423439 -0.243934 1
-1.37853 -0.696976 0.375929 1
-0.333155 -0.107739 -0.299737 1
0.0450639 0.0388876 -0.01241 1
0.325795 -0.135715 0.717561 1
0.434716 -0.0246148 0.140968 1
-0.173654 0.00508971 0.759118 1
-0.0540183 0.157826 -0.244699 1
0.294788 -0.24274 -0.28693 1
0.723078 1.09797 -0.13987 1
1.34498 -0.666327 -0.0834128 1
0.449985 0.327838 0.0536491 1
-0.278112 -0.0542204 0.0492548 1
0.0799579 0.432847 0.0588912 1
0.0858782 -0.0999604 -0.0105249 1
-0.246428 0.495603 0.261941 1
-0.0889112 -0.0370719 0.328742 1
-0.114461 -0.0894499 0.127146 1
-0.0201627 -0.794681 -0.194283 1
0.19728 0.419576 0.441627 1
-0.151991 -0.229142 -0.212507 1
0.148524 0.0437092 -0.0271838 1
0.0345687 0.221663 0.185371 1
-0.320273 -0.297734 -0.230415 1
-0.0996807 -0.0948249 -0.0975744 1
0.467181 -0.571758 -0.587664 1
-0.0819468 -0.0454133 0.403301 1
-0.0968831 0.41392 -0.151954 1
0.0412841 0.336192 0.11129 1
-0.0124641 -0.07162 -0.0433621 1
-0.0845189 0.100373 0.019749 1
0.288392 -0.279476 -0.129556 1
0.230566 -0.418557 -0.154161 1
0.18122 0.00261501 -0.822504 1
-0.00508834 0.00016245 -0.00173522 1
