# 1 = ball
# 2 = lepton
# 3 = photon
# 4 = PID > 100
# 5 = neutrino
# 6 = other
0.00396302 0.00714782 -0.0945196 3
1.60042 7.54826 3.2695 4
0.689796 3.41227 0.731717 4
0.851732 1.46781 0.714619 4
2.10178 3.5174 0.604444 4
0.647088 0.64661 -0.278547 4
1.65392 1.77099 -0.480566 4
0.0452286 0.705692 -0.0728166 4
-0.85765 -2.3687 0.267056 4
-0.343789 -1.18599 -0.358504 4
-3.76819 -14.6852 -2.92097 4
-0.158103 -0.745861 -0.134977 4
2.4582 3.08701 0.0280799 4
0.371922 0.843489 -0.0900245 4
-0.683549 -0.753702 0.161617 4
-0.191592 -0.493822 0.392641 4
-1.3208 -1.20178 0.110457 4
-1.01199 -3.11905 -1.01846 4
-0.380111 -0.343768 -0.0735216 4
1.27857 4.06366 1.66907 4
1.29885 5.42952 2.25322 4
0.0986671 0.275158 -0.0161448 3
0.540353 1.98929 -0.435928 3
-0.61914 -1.01444 -0.38952 3
0.0521688 -0.191045 -0.266709 3
-0.398088 -0.5022 -0.172221 3
-0.263279 -0.496125 -0.229245 3
-0.33433 -2.0722 -0.192065 4
-0.904651 -3.06348 -0.557014 4
-0.128765 0.00695438 -0.0811243 3
0.0149292 0.0220925 -0.0952376 3
-0.686164 -0.613613 -0.415404 3
-0.0543943 -0.111502 -0.0417452 3
-0.0576925 -0.172103 -0.0898591 3
-0.561029 -1.10695 -0.291819 3
0.0945453 0.887393 0.26595 3
0.0431304 0.0581321 0.0272131 3
-0.236105 -0.44907 -0.193876 3
-0.0298041 -0.216643 -0.0356188 3
-0.253703 -0.226502 -0.0359796 1
-0.594133 -0.134572 -0.609953 1
0.671619 0.0303576 -0.211763 1
-0.544481 -0.00611673 -0.0747475 1
-0.00861789 -0.0597299 -0.341772 1
-0.0659622 -0.0705298 -0.417704 1
-0.591368 -0.45577 -0.00782023 1
-0.00155627 -0.00338022 -0.0132544 1
-0.0398551 -0.324585 0.451831 1
0.453335 -0.396395 0.983244 1
-0.430795 -0.0132778 -0.0772204 1
-0.00292756 -0.101859 -0.0477109 1
0.10701 -0.115266 0.23029 1
-0.0229674 0.0781492 -0.0696008 1
0.108466 0.237542 -0.273979 1
0.0657501 -0.0926044 0.000845591 1
0.164989 1.13633 -0.726875 1
-0.048976 0.0109205 0.232737 1
-0.178106 -0.177544 -0.210475 1
0.356238 -0.146766 -0.249222 1
