# 1 = ball
# 2 = lepton
# 3 = photon
# 4 = PID > 100
# 5 = neutrino
# 6 = other
-0.731261 -2.32622 -2.30109 4
0.0186543 0.648388 0.0421881 4
0.200706 0.280994 1.18533 4
1.18102 1.51468 2.60656 4
-0.00133006 0.219075 0.134185 4
-1.36874 -3.95679 -4.39757 4
-0.281356 -0.203606 -0.294263 4
0.256628 0.685923 1.25116 4
1.89917 4.4138 5.2866 4
-0.0964373 -0.727075 -1.39445 2
-2.44815 -6.92021 -7.74826 5
-0.351706 -0.898929 -1.36549 3
-1.4835 -2.92006 -3.1545 3
-0.0221919 -0.729615 -0.366325 4
0.0235611 -0.225929 -0.514618 4
-0.03695 0.125003 0.0486255 4
-0.273898 0.12741 0.480561 4
0.102482 0.156491 -0.0720294 4
-0.0899345 0.113834 0.0182118 4
0.162863 0.106353 0.0955811 3
0.0284143 -0.0394631 0.0312329 3
0.0712971 0.351031 0.585719 3
0.552727 2.15339 3.06366 3
-0.0225657 -0.0626968 0.0190035 3
0.118038 -0.089382 0.159547 3
0.369117 1.38576 1.89575 3
0.0627962 0.168798 0.319902 3
0.835036 5.22726 5.75758 3
0.516886 2.97034 3.41806 3
-0.95106 -3.08746 -3.00724 4
-0.00629726 0.00981169 0.0297189 3
-0.0732571 -0.100925 -0.110062 3
0.0820131 0.138992 0.340094 3
-0.00327326 0.285315 0.413331 3
-0.0239487 0.0313258 -0.0310508 3
-0.0735986 0.075381 0.141304 3
0.386492 0.962777 -0.470194 1
0.0322406 0.202879 -0.0829072 1
-0.402142 -0.390469 -0.00395539 1
0.645292 0.443596 0.440413 1
-0.405115 -0.362085 0.172277 1
0.0502835 -0.183722 -0.0446543 1
0.541139 0.746608 -0.475375 1
-0.153864 -0.205839 0.157378 1
0.082738 0.0888736 -0.0381346 1
0.0209977 -0.433349 -0.134628 1
0.160237 -0.334117 -0.019013 1
0.253353 -0.100347 0.834329 1
-0.461022 -0.297229 -0.902563 1
0.425962 0.256119 0.275231 1
-0.953028 0.542951 -1.15635 1
-0.0369635 0.377196 -0.344571 1
-0.102433 0.0274015 0.199184 1
1.18037 -0.048812 -0.224275 1
0.0596316 0.0182813 0.0495746 1
0.737568 0.672333 -0.0263526 1
-0.0417903 0.0656016 0.128059 1
0.036376 -0.319143 0.164682 1
-0.516992 0.0878388 -0.0141622 1
-0.0107243 0.0436868 0.221401 1
0.208943 -0.178556 0.0756621 1
-0.0902454 -0.0432638 -0.0893002 1
0.468232 -0.168195 -0.394803 1
-0.384981 5.5987e-05 0.192944 1
0.51679 0.216562 -0.408163 1
-0.128258 0.167573 -0.0829372 1
-0.485181 0.056802 0.0293492 1
0.440152 -0.0757205 -0.453861 1
-0.0409398 -0.763145 -0.703403 1
-0.175067 0.0258632 0.562146 1
