# 1 = ball
# 2 = lepton
# 3 = photon
# 4 = PID > 100
# 5 = neutrino
# 6 = other
0.0128646 0.00568523 0.240368 3
9.65928 0.565372 -2.2896 4
0.156371 0.191051 -0.311836 4
0.133702 0.607778 -0.273383 4
0.0283901 0.556794 -0.436121 4
-0.112908 -0.336868 0.207956 4
-9.14978 -1.31927 3.25936 4
-7.0379 0.00892391 2.66604 4
-1.21718 -0.0947519 0.2676 4
-9.32222 -0.970568 2.91443 4
7.92247 0.490461 -1.60653 4
14.343 1.03129 -2.01008 4
1.41921 0.497879 -0.426799 4
0.642479 -0.200907 -0.288836 4
-0.633245 0.409564 -0.617315 4
-0.725928 0.225005 -0.195301 3
-0.720638 -0.180816 0.173337 3
0.115296 -0.0315462 -0.0229607 3
-0.0388928 -0.0208553 -0.0110136 3
-0.0366674 0.0484336 -0.000373705 3
-0.194347 -0.0379354 0.128813 3
-0.057607 0.133095 0.0401914 3
-0.136091 0.0231243 0.0343137 3
-0.409611 0.149424 0.27769 3
-0.985801 -0.191562 -0.0215864 3
-0.103484 -0.0163032 0.250295 1
-0.786417 0.194654 -0.248213 1
0.0138127 0.21078 -0.38225 1
-0.875356 -0.327335 0.0635595 1
-0.959643 0.125516 -0.515073 1
-1.27077 -0.0506493 0.00570719 1
0.0214997 -0.0803829 -0.0753924 1
0.0981277 0.414548 -0.500257 1
0.279918 0.519933 0.0273331 1
-0.413449 -0.0204278 0.701 1
-0.0618013 -0.396047 0.149238 1
0.0376244 -0.368293 -0.348373 1
-0.285123 -0.0293738 0.308029 1
0.104664 0.128786 0.046744 1
0.704907 -0.503583 -0.097381 1
-0.137452 -0.0585533 -0.10463 1
-0.120154 0.0915608 0.0220155 1
-0.517152 1.04888 -0.660969 1
0.548054 -0.868987 -0.631687 1
0.0128384 0.103792 -0.141631 1
0.00562917 -0.223331 0.127119 1
-0.598101 -1.25985 -1.04962 1
-0.125067 -0.227283 -0.0964674 1
-0.37844 -0.235275 0.291963 1
0.740201 0.51167 0.396635 1
0.698075 0.532427 0.393959 1
-0.589411 -0.389312 0.715192 1
0.327516 -0.136576 0.379896 1
-0.155851 -0.397561 -0.661311 1
0.13053 0.147784 -0.0637882 1
