# 1 = ball
# 2 = lepton
# 3 = photon
# 4 = PID > 100
# 5 = neutrino
# 6 = other
-2.10407 -0.718872 -1.95161 3
0.258158 -0.407364 0.93675 4
-0.00945872 0.0486917 0.683769 4
0.63421 -0.175219 0.698305 4
-0.001677 -0.21192 0.103216 4
-0.209543 0.427928 -0.40902 4
0.620992 0.380526 1.31596 4
0.355906 0.723706 -0.120175 4
0.219439 0.888146 1.57551 4
0.524022 0.140663 2.11262 4
0.848002 -0.324001 2.8889 4
-0.180611 0.151253 0.247404 4
0.534421 -0.280059 3.27848 4
-1.34917 0.0953825 -0.48655 4
4.47014 -0.220464 -5.76214 4
0.118393 -0.0693095 -0.180684 3
0.276042 0.139303 0.291336 4
0.0847198 0.187169 0.555957 4
0.120983 0.525994 0.747434 3
0.197029 0.590423 1.10823 3
0.140791 -0.172157 -0.0898264 3
0.118988 -0.178321 0.570813 3
-0.149487 -0.00388084 0.142918 4
-0.263148 -0.132055 0.25772 4
-0.945016 -1.20596 1.37754 4
-0.251597 -0.00894441 0.0383067 3
0.017656 -0.0690288 0.0365412 3
-0.101552 -0.144569 -0.0625989 3
0.025238 -0.0341933 0.0806135 3
0.0239633 0.122609 0.32309 3
0.408167 0.456322 0.862666 3
0.770817 0.742643 1.24811 3
0.235737 -0.27047 1.22255 3
0.366054 -0.318163 1.21411 3
0.000909378 0.00929335 -0.0220532 3
-0.0869249 -0.00838159 0.184399 3
0.272919 -0.14889 -0.808865 4
0.387212 -0.685379 -0.63158 4
0.842148 0.280913 -0.799621 4
0.814834 0.319712 -1.12959 4
2.48312 -0.348829 -5.89439 3
0.461989 0.759974 1.29916 3
0.365435 0.403535 0.836357 3
0.111628 -0.36631 0.335924 3
-0.249841 0.0328427 0.436833 3
-0.257498 -0.219064 0.160561 3
-0.13604 -0.0929351 0.197104 3
0.291429 -0.393604 -1.07315 3
0.150417 -0.111101 -0.280263 3
1.73963 0.176286 -2.87765 3
1.66598 0.0571881 -2.88235 3
0.87519 -0.231013 -1.31858 3
0.782061 -0.186968 -1.4087 3
-0.418523 0.0179965 0.054876 4
-0.119737 0.25392 -0.329899 4
-2.51508 -0.17711 0.657007 4
-3.2172 -0.706631 -0.115947 4
-0.908769 -0.15178 -0.0304458 3
-1.29645 -0.0585548 -0.00687047 3
-2.70435 0.504393 -0.323461 4
-1.29996 -0.0913927 0.0735191 4
-0.191827 -0.0502085 0.118846 3
-0.121738 -0.0167865 -0.0328182 3
-0.123997 0.00887834 -0.00562057 3
-1.0027 -0.0352577 0.326371 3
-1.41909 -0.0673615 0.302267 3
-0.272177 0.0460655 0.0641801 3
-0.0651808 0.242669 0.067534 1
0.0769756 0.059339 -0.181561 1
-0.180245 -0.0886679 0.322896 1
-0.112802 0.0968677 -0.0642571 1
0.091191 0.0569834 0.0363778 1
-0.0310395 -0.051234 0.0118083 1
-0.0811322 -0.0358426 -0.159651 1
-0.0107011 -0.0567649 0.0256436 1
0.0451453 0.0884085 -0.173337 1
-0.0237595 0.0176759 0.0198201 1
0.0032281 0.0432306 -0.0594802 1
-0.173131 0.143645 -0.0354965 1
0.0879645 -0.0129935 -0.0142313 1
-0.0304843 0.0241913 0.1436 1
-0.0161376 0.0663227 -0.039725 1
0.0233174 0.0183725 0.00501608 1
0.0210148 -0.104779 0.0397884 1
0.011947 0.180783 0.31987 1
-0.163164 0.0774166 0.035194 1
-0.0520538 0.0211414 0.00484875 1
-0.0225704 0.00993151 -0.0161409 1
-0.0705194 -0.195476 0.057001 1
-0.0365445 0.000502556 -0.277203 1
0.0011456 -0.000972699 -0.000110432 1
