# 1 = ball
# 2 = lepton
# 3 = photon
# 4 = PID > 100
# 5 = neutrino
# 6 = other
-3.31926 2.7972 -0.956119 4
-0.263022 0.187748 -1.50311 4
2.69546 3.89045 -1.21198 4
2.94589 5.24092 0.198929 4
-0.613856 -1.42875 0.487252 4
-0.173834 -1.66786 1.19079 4
-0.786666 -0.339388 -0.31213 4
0.684412 0.728708 -1.22515 4
0.633411 0.0760891 -0.745754 4
0.72644 0.713429 -0.971545 4
-1.51266 -3.5536 1.66776 4
-1.00323 -2.65552 1.22257 4
-0.905604 1.17438 -0.202919 4
0.226411 0.255915 -0.548452 4
1.47211 0.927922 -1.28363 4
0.0124126 -0.0116078 -0.0800127 3
0.445577 1.17532 -0.246493 3
-5.23676 -10.8035 3.7424 4
-1.3398 -4.72382 1.82001 4
-0.217691 -0.446786 0.16324 3
-0.538259 -0.904768 0.164909 3
-0.349431 -0.561412 -0.0358743 3
-0.0526615 -0.156522 -0.0658843 3
-0.0188378 0.0119961 -0.0071364 3
0.0982815 -0.129406 -0.288626 3
-0.17865 -0.772159 0.261095 3
-0.0890038 -0.705117 0.125438 3
-0.0096018 0.0248565 0.0024653 3
-0.0882574 -0.18275 0.0291018 3
1.84973 5.64371 -0.564712 4
0.297539 0.54326 -0.19482 4
3.93991 9.19805 -0.561702 4
0.697037 1.20876 -0.146956 4
-0.233947 -0.487758 0.172525 3
-1.69092 -3.9154 1.72101 3
-0.263001 -0.197792 -0.323974 1
-0.0457211 0.0444168 -0.139896 1
0.334735 -0.330408 -0.18472 1
-0.145494 -0.00708215 -0.00953188 1
0.670311 -0.336852 -0.181804 1
0.117504 -0.172371 0.0199814 1
0.0521658 0.523937 -0.822491 1
0.664974 0.39174 0.580953 1
-0.150508 -0.0904834 -0.0140835 1
0.662367 -0.177646 -0.74093 1
