# 1 = ball
# 2 = lepton
# 3 = photon
# 4 = PID > 100
# 5 = neutrino
# 6 = other
1.26907 0.138442 0.552242 4
0.00701878 0.797947 0.235219 4
0.303057 0.679662 1.68944 4
0.405378 0.0988859 0.693928 4
-0.875105 0.30221 5.7273 4
0.113085 -0.405204 0.485387 4
-0.276044 -1.88676 0.115544 4
-0.44864 -1.98772 0.580019 4
-1.61601 -2.86508 1.24871 4
0.924425 0.542815 0.851746 4
0.419837 -0.42902 2.98606 4
-0.124795 0.100544 0.248812 4
0.510692 0.0221383 1.58943 4
0.483127 -0.994122 1.55969 4
-0.869892 -1.72539 -0.586278 4
-0.832138 -0.774707 0.256445 4
-2.33869 -3.42689 -2.32698 4
-0.145118 -0.0605767 -0.109068 4
-1.33222 0.284521 -2.82823 4
-0.153066 -0.0827395 -0.124704 4
2.4939 1.60166 0.42688 5
3.88216 8.72768 1.87101 2
-0.0940332 0.209993 0.879353 4
-0.108054 0.0799585 0.316533 4
-0.138296 -0.321437 -0.0479675 4
-0.248222 -1.00798 -0.142631 4
-0.0584704 0.0220602 -0.0873949 3
0.324093 -0.0689442 0.795279 3
0.0219069 0.0223682 0.187615 3
-0.0936109 -0.0915676 0.0807763 3
-0.0149909 0.007949 -0.0394107 3
-0.727503 -0.796891 -0.559018 3
-0.426298 -0.447789 -0.43914 3
-0.0177025 -0.109294 -0.18129 3
-0.0727858 -0.00715322 -0.0317583 3
1.54953 1.46382 0.832286 4
2.22007 1.93089 0.025544 4
-0.151173 -0.0223991 0.321249 3
-0.0737423 0.0588391 0.0734314 3
-0.0373422 -0.482748 -0.245357 3
-0.0356122 -0.161763 -0.00584628 3
-0.530919 -0.506426 -2.07982 4
-1.06339 -0.224865 -2.88727 4
0.468375 0.635338 0.0920517 3
1.03849 1.73373 0.13851 3
-0.641847 -0.202642 -1.48063 4
0.00731398 -0.2808 -0.75579 4
-0.649379 0.0520206 -1.42592 4
-0.114024 -0.134223 -0.605566 3
0.0202947 -0.0364411 -0.0433575 3
-0.308922 -0.249357 -1.05242 4
-0.337467 -0.0141312 -1.54332 4
-0.522188 0.270625 -1.93832 4
-0.81779 -0.478338 -1.90684 4
-0.0942697 0.0602958 -0.181922 3
-0.109514 0.176686 -0.762564 3
0.906015 0.412465 -1.21793 1
-0.153443 -0.121371 -0.402636 1
-0.999231 -0.101467 0.0168929 1
-0.137571 -0.0698155 0.205934 1
0.0707083 -0.171503 -0.168174 1
0.327299 0.117381 0.428623 1
0.0237329 0.197065 0.694906 1
-6.06369e-05 -0.000424749 0.000715118 1
