# 1 = ball
# 2 = lepton
# 3 = photon
# 4 = PID > 100
# 5 = neutrino
# 6 = other
-7.56368e-05 0.00131541 0.00111276 3
-4.35726 -8.60149 -26.1097 5
-0.943532 -1.10754 -5.12888 4
0.204573 0.296019 0.561154 5
0.971593 1.30157 4.06256 4
1.5039 2.95295 8.53765 4
2.31066 3.87373 11.1316 4
-0.0179701 -0.0398136 -0.158412 3
-2.08979 -2.83433 -9.60747 3
0.451977 0.486298 1.83664 3
0.510948 0.75908 2.3371 3
1.15505 2.56312 7.15962 3
0.732435 1.38061 3.9889 3
0.00211857 -0.00156267 0.00753769 1
-0.0537273 -0.168459 -0.0418222 1
0.0120825 -0.0661207 0.073938 1
-0.0182256 -0.11151 0.337462 1
-0.0608522 -0.0797118 -0.100154 1
-0.0950456 0.0924969 -0.0347084 1
-0.165043 0.0875722 0.0416668 1
0.0233538 -0.216427 -0.0910003 1
0.000469165 -0.0752542 0.173712 1
0.115326 -0.118241 -0.016495 1
-0.0758231 0.0886172 0.117159 1
0.254708 -0.0860244 0.0747889 1
-0.0686979 -0.0301742 0.053968 1
0.157553 0.0175702 0.390973 1
-0.0401483 -0.033255 -0.0393064 1
0.00930747 -0.187518 0.222411 1
-0.0147459 0.0254152 -0.0890429 1
0.0596054 -0.00168933 0.0252809 1
0.057375 -0.00529408 0.129369 1
-0.163228 -0.0144709 -0.015565 1
-0.049164 0.00264899 0.0331339 1
-0.0353588 -0.016936 -0.0185765 1
-0.28435 -0.133189 0.153442 1
