# 1 = ball
# 2 = lepton
# 3 = photon
# 4 = PID > 100
# 5 = neutrino
# 6 = other
-0.000977307 -0.000962905 0.00227169 3
-0.575748 -0.144056 -0.418302 4
-0.356234 -0.204097 0.397946 4
3.29341 6.32847 2.48861 4
-0.769534 -3.03454 -0.758931 4
-1.55062 -2.8913 -1.37143 4
-1.51556 -3.23575 -1.10955 4
-0.209366 -0.233974 -0.0174572 4
-1.85808 -2.78016 -0.87508 4
0.725613 1.00871 0.939896 4
0.140996 0.645137 0.397634 4
0.665253 0.391974 0.121034 4
0.0557681 0.538343 0.0462665 4
2.2813 3.97456 0.300716 4
0.854307 1.95724 0.479756 4
-0.575031 -2.68731 -0.755655 4
-0.15622 -0.122198 -0.13603 3
-1.63618 -2.8658 -0.302175 3
-1.27703 -2.23837 -0.394564 3
-3.74711 -6.12155 -1.14185 3
-0.655373 -0.730036 -0.114938 3
-0.683559 -0.943172 -0.220213 3
-0.0945913 0.0523334 0.0547639 4
0.0169146 -0.201902 -0.172855 4
-0.0272054 0.118675 0.0224502 3
-0.078472 -0.00594124 -0.0207068 3
0.825101 1.33009 0.382396 4
-0.558025 -0.806632 -0.0332327 3
-0.346465 -0.424616 -0.110282 3
-0.109843 -0.223076 -0.0829969 3
-0.0124603 -0.0234966 -5.30915e-05 2
-0.312877 -0.585175 -0.00356783 2
-0.543421 -0.689008 -0.279009 3
-2.61325 -2.87751 -1.14376 3
0.0500806 0.0864064 0.0284641 3
0.00689478 0.011085 -0.0778466 3
-0.204421 -0.687381 -0.0762519 4
-0.0317845 -0.39819 0.00126511 4
0.144783 0.143536 -0.087101 3
0.0810862 0.0190497 -0.136714 3
8.06511 14.3461 4.18436 4
2.47222 3.46789 0.920703 4
0.0201952 0.0988609 0.0125579 3
0.209412 0.398961 0.332846 3
-0.106832 -0.0133224 -0.00210626 1
0.113003 0.0896535 0.139308 1
0.0921319 -0.0405418 0.043918 1
0.0933175 -0.275568 -0.415665 1
0.24891 0.0924962 0.390289 1
0.098141 0.225315 0.0340392 1
-0.0693018 0.00733168 0.138632 1
-0.0855385 -0.0832276 -0.00942893 1
0.10105 0.109275 -0.142802 1
0.0477409 -0.0419087 -0.670047 1
-0.202853 0.213272 -0.175252 1
0.0779489 0.0740582 0.0147062 1
0.208454 0.120151 -0.172043 1
0.0785067 0.0211143 -0.0223099 1
0.13723 0.0157255 -0.292519 1
-0.0478443 -0.0496691 0.00548376 1
-0.192099 -0.224993 -0.139649 1
-0.000956923 -0.00038661 0.00206179 1
