# 1 = ball
# 2 = lepton
# 3 = photon
# 4 = PID > 100
# 5 = neutrino
# 6 = other
0.188618 1.62067 -0.673345 4
-0.0363765 0.0214355 -0.138939 4
-0.0771431 0.0654249 0.400446 4
0.0284576 0.47221 -0.760471 4
0.344562 0.407407 0.924976 4
-0.718238 -0.85254 1.45211 4
-0.768796 4.92252 -2.32085 4
0.0349535 3.44315 -2.45759 4
-0.109639 0.249732 -0.264062 4
0.254297 0.847539 1.11935 4
0.12974 0.889317 3.29474 4
-0.143033 0.0246762 0.117325 4
0.0611601 0.474263 0.63083 4
0.309368 -0.0592028 0.121285 4
-0.119197 0.10301 -0.0747866 3
-0.0974539 0.228776 -0.331779 4
-0.0661601 0.473048 -0.401157 4
0.0195761 0.371077 -0.770683 3
-0.0291823 0.126111 -0.139339 3
0.188194 0.72196 0.325605 4
-0.131279 1.46645 0.330616 4
0.16193 -0.261761 0.132312 3
0.341739 -0.538817 0.680505 3
0.124541 -0.146929 0.115834 3
-5.30939 5.76523 -5.47882 4
-0.0792073 0.160875 -0.159214 3
-0.135608 0.650263 -0.347056 3
-0.020202 0.177933 0.114758 3
-0.0207408 -0.0225613 0.0233075 3
0.106671 0.0162529 0.048411 4
-0.104613 0.232394 -0.156504 3
-0.339949 0.547279 -0.180439 3
1.32913 -1.66531 1.07749 4
-0.0996434 -0.0980817 -0.226302 4
-0.113295 0.394084 -0.232271 4
-0.294676 0.111426 -0.663309 3
-0.324417 -0.0936057 -0.0197989 3
0.0108708 -0.00359238 -0.00875087 3
0.359308 -0.752918 0.323177 3
1.31548 -2.90347 1.06968 4
0.268617 -0.913038 0.125081 4
0.074503 -0.371334 0.0989553 3
0.205699 -0.434165 0.228734 3
0.346926 -0.958274 0.314395 3
0.265611 -0.470534 0.125506 3
2.14442 -5.71435 2.16522 4
0.581343 -0.449182 0.0844316 3
0.0193755 -0.0532748 -0.013774 3
0.514746 -0.87158 0.290974 3
1.52575 -3.05894 1.03959 3
0.214641 -0.29901 0.241652 3
0.0908327 -0.302401 0.128766 3
0.212047 -0.509642 0.216802 3
0.329734 -1.30369 0.609518 3
0.851779 -1.89907 0.627866 3
0.266689 -0.730314 0.60827 3
-0.119464 0.380712 -0.067385 1
0.516999 -0.0537779 0.236906 1
0.0377778 0.0219399 -0.0600007 1
0.2888 0.132897 -0.321893 1
-0.625289 0.542032 -0.593741 1
0.22796 -0.458288 -0.458825 1
-0.41884 0.28194 -0.582923 1
-1.1358 0.647196 -0.0509427 1
-0.305251 0.304924 -0.269703 1
0.238031 -0.0749049 -0.719436 1
-0.190113 -0.167339 0.183476 1
-0.256088 -0.255356 -0.443501 1
0.0768574 -0.166237 0.314984 1
0.152247 0.198173 0.200486 1
0.454246 -0.327372 -0.10322 1
0.0211498 -0.0131904 0.00380575 1
-0.381201 -0.0639951 0.413458 1
0.0229414 0.0849057 0.0504778 1
-0.178617 0.118641 -0.461879 1
-0.102127 -0.241282 -0.393454 1
0.248805 -0.37809 0.454714 1
-0.296319 -0.185496 -0.624059 1
-0.21508 -0.141254 -0.0938494 1
-0.187822 -0.143785 0.0363066 1
-0.345947 0.0761018 -0.305806 1
-0.638357 0.00395146 -0.329277 1
-0.343524 -0.26236 0.295043 1
0.00517378 -0.221795 -0.446133 1
-0.0383888 -0.0153183 0.0129617 1
0.133033 0.748361 0.280316 1
-0.253124 0.0631311 0.203186 1
-0.0173651 0.128819 -0.198239 1
0.0934861 -0.309625 0.00937352 1
-0.406758 0.0504632 -0.355486 1
-0.0314866 0.38356 0.680552 1
0.234505 -0.116347 0.311535 1
-0.0183345 0.0068162 -0.0181834 1
-0.210594 -0.46874 0.154729 1
-0.0343918 0.254442 -0.0368967 1
0.0110277 0.409924 -0.30166 1
-0.103842 -0.0198127 -0.00172453 1
0.00800386 -0.00147624 0.00664382 1
