# 1 = ball
# 2 = lepton
# 3 = photon
# 4 = PID > 100
# 5 = neutrino
# 6 = other
0.00105681 -0.0142732 -0.606922 3
4.27316 2.99025 -3.54915 4
2.21329 2.46388 -2.63987 4
-0.147369 -0.293408 -0.000166829 4
3.15153 2.85062 -2.66667 4
1.8454 2.07183 -1.9854 4
1.27173 0.624031 -0.781816 4
-0.0990472 1.09996 -1.23051 4
-0.0742719 1.01599 -1.77774 4
0.497123 0.564194 0.00358064 4
-0.480705 1.15158 -1.2635 4
-0.26292 -0.18225 0.255949 4
-0.0471507 -0.296319 0.0631266 4
-1.31191 -1.24381 1.94376 4
1.4742 1.13025 -0.252231 4
-0.0849883 0.183611 -0.173381 4
-0.140211 0.059067 -0.012869 3
-0.149167 0.0475821 -0.167315 3
0.320051 0.0295429 0.0279082 3
0.218737 0.0370101 0.13639 3
-0.294662 -0.262807 0.234237 3
0.0734924 0.142225 -0.0849595 3
-0.0230164 -0.00352355 -0.0641348 3
0.226927 0.223157 -0.0329318 3
0.151775 0.030281 0.01597 3
0.0132359 0.0687596 0.0482668 3
0.0967434 0.086648 -0.0747083 3
-0.0976704 0.0278713 0.203888 3
-0.0292611 -0.0868774 0.235173 3
0.430594 0.357644 -0.347135 4
1.37276 1.08806 -0.901228 4
-0.076852 -0.0322218 -0.0760775 3
-0.156962 -0.0461249 0.0458444 3
-0.0967199 -0.00802282 -0.0594013 3
-0.159801 0.15267 -0.0360015 3
-0.0224066 0.00660772 0.0350476 3
0.00377168 0.0125555 -0.117635 3
-5.02967 -4.60611 4.86237 4
2.19719 1.99509 -2.06901 4
-4.44971 -4.58141 4.29765 4
-0.580371 -0.644452 0.55525 3
-1.33268 -1.74862 1.10627 4
-1.15331 -0.880573 1.2554 4
1.10486 1.48948 -0.6803 4
0.456192 0.0903795 -0.305503 3
0.0420231 0.043595 -0.085797 3
1.72556 1.01714 -1.31552 4
-0.0276055 -0.082085 0.0530645 3
0.0735249 -0.00228339 0.00405331 3
-0.120881 -0.0673157 0.0526494 3
-0.432968 -0.444454 0.493049 3
0.321646 0.120745 -0.190656 3
0.225233 0.0205253 -0.029214 3
0.188326 0.0120776 -0.0955557 3
0.0188273 -0.0381612 0.0217894 3
-2.08532 -2.18106 2.99106 4
-4.24919 -4.28335 3.61054 4
-0.266558 -0.20624 0.202582 3
-0.931872 -1.05872 0.924769 3
0.447482 0.0980593 0.186008 1
0.191799 -0.194971 0.0887413 1
0.0194863 0.0153716 -0.0985963 1
0.0863971 -0.0998888 -0.0857579 1
0.0323958 -0.0179192 -0.0652194 1
-0.0338627 0.108363 0.182886 1
0.0207204 -0.0134826 0.191071 1
-0.0759628 -0.0724464 0.154077 1
-0.0187396 0.0252362 -0.164704 1
-0.154078 -0.0169845 0.085336 1
0.0363225 0.0965708 -0.124712 1
0.0888482 0.0256638 -0.050694 1
-0.0417591 0.0669888 -0.0180519 1
0.0284258 0.0736325 -0.0188341 1
0.0299207 0.0161208 -0.0908579 1
-0.331975 -0.00375712 -0.0332196 1
-0.0213949 0.0257925 -0.0142361 1
-0.00208963 0.000677742 0.0088962 1
0.0180857 -0.271951 -0.132361 1
0.164112 0.302384 0.0495558 1
-0.05786 -0.173909 -0.0556456 1
