# 1 = ball
# 2 = lepton
# 3 = photon
# 4 = PID > 100
# 5 = neutrino
# 6 = other
-0.000985358 -0.000560854 0.0019181 3
-3.63738 -1.4596 -7.07859 4
-2.72719 -1.69819 -5.48257 4
0.0379856 -1.50245 -1.27604 4
0.663516 0.249523 2.35488 4
0.483832 0.43985 1.01268 4
0.20302 -0.209627 0.335127 4
0.120223 0.553737 0.380995 4
-4.00719 -2.02898 -7.57014 4
-0.5292 -0.110243 -1.34563 4
-0.932738 -2.25888 -4.51189 3
-0.672306 -1.51438 -3.27972 3
0.326853 -0.0240527 -0.12949 3
0.130819 -0.0365206 0.0292494 3
-0.842593 -0.148045 -1.78815 3
-0.477838 -0.119798 -0.825454 3
-0.837866 -0.083048 -1.55095 3
-1.58744 -0.217647 -2.59935 3
4.86784 3.98231 11.0543 4
3.7253 2.95706 9.86658 4
0.852993 0.574381 1.988 4
3.30368 3.1288 7.45981 4
0.162458 0.0617771 0.316967 3
0.58614 0.52499 1.43105 3
-0.0643148 -0.0233863 -0.0992712 1
-0.00442202 -0.0113571 0.0508779 1
-0.561597 -0.00676566 0.279984 1
0.293065 -0.385769 0.0896958 1
0.346161 -0.0831872 0.149366 1
-0.0388273 -0.127255 0.244856 1
0.0714158 0.770483 -0.0279259 1
0.317599 -0.0675765 0.65084 1
0.57877 -1.18332 -0.218942 1
-0.149771 0.0577194 0.0869851 1
