# 1 = ball
# 2 = lepton
# 3 = photon
# 4 = PID > 100
# 5 = neutrino
# 6 = other
0.000465832 0.000728989 0.000196659 3
2.19244e-07 2.78059e-06 -0.000267764 3
3.19066 -10.492 2.75781 4
0.655179 -1.21932 0.32861 4
0.0665375 -1.10092 0.0702822 4
-0.223358 -0.386628 0.316262 4
-0.178918 -1.08052 1.11964 4
-0.42163 -0.609922 -0.271271 4
-0.241672 -0.384936 -0.0359733 4
-0.524732 1.69055 -0.0142947 4
0.00592571 0.175398 -0.333791 4
0.0627132 0.285281 -0.340647 4
-0.636123 2.08914 -0.173268 4
-0.192539 1.5702 -0.244588 4
-0.328886 6.24389 -1.23055 4
1.31603 -5.17216 0.876956 4
0.148275 -3.19323 0.126263 4
-0.457795 -0.784865 0.0741965 4
0.247044 -2.38103 0.75607 4
0.0472691 -0.218249 -0.150915 4
0.592418 -0.451979 0.618227 4
-0.1839 0.0610608 0.233997 4
-0.579708 -0.240165 -0.37863 4
-0.304961 1.06405 -0.191402 4
-1.46841 5.74056 -1.28777 4
0.779508 -1.71844 0.458787 4
0.412508 -0.724077 0.00198624 4
-0.162879 -0.269051 -0.0420071 3
-0.118671 -0.0515672 0.0192073 3
0.00930346 -0.649426 -0.0116734 3
0.0525509 -0.128817 -0.0380903 3
-0.0658316 0.433014 -0.523044 3
0.00191126 0.330211 -0.248437 3
-1.05241 8.94272 -1.42268 4
0.0109688 0.0287144 -0.0262883 3
-0.770973 3.45677 -0.803119 3
-0.788515 4.21717 -0.979265 3
-0.0470834 -0.794559 0.134304 3
0.0781161 -1.27319 0.139585 3
-0.150635 -0.54327 0.272226 3
0.00897289 0.00217713 0.0135452 3
0.00551288 0.00600412 -0.027933 3
0.327333 1.01212 -0.743889 3
0.127855 -0.488859 0.00782758 3
0.819471 -2.14404 0.17685 3
0.437162 0.104804 -0.0946574 1
0.201588 -0.0468344 -0.0497667 1
-0.23174 -0.0501348 -0.519357 1
0.18374 0.0795122 -0.159884 1
-0.102176 -0.0263507 -0.284211 1
-0.147991 -0.158101 -0.169909 1
-0.185394 0.195488 -0.0266997 1
-0.379877 0.316263 0.300596 1
0.396103 -0.0354198 0.156879 1
-0.14996 -0.541132 0.180746 1
-0.189634 0.285152 0.646906 1
-0.246267 -0.261136 -0.723684 1
-0.245906 -0.286868 0.299487 1
0.126961 0.15326 0.508652 1
0.734468 0.555189 0.825342 1
-0.379374 -0.246454 -0.0545149 1
0.332403 -0.173935 -0.155286 1
-0.0430647 -0.508883 0.334428 1
-0.177655 -0.220585 0.0499609 1
-0.000294132 0.0176337 -0.0480597 1
