# 1 = ball
# 2 = lepton
# 3 = photon
# 4 = PID > 100
# 5 = neutrino
# 6 = other
-1.62188 -0.332285 1.00203 3
0.00109367 0.000195001 -0.000667081 3
-15.0822 -30.6403 20.5679 5
-0.815252 -1.2613 0.577286 4
9.59403 19.0755 -13.4552 5
4.24838 6.58621 -4.46459 4
2.58347 4.66379 -3.18219 3
0.935883 1.70397 -1.25594 3
-0.120504 0.059403 -0.0160642 1
-0.101714 0.0448259 0.00899049 1
-0.0391021 0.0439049 -0.0412687 1
0.0785317 -0.097957 -0.110232 1
-0.0149545 0.110778 0.0191218 1
0.141875 0.0472791 0.0414216 1
0.15018 -0.0431421 -0.123806 1
0.0693565 0.115877 -0.0128869 1
0.696239 -0.163398 0.518533 1
-0.0430533 0.0979881 -0.00874212 1
-0.12739 -0.0206211 -0.0570943 1
0.048911 -0.00887453 0.107555 1
-0.108482 0.0946779 -0.00594252 1
-0.231515 0.0462926 -0.172885 1
-0.0659675 0.127926 0.109642 1
-0.204198 0.0785589 0.00109315 1
0.234571 -0.129447 0.0959936 1
-0.107825 0.0374743 -0.059233 1
-0.121319 -0.227131 -0.123296 1
0.0228614 -0.0101229 0.0404298 1
