# 1 = ball
# 2 = lepton
# 3 = photon
# 4 = PID > 100
# 5 = neutrino
# 6 = other
0.00227637 0.00572912 1.16474 3
-0.00038902 0.000864029 -0.00109829 3
0.740416 7.59251 1.64807 4
0.770651 3.64271 0.405123 4
-0.218331 0.637582 -0.1729 4
-0.265545 0.0409946 -0.342678 4
0.151217 3.06741 1.35027 4
-0.245289 1.00057 0.09078 4
1.08106 4.12623 1.27053 4
0.0947531 0.928272 0.473241 4
0.107317 0.209518 0.779244 4
-0.255455 -1.31749 -0.205465 4
-0.0259946 0.0314756 -0.110736 4
-1.26505 -7.64349 -2.08041 4
-0.101544 -0.208364 -0.104003 4
-1.04865 -6.72034 -2.11606 4
-2.49692 -17.5614 -5.37221 4
-0.0433922 -0.842057 -0.380159 4
0.437675 5.37128 1.46428 3
0.560932 5.25334 1.41694 3
-0.000348771 0.00294386 0.00642912 3
0.619858 3.88228 1.45536 3
0.182421 0.701956 0.0602149 3
0.343963 0.763049 0.101388 3
0.224108 -0.390672 -0.272353 4
0.187703 -0.252731 0.0276831 4
-0.589609 -0.286545 0.157161 3
-0.0143937 0.0983968 0.000774571 3
0.0197977 -0.029208 -0.0478669 3
-0.240624 -1.47565 -0.64796 3
0.00979048 -0.278739 -0.0994497 3
0.157506 0.265786 0.183705 3
0.00463567 0.222608 0.15337 3
0.109057 0.387029 0.262427 3
-0.0227403 0.143131 0.0375902 3
0.197142 0.276024 0.0608012 3
0.22441 0.466205 0.240947 3
-0.0549355 -0.175098 -0.0990255 3
0.000349596 -0.786033 -0.265242 3
0.0184913 -0.0138862 0.0457831 3
0.149712 0.106223 -0.0203159 3
0.240041 -0.260458 -0.0774928 3
0.0190191 -0.141057 -0.0309821 3
0.0904443 -0.00921649 -0.120525 3
0.0169094 -0.00119003 0.0371806 3
0.184913 -0.301699 -0.183719 3
0.0128114 0.0146225 -0.00521507 3
0.194569 0.249078 0.315466 1
0.0969271 -0.155073 -0.0267309 1
0.042906 -0.0477659 0.368362 1
0.128678 -0.259436 -0.777968 1
0.133535 0.500059 -0.18698 1
-0.411232 -0.482764 -0.16746 1
-0.146536 -0.0909706 0.393274 1
-0.0186301 0.0428601 -0.187573 1
0.194735 -0.325213 0.190687 1
0.0144346 -0.239896 0.0404837 1
-0.299553 0.265745 -0.0997349 1
