# 1 = ball
# 2 = lepton
# 3 = photon
# 4 = PID > 100
# 5 = neutrino
# 6 = other
-0.0020725 -0.000294374 -0.00602054 3
-1.57602 0.163937 -1.79494 4
-2.93006 -1.37793 -2.49959 4
-0.639247 -0.325139 -0.852857 4
0.119664 0.0588391 0.229307 4
0.182392 -0.933961 -0.117464 4
0.0468622 0.0931423 0.190483 4
1.15652 0.775111 0.728649 4
-1.45665 0.191863 -0.876196 4
0.253319 -0.20174 0.434145 4
0.0552552 0.0891259 0.12453 4
-0.081933 -0.0422096 -0.0335232 3
0.876365 0.354744 0.877329 4
1.13143 0.168886 0.927306 4
1.57797 0.684018 1.24986 4
2.0272 0.611894 1.42431 4
-0.0456798 -0.0175347 -0.126673 3
-0.0167637 -0.141065 -0.0744414 3
0.619621 0.0167057 0.233642 3
0.20954 0.0763929 0.125718 3
1.15722 -0.103377 1.32917 3
0.904201 -0.0354245 0.875121 3
-1.3141 0.369626 -1.09561 4
-0.504282 -0.0567374 0.00821671 4
0.449857 0.283989 0.396264 3
0.424146 0.168391 0.46246 3
4.42957 1.24902 3.38058 4
4.08021 1.20117 3.55118 4
1.30027 0.360598 1.02904 3
-5.00203 -1.84273 -4.17669 4
-13.4982 -2.91548 -8.99248 4
-2.90957 -1.03007 -2.97615 4
0.34129 0.178495 0.149205 3
0.357553 0.0806361 0.244856 3
0.488191 0.0773039 0.393703 3
0.405962 0.193263 0.361039 3
0.0866415 -0.033478 0.065897 3
0.111895 0.105603 0.0456473 3
0.0842529 -0.0770443 0.100978 3
0.20527 0.0338014 0.16648 3
-0.0174037 -0.0151287 -0.0252393 3
-2.15782 -0.295566 -1.80915 3
4.04837 1.24738 2.5145 4
0.264785 0.124098 0.234055 3
0.594257 0.0682193 0.487035 3
0.0810095 0.0582443 0.0817471 3
0.751849 0.126814 0.450626 3
2.46591 0.583677 2.45382 3
0.312686 -0.119801 0.288242 3
0.0408888 -0.336013 -0.0376561 1
0.507138 0.346817 -0.0543055 1
-0.12779 -0.0605832 -0.0337716 1
0.0204677 0.228438 0.0259396 1
0.221271 -0.33474 -0.123735 1
-0.185628 0.05189 0.0876613 1
0.251101 -0.167216 -0.00310473 1
-0.0097522 -0.0455528 0.0684924 1
0.185241 -0.219012 -0.0400999 1
-0.044702 -0.161649 0.193252 1
0.0115723 0.0149101 -0.0152808 1
-0.111248 0.167503 0.094678 1
0.110373 -0.15722 0.0595832 1
-0.135985 0.071271 -0.0718803 1
-0.229387 0.376265 -0.138583 1
-0.00377905 0.015082 -0.127043 1
0.0513859 -0.020831 -0.0425101 1
-0.000890973 0.000372836 0.000255999 1
