# 1 = ball
# 2 = lepton
# 3 = photon
# 4 = PID > 100
# 5 = neutrino
# 6 = other
0.00209733 -0.00510443 -0.0239761 3
0 0 0.000201482 3
2.92127 -4.12672 2.16198 4
0.198369 -1.25178 2.31055 4
0.233828 -0.199034 1.70263 4
0.05298 0.175192 0.458422 4
-0.141921 0.353581 -0.331051 4
1.23059 -3.40319 0.63509 4
-0.315713 -0.77397 0.899649 4
0.0167027 -0.174304 -0.0659052 4
0.0518448 -0.10483 2.21771 4
-1.12768 -0.00214974 0.629128 4
0.126562 -0.450341 0.136043 4
0.381792 -0.506721 0.421985 4
0.344869 -0.201637 0.103587 4
0.327572 -0.697875 1.12052 4
0.404233 -0.207504 0.313545 4
0.253961 -0.773835 0.589105 3
-0.00792386 -0.130721 0.124188 3
-0.265932 -0.0683621 0.543468 4
-0.126848 -0.381995 1.27361 4
-0.112458 0.0554111 0.0662528 4
0.434098 -0.101951 -0.0183957 4
-0.00197789 -0.00688605 0.0461095 3
0.65018 0.238242 2.19938 3
0.0111871 0.172931 0.115244 4
-0.723906 0.250272 0.0359161 4
-0.59774 0.796657 -0.67227 4
-0.466965 0.591443 -0.135286 4
0.398422 -0.38809 0.124432 3
0.313344 -0.482997 0.0786282 3
-0.123809 -0.0672814 0.123259 3
-0.105116 -0.133779 0.380379 3
-0.0288668 0.0808823 0.0283317 3
-0.142942 0.031725 0.178048 3
1.44768 -1.58624 -0.153891 4
0.0259999 -0.193013 0.358977 3
0.0508082 -0.173187 0.132665 3
0.224195 -0.308752 0.589762 3
0.192429 -0.10664 0.275399 3
-0.0986341 0.0668317 0.0807544 3
-0.0391995 0.0399 0.232487 3
0.0538165 0.0599173 0.0956115 3
0.141016 0.0792704 -0.0122149 3
-0.428219 0.273165 0.0476568 3
-0.00768188 0.0106589 -0.0244208 3
-0.0437308 0.278068 -0.262462 3
-0.18603 0.402531 -0.26636 3
-1.41038 4.53234 -2.70948 4
-0.644905 2.21787 -1.48368 4
2.46996 -3.5599 0.214753 4
1.05949 -1.71352 0.0380179 4
0.0228605 -0.107926 0.0560272 3
0.787577 -1.73498 0.559448 3
-2.20001 5.70368 -4.06227 4
-1.20056 2.13848 -1.60556 3
-0.145685 0.361179 -0.231234 3
-0.325635 0.759363 -0.513044 3
-1.60369 3.45067 -2.05485 3
-0.136551 0.999717 -0.798383 4
-1.67462 2.35933 -2.4919 4
-2.20686 3.5965 -3.45218 4
-0.214379 -0.223212 -0.0143207 3
0.340425 -0.516836 -0.0895656 3
0.0286964 -0.0349199 -0.0116032 3
0.253707 -1.21254 0.0714354 3
0.461413 -2.52228 -0.0124753 4
0.195802 -0.172624 -0.0535096 4
0.228497 -0.27879 -0.0368282 3
0.518275 -0.98938 -0.183249 3
