# 1 = ball
# 2 = lepton
# 3 = photon
# 4 = PID > 100
# 5 = neutrino
# 6 = other
0.0133093 0.0173808 0.0694182 3
0.0148199 0.00475856 -0.0936552 3
5.21658e-06 9.54919e-07 0.000179497 3
-6.97836 -3.22417 3.54223 4
-0.474823 -0.040522 0.23367 4
-0.0227691 0.183444 0.185841 4
-7.0741 -2.90898 2.85103 4
0.0976426 -0.425633 0.019931 4
3.08658 2.13912 -1.08679 4
0.613986 0.152242 -0.302062 4
3.40364 2.67646 -1.95141 4
9.0676 3.53263 -4.33965 4
13.5783 5.05174 -6.91488 4
-2.26877 -1.21232 0.996356 3
-12.2537 -6.37939 5.05671 3
-0.0318449 -0.0404239 0.0161329 3
-2.03278 -1.573 1.59697 3
1.8073 0.961817 -0.478372 3
1.97424 1.17143 -0.439103 3
-0.0710533 0.0147396 0.0294102 3
-0.605895 -0.249838 0.410487 3
0.0444309 0.0271201 0.0183064 3
0.217816 0.640816 0.0779318 3
0.203379 -0.0322787 -0.140825 3
0.0417711 -0.0568307 0.0114576 3
-0.0613882 -0.0591949 -0.0031061 1
-0.0140418 -0.117407 0.189893 1
0.191354 0.336014 -0.005855 1
-0.708944 -0.245775 0.679475 1
0.0560494 -0.169984 -0.0517739 1
0.214042 -0.259651 -0.466518 1
-0.421586 -0.0231884 -0.086259 1
0.303721 -0.0459366 -0.156555 1
0.878397 0.33272 1.64637 1
-1.08055 -0.584598 0.139968 1
0.142277 -0.120078 -0.380349 1
-1.08666 0.398785 -0.651142 1
-0.311239 0.0528184 0.23643 1
0.0857569 0.339927 0.200746 1
-0.155737 -0.294004 -0.241673 1
-0.382168 0.0292435 -0.418962 1
