# 1 = ball
# 2 = lepton
# 3 = photon
# 4 = PID > 100
# 5 = neutrino
# 6 = other
0.00119068 0.000921661 0.00240719 3
-0.126561 -0.92973 -1.29198 4
0.370291 -1.48956 -1.73352 4
0.819155 -0.966978 0.311002 4
0.0793057 -1.57871 0.097737 4
0.00362463 -0.357119 -0.254739 4
-4.49143 -4.46885 -3.3334 4
-0.330445 -0.482966 -0.285561 4
-0.635156 0.210453 0.986956 4
-0.478982 -0.63656 -0.974025 4
-0.179354 -0.141742 0.00788427 4
-0.581467 -0.760555 0.338199 4
-1.33665 -1.91095 0.0299418 4
-1.064 -1.09293 -1.33584 4
-0.919346 -0.182482 -0.448393 4
-0.18729 -0.777872 -0.524987 4
-0.109383 0.104753 -0.139501 4
-0.34745 0.17197 0.835246 4
0.357763 0.703259 0.135265 4
0.62902 0.342478 0.267635 4
-0.0481852 -2.32842 -4.01993 4
-0.971099 -1.46121 -2.59681 4
-0.405968 -0.646961 -0.59394 4
-0.274656 -0.250843 -0.14517 3
-0.059453 -0.134536 0.00305367 3
-0.0531374 -0.119116 -0.416239 3
-0.0867094 -0.0784565 -0.12072 3
-0.451006 0.136827 -0.0375454 3
-0.592581 0.0228648 -0.0450685 3
-0.712241 0.0270658 0.190628 3
-0.461044 0.0461935 0.0177322 3
2.2693 3.15727 2.11334 3
0.121814 0.148759 0.0742263 3
0.33447 0.490925 0.477591 4
3.72402 6.16575 4.64336 4
-0.0858778 -0.651179 -1.15586 3
0.0446063 -0.785412 -1.37066 3
0.14484 -0.174215 0.526767 3
0.248608 -0.162418 0.425212 3
-0.00306295 0.0191485 -0.00106931 3
0.409047 0.157838 0.319612 3
-0.649884 -0.744556 -0.572244 3
-0.582291 -0.714278 -0.392002 3
-0.00144408 -0.0299508 0.00466822 3
-0.554045 -0.598027 -0.303893 3
-0.0311154 -0.0163252 -0.031082 3
-0.236587 0.0687534 0.0951795 3
0.576648 0.667119 0.560312 3
0.253224 0.450088 0.32563 3
5.09096 8.27089 6.69777 4
0.675706 0.969854 0.579083 4
1.30305 1.98738 1.11222 4
0.262179 0.229688 0.0962716 3
0.264919 0.446215 0.167305 3
0.245175 0.0198717 0.0759906 1
-0.0913804 0.0455728 -0.102289 1
0.0552748 -0.251126 0.118063 1
0.0286812 0.0226188 -0.00151747 1
-0.000820771 -0.14974 -0.0452174 1
-0.0232023 0.0982568 0.128452 1
0.00444914 0.0695906 -0.0986156 1
0.0859162 0.298041 0.099171 1
0.15085 0.0690328 0.0205048 1
-0.0831551 -0.16255 -0.350448 1
0.147926 -0.0282812 0.116068 1
0.262597 0.0254869 0.3837 1
-0.118469 0.034575 0.0692426 1
0.123325 -0.051539 0.136017 1
-0.0454922 -0.0719167 -0.0229603 1
-0.318122 0.348749 0.188066 1
0.065699 0.0115341 -0.0766904 1
-0.649403 0.379306 0.190642 1
-0.0125611 0.0390621 -0.00969088 1
-0.146233 0.105016 -0.0826251 1
-0.409637 -0.0476514 0.159836 1
0.289178 -0.300283 -0.211224 1
-0.0445831 0.0519057 -0.0135846 1
-0.107048 -0.0819633 -0.054379 1
0.0077701 0.0100137 0.111532 1
0.0277554 0.0449665 0.0568273 1
-0.0402622 0.0880807 -0.125286 1
-0.118603 -0.0467348 0.175876 1
0.0229856 -0.00408992 0.0119827 1
0.027039 0.0196227 -0.0101658 1
-0.11036 -0.45656 -0.0260944 1
0.0527365 -0.240089 0.0350205 1
-0.0759603 0.0581769 0.0343562 1
-0.207236 -0.242929 0.0497659 1
-0.00247828 -0.123141 -0.085578 1
0.00775654 -0.0199997 0.0247755 1
0.0640479 0.115562 -0.187587 1
