# 1 = ball
# 2 = lepton
# 3 = photon
# 4 = PID > 100
# 5 = neutrino
# 6 = other
-0.211371 0.0271562 0.213748 3
0.265202 -9.08347 -7.28071 3
-0.0945856 0.265273 -0.898362 4
1.07505 0.953378 -4.96431 4
1.20872 0.736029 -3.3171 4
0.179488 0.029484 0.119762 4
-0.683723 0.0998261 2.99621 4
-0.625239 0.364571 2.77394 4
-0.341794 3.0968 6.55752 4
-0.200627 0.0653479 0.260774 4
0.256166 1.35471 2.7134 4
0.327833 0.794854 1.66265 4
-0.0541205 -0.500997 -1.5513 4
0.0438542 0.39545 1.22987 4
-0.328184 0.520659 1.6975 3
-0.0553791 0.154341 0.303893 3
-0.0509261 -0.0732788 -0.0269979 3
-0.036228 0.00729628 -0.151052 3
-0.0155631 -0.00790332 -0.220502 3
-0.193034 -0.282464 -0.912728 3
-0.0477012 -0.134205 -0.167493 3
-0.143181 -0.0873685 -0.379606 3
0.414819 2.30305 7.13283 4
-0.0761213 -1.35716 -5.71001 4
-0.0132898 -1.01825 -2.4786 4
-0.127888 -0.305989 -0.827062 4
-0.343919 -2.19344 -5.18808 4
-0.0235319 -0.0395584 -0.0803434 3
0.0738062 -0.404488 -1.48592 3
0.371318 0.799174 2.63928 4
-0.181898 0.860462 2.07748 3
-0.127874 0.913186 1.88221 3
-0.232684 0.551787 1.66473 3
0.00960851 0.125576 0.406011 3
-0.0190744 -0.127088 0.0546541 1
0.153332 -0.199027 -0.175492 1
-0.0545411 0.302504 -0.181049 1
0.0421993 -0.0802642 -0.00221004 1
0.0892875 -0.0538073 0.0776275 1
0.263792 -0.102077 0.211781 1
-0.0800136 0.0410972 0.048854 1
-0.105222 0.370742 -0.260429 1
0.111833 -0.129384 0.0422899 1
-0.0143573 -0.193389 -0.0607246 1
-0.109915 0.544471 0.289761 1
-0.118437 0.168884 0.18035 1
-0.00140663 0.0673268 -0.0344303 1
0.0500961 0.20184 0.0700181 1
0.291302 0.111595 0.0339123 1
-0.0580581 -0.0275731 -0.0847097 1
0.0154025 -0.0324544 -0.0303353 1
0.0540105 0.00918788 0.00528148 1
-0.00172782 -0.0303059 0.0688269 1
0.0800399 0.184022 -0.0292857 1
0.0317643 -0.0121998 -0.140223 1
-0.127394 -0.0288192 -0.137362 1
0.0010767 -0.185488 -0.118525 1
-0.196685 0.232938 0.152566 1
-0.280886 0.298081 -0.307999 1
-0.0570145 0.0106521 0.0448019 1
-0.0638382 -0.142874 0.0725755 1
-0.0201249 -0.0153972 -0.0359565 1
0.0827432 0.219231 0.156917 1
0.23391 -0.0542185 -0.0881662 1
0.10697 -0.0028385 -0.200729 1
-0.0788947 0.0968745 0.0154088 1
-0.130009 -0.156552 -0.0416876 1
-0.0174129 0.00276496 -0.0247084 1
-0.0955245 0.1338 0.0467412 1
0.0302246 0.0151261 -0.0506136 1
0.101574 0.0462151 -0.0408931 1
-0.101755 -0.185108 -0.0774123 1
-0.0242941 -0.226484 -0.142259 1
2.9222e-05 -0.00183944 0.00118883 1
