# 1 = ball
# 2 = lepton
# 3 = photon
# 4 = PID > 100
# 5 = neutrino
# 6 = other
0.00889283 0.0149909 -0.00402926 3
-0.0223936 -0.0227461 -3.07008 3
0.488529 4.59276 -3.9577 4
-0.163785 0.477408 -0.968819 4
-0.111678 0.276197 -0.984304 4
0.249503 0.189888 -0.713192 4
-1.04471 0.246525 -1.31517 4
-0.0242813 -0.455987 0.803768 4
0.554421 0.492513 -1.48854 4
0.727853 0.617193 -0.639758 4
-0.158905 -0.163657 -0.299711 4
-0.0639079 0.644507 -0.351014 4
0.480624 0.122923 -0.73389 4
-0.581412 -1.31753 -1.22267 4
-0.391174 0.345869 -1.21318 4
-1.28647 -0.062824 -0.974416 4
-0.392568 -1.01247 -1.26914 4
-0.0373802 -0.148478 0.0499258 4
0.0710058 0.000367117 0.222398 4
0.0861381 -0.103104 0.0441031 4
-0.0983238 -0.650578 1.91518 4
0.842939 -0.844577 3.27503 4
-0.265441 2.43744 -2.67866 4
0.676831 0.74152 -0.77152 3
0.155104 0.281234 -0.260701 3
0.0062895 -0.0599695 -0.0271854 3
-0.0954457 0.0203238 0.0237963 3
-0.0679868 -0.0532556 -0.0766573 3
-0.0352606 0.0599924 -0.17434 3
-0.267277 -0.302113 -0.722572 4
-1.48993 -1.01448 -1.59503 4
0.0401463 -0.234013 0.573602 4
0.589594 -1.4118 2.93397 4
0.641759 -3.3123 11.9372 4
0.679445 -2.46826 6.25938 4
-0.759389 -0.78865 -1.27704 3
-0.684289 -0.554052 -0.947415 3
0.00664905 -0.0613514 0.206171 3
-0.0818314 -0.143649 0.145797 3
0.414991 3.18131 -3.15344 4
-0.0210037 -0.104797 -0.0537266 3
-0.214393 -0.177843 -0.281503 3
-0.0057641 -0.987904 1.83979 3
0.00656917 -0.336988 0.811447 3
0.300377 -0.401581 0.854068 3
0.00137664 -0.0477918 0.0352897 3
0.164621 0.404396 -0.321244 3
0.574801 1.56632 -1.56265 3
0.407964 -0.155287 0.134869 1
-0.175814 -0.230248 0.317497 1
0.495688 0.35547 0.0831638 1
0.038711 -0.0289393 0.451352 1
-0.0417845 -0.192951 -0.0469776 1
0.505538 0.273476 -0.476662 1
-0.436429 0.784796 0.0296196 1
-0.111418 -0.212169 -0.394562 1
0.314729 -0.282861 0.502729 1
0.195251 -0.334413 0.234903 1
-0.0388582 0.365285 0.180313 1
0.0906259 -0.0726399 -0.295861 1
-0.0196492 0.0253441 -0.00763425 1
-0.148421 -0.146422 -0.574644 1
-0.0871353 0.0571502 0.0404106 1
-0.151662 0.0451245 -0.0319435 1
-0.134473 -0.087931 0.267017 1
0.0245462 0.50669 -0.212439 1
-0.0995241 0.300528 -0.154893 1
-0.0303207 -0.440008 1.13416 1
-0.00102536 -0.000909416 -0.00202547 1
