# 1 = ball
# 2 = lepton
# 3 = photon
# 4 = PID > 100
# 5 = neutrino
# 6 = other
-0.0265467 -0.0151516 -0.0163672 3
-1.55212 0.395407 0.618268 4
-1.68676 0.286373 0.184838 4
-0.434923 -1.22006 1.05258 4
1.11412 -2.4047 3.70638 4
1.05916 4.97128 -7.65523 4
0.620257 3.08003 -4.63951 4
-0.571214 1.19334 -1.5402 4
-0.557379 -0.748296 -0.0856371 4
-0.337698 -0.177032 0.196069 4
-1.49577 -5.85261 7.55774 4
0.625689 -2.54263 3.57944 4
0.141763 -1.50859 2.21073 4
0.0902358 0.0673139 -0.0880441 3
0.174488 0.161771 0.0185699 3
-0.256496 1.6455 -2.46281 4
0.0853869 0.197074 -0.387389 4
0.0619401 0.0539884 0.0336089 3
0.195534 -0.00324881 -0.0739477 3
1.15321 3.68844 -4.84277 3
0.666826 2.2916 -3.14534 3
0.0263883 0.313382 -0.217864 3
-0.132271 0.638753 -0.516497 3
-0.00173493 -0.0224971 0.0316532 3
-0.275914 0.103089 0.227096 3
-0.548112 -1.06638 2.46294 3
-0.0584229 -0.146961 0.231363 3
-0.173422 -0.339592 0.359874 3
0.0177033 -0.00380838 0.0270526 3
-0.0567587 0.137109 -0.316515 3
0.0374637 0.597873 -1.22547 3
-0.00126466 -0.0112637 0.0017804 3
0.180527 -1.23264 1.9103 3
0.0711599 -0.330662 0.505166 3
0.22602 -0.381721 0.776538 3
0.0333454 -0.00771106 0.0495751 3
0.0337453 -0.373121 0.695944 3
-0.0910175 -0.0108441 0.0110484 1
0.264706 0.0114311 -0.0680567 1
0.0155995 -0.0662417 0.00541051 1
-0.132046 -0.118924 1.16897 1
-0.39865 0.227525 -0.0423771 1
0.0486528 -0.715448 1.04409 1
0.503683 -1.73654 -0.137916 1
-0.20695 0.994702 0.547383 1
0.432651 -0.865861 0.426932 1
-1.18485 0.507622 -0.799896 1
-0.162275 -0.0479225 -0.107909 1
0.38897 0.59892 -0.541423 1
0.125693 -0.22468 -0.542423 1
-0.267189 0.00482556 -1.27597 1
-0.0615571 0.149213 0.0900445 1
0.733445 -0.148105 1.12191 1
0.553795 -0.246295 -0.214049 1
-0.157323 -0.615739 0.877281 1
-0.213025 0.0134812 -0.0408989 1
0.456004 -0.539167 -0.316628 1
0.0854878 0.16352 0.0227644 1
0.494857 0.670248 -0.705987 1
0.0201194 -0.430968 0.0334186 1
-0.0399638 0.803734 -0.0324807 1
0.528488 0.273139 0.0949941 1
-0.185457 -0.0852879 0.157833 1
