# 1 = ball
# 2 = lepton
# 3 = photon
# 4 = PID > 100
# 5 = neutrino
# 6 = other
1.03543 -0.535915 -0.78121 4
2.00263 -1.16292 -1.52916 4
0.699198 -0.329545 -0.685956 4
0.202404 -1.05831 -0.743677 4
-0.559124 0.394867 0.0848999 4
2.05257 -0.962901 -1.56076 4
0.842935 -0.510605 -0.281722 4
0.546775 0.262254 -0.0649165 4
-0.275893 0.135625 0.482497 4
-0.372284 -0.657648 2.11844 4
0.0143358 -0.107475 -0.170401 3
0.819739 -0.242889 -0.726712 4
0.422392 -0.184156 -0.273879 4
0.153893 -0.214998 -0.54869 3
1.0145 -0.974333 -3.34 3
0.502534 -0.280353 0.437137 3
0.0824412 0.00979532 0.066032 3
-0.0480377 0.0792292 0.17644 3
-0.143877 -0.0562564 0.0331921 3
-0.1727 -0.0286459 0.202435 3
0.654417 -0.419186 -1.18523 3
0.299014 -0.121275 -0.385236 3
-4.88555 3.54475 8.51885 5
-1.88375 0.942352 3.6277 2
0.142222 -0.0716121 -0.209337 3
0.720817 -0.49122 -1.36397 4
0.507543 -0.774755 -1.51151 4
-2.75187 3.79874 5.41476 4
-5.34057 6.31915 9.60447 4
0.225652 -0.219395 -0.384943 5
1.67527 -1.83594 -4.31854 4
-0.0103001 -0.0800136 -0.0605755 3
0.0924961 -0.0408123 -0.230279 3
0.475176 -0.58123 -1.51757 3
0.60627 -0.890145 -1.89628 3
0.0651752 -0.112672 -0.315383 3
1.30834 -1.49684 -3.94662 3
-0.62718 1.45389 1.4283 3
-0.262817 0.496025 0.59988 3
0.828906 -0.784575 -2.00987 5
-0.478615 -1.55355 -1.7184 2
0.0953255 -0.804724 -1.22483 5
-0.063201 -0.0465992 -0.079668 1
0.0215858 0.0541848 0.0741936 1
-0.0338379 -0.0803169 0.130384 1
0.142526 -0.00361357 -0.0078625 1
0.0279775 0.0430473 0.0190935 1
-0.0478089 -0.0565032 0.0973415 1
-0.206189 -0.0882387 -0.147993 1
-0.094726 -0.0451053 0.0206384 1
-0.0847802 0.00850948 0.131183 1
-0.0375104 0.0843769 0.0223755 1
0.167226 -0.0931454 0.0404575 1
-0.0774052 -0.175037 0.318045 1
0.0933564 -0.0293359 0.00391959 1
0.134742 0.0103652 -0.0137859 1
-0.00665554 0.0201147 -0.0938463 1
0.0225667 0.218186 -0.157249 1
-0.256592 0.135594 -0.106682 1
-0.103116 0.102248 0.111799 1
-0.0753706 0.191152 0.114236 1
0.18275 -0.0560393 -0.151565 1
0.0196807 -0.00233307 -0.0118599 1
0.028119 0.0179206 -0.0595492 1
-0.0291638 -0.0612143 -0.0629915 1
