# 1 = ball
# 2 = lepton
# 3 = photon
# 4 = PID > 100
# 5 = neutrino
# 6 = other
1.07576 -0.744948 6.68287 3
0.000130837 0.00137352 0.00837511 3
2.41219e-07 6.35187e-07 -0.0001272 3
0.0975772 0.355778 0.333501 4
-0.763564 0.257915 0.393059 4
-0.518743 -0.251011 0.133222 4
-0.936129 0.182033 0.0708381 4
0.0751065 -0.209269 -1.91386 4
1.41314 -0.319332 10.0364 4
0.192288 0.138777 1.0125 4
0.398786 1.52478 1.4395 4
0.0226985 1.16335 1.53722 4
-1.20839 0.783789 -0.410844 4
-1.38408 0.651211 1.64329 4
-0.2662 -0.333196 -0.36788 4
0.144036 -0.707503 -2.1088 4
-0.164937 0.593345 -3.47357 4
-0.379684 -0.312742 -3.82165 4
-0.709169 -1.55142 -10.68 4
0.784205 1.23943 1.35926 4
1.41973 -0.1601 3.69691 3
0.144546 0.0205618 0.320095 3
0.0360799 0.00596495 -0.0501553 3
-0.0593595 -0.129376 -0.0763747 3
0.0864477 0.213557 -0.225966 4
0.0352782 0.032144 0.0276851 4
0.516948 -0.352838 6.85913 3
0.0881078 -0.0533482 0.666614 3
0.117551 -0.0156097 0.0355474 3
-0.0382302 0.00345506 0.00888632 3
-0.0175102 0.0333914 0.0636978 3
0.164137 0.00916321 0.184201 3
0.0289389 -0.919149 -7.58598 3
-0.0853525 -0.538606 -4.63277 3
-0.122764 -0.0514004 -0.148157 3
-0.0341781 -0.156756 -0.186067 3
-0.0211511 0.00689158 -0.0113392 1
-0.00171785 -0.0617723 -0.0887545 1
0.277705 -0.0324923 0.136784 1
-0.00171794 -0.0127949 -0.0182311 1
-0.0844874 -0.117539 0.131899 1
0.188729 -0.0208811 -0.239679 1
0.00967974 -0.0134906 0.0570079 1
-0.112309 -0.186034 0.00827742 1
0.00343098 -9.56462e-05 0.00146681 1
-0.0499406 -0.0922265 -0.101359 1
0.167869 0.157086 -0.363497 1
-0.421491 0.315073 0.339919 1
0.00218978 -0.100316 0.0269453 1
-0.00658305 0.014252 -0.195955 1
0.0156951 -0.201242 0.0486271 1
-0.0853778 -0.140152 0.0490064 1
-0.0599266 -0.10344 -0.220128 1
0.071384 0.0964624 -0.361375 1
0.0612787 0.248254 0.0976879 1
-0.0128428 0.0303312 -0.0685911 1
-0.0205535 0.118368 -0.083457 1
-0.00908384 0.0884139 -0.0420509 1
0.0351794 -0.0061584 -0.0213415 1
-0.0283325 -0.275143 0.0366941 1
0.0457987 -0.0675086 -0.0525844 1
-0.0273152 0.0353385 -0.031474 1
-0.154609 0.211059 -0.238355 1
0.0184217 -8.65152e-05 0.0105309 1
0.000879931 0.00242287 0.0790162 1
-0.0302804 0.00239361 0.0054397 1
-0.0527916 -0.055045 -0.116909 1
-0.119066 -0.0247742 -0.0218701 1
0.0262074 0.00797646 -0.0553657 1
0.0419948 0.102338 0.00486303 1
0.0184205 0.0487338 -0.103394 1
0.0163462 0.00674832 0.0025082 1
0.034409 -0.326934 -0.0475657 1
-0.0284103 0.103041 0.0730547 1
0.0282341 -0.0428971 0.332601 1
0.0645047 -0.105703 -0.104906 1
0.00011145 -0.00162577 0.334224 1
0.0460532 -0.0109429 -0.020392 1
0.00026333 0.000693411 0.00142766 1
