# 1 = ball
# 2 = lepton
# 3 = photon
# 4 = PID > 100
# 5 = neutrino
# 6 = other
-0.205646 -0.513471 -0.566843 4
-1.26761 -0.112361 -1.33065 4
-0.212947 0.0700062 0.306338 4
1.96096 0.984663 0.881032 4
3.07912 2.68946 3.55747 4
-1.36256 -1.09352 -1.0469 4
-0.217607 0.0277478 -0.530798 4
0.0735582 -0.00218252 0.138009 4
0.318102 1.14102 0.729191 4
0.217502 0.0700923 -0.0482971 4
2.48377 1.30906 2.18612 4
2.70874 2.33181 2.78122 4
-7.27831 -4.59406 -5.30275 4
-7.7655 -5.02023 -6.11052 4
-1.99283 -1.43603 -1.75129 4
-1.3225 -0.775605 -0.97677 4
0.178227 0.0492705 -0.135815 3
0.929411 0.20986 -0.354519 3
0.182779 0.146134 -0.198497 3
0.712877 0.276186 -0.55306 3
4.03079 2.77858 4.11075 4
0.905726 0.78056 1.00095 4
-0.25256 -0.454734 -0.14907 3
-0.17102 -0.4729 -0.257773 3
-0.0204862 -0.0678118 0.0566758 3
0.124073 -0.175422 0.0195823 3
0.217007 0.0219236 0.131377 3
1.18443 0.428157 0.875088 3
-0.0651327 -0.0184745 -0.0535562 3
-3.43234 -1.94457 -2.60207 3
-1.7873 -1.49865 -1.3279 3
-0.769475 -0.743567 -0.669378 3
0.183604 0.0120804 -0.211769 3
0.113603 -0.0864184 -0.0805191 3
0.270692 0.0941878 -0.0732929 3
0.309041 0.0464373 -0.22206 3
0.0855593 0.0410824 -0.097921 3
0.553714 0.0678889 -0.240943 3
0.479122 0.364474 0.674631 3
0.338132 0.22131 0.306851 3
0.370767 0.339687 0.459518 3
0.173826 0.0715154 0.109591 3
0.586569 0.220972 0.799004 3
0.236172 0.176529 0.312181 3
5.03045 4.13158 5.18544 3
0.14874 0.0938174 0.144254 3
0.145741 0.0337128 -0.0298596 1
0.0672411 -0.0161596 -0.0157588 1
-0.0772351 -0.0182425 -0.171025 1
0.0612867 0.0258451 -0.0523245 1
-0.0340239 -0.00956994 -0.0936048 1
-0.0492925 -0.0534145 -0.0555959 1
-0.0617596 0.0644634 -0.00787854 1
-0.126614 0.103861 0.102332 1
0.132057 -0.0129449 0.0538784 1
-0.0499757 -0.181978 0.0624359 1
-0.0632093 0.0930561 0.218339 1
-0.082092 -0.0892393 -0.238265 1
-0.0819501 -0.0969201 0.101621 1
0.042334 0.0496126 0.171572 1
0.244801 0.181664 0.27967 1
-0.126438 -0.083369 -0.0164837 1
0.110826 -0.0590536 -0.0502581 1
-0.0143454 -0.171288 0.113741 1
-0.059182 -0.0742807 0.017743 1
-0.0020304 0.0875776 -0.250158 1
-0.0164045 -0.0981385 0.0356415 1
-0.023087 0.13842 -0.0478697 1
0.000102411 0.000301296 -0.000206741 1
