# 1 = ball
# 2 = lepton
# 3 = photon
# 4 = PID > 100
# 5 = neutrino
# 6 = other
2.6208 -0.0711786 -1.36937 4
-4.0538 -0.796914 1.28059 4
-1.44486 -0.888845 0.758621 4
-0.708751 0.0187532 1.09501 4
0.557224 -0.287624 1.28084 4
1.58657 -0.262963 0.174135 4
0.302863 -0.226511 0.341711 4
0.0310379 -0.193584 -0.471806 4
1.74977 0.327178 -0.34522 4
-0.769862 -0.135981 0.157666 3
-0.0300152 -0.492494 0.357962 4
-0.167091 -0.494019 0.429454 4
-0.170311 -0.590608 0.0507854 4
-0.350211 -0.0240253 -0.0511385 4
2.77067 0.233886 -1.00249 3
5.85628 0.615262 -1.95885 3
7.83025 1.17698 -4.31252 4
-0.304345 -0.0926925 0.0332529 3
0.00558789 0.0173511 0.00149812 3
-0.415699 -0.300902 0.762711 3
0.00648601 0.00450258 0.00407859 3
-1.13 -0.273124 0.388921 3
-0.519625 -0.0629056 0.247241 3
-6.78823 -0.831212 1.31201 4
-15.5048 0.37614 2.56307 4
0.0308951 -0.226896 0.275851 3
-0.0901321 -0.204078 0.363362 3
0.0190892 0.00835137 -0.0159086 3
-0.140322 -0.00481515 0.108914 3
2.0885 0.503873 -0.848484 4
0.326967 0.0331892 -0.155003 3
2.70445 0.609584 -1.5383 3
-0.00173217 0.013838 -0.0280952 3
0.554068 0.0419514 -0.612592 3
-0.402969 -0.184456 -0.322065 1
-0.0216354 0.00889566 -0.0399746 1
-0.13236 0.118232 -0.196051 1
1.98777 2.79539 -0.286514 1
0.0577336 0.218452 0.0592378 1
0.0513801 -0.33795 0.416232 1
0.183406 0.0136077 -0.139943 1
0.146582 -0.0155648 0.0807254 1
0.293376 0.0514912 0.278964 1
0.189767 -1.0005 0.147887 1
0.0462862 -0.0283034 0.0815756 1
-0.293582 -0.192226 -0.546346 1
0.42584 0.248778 0.963727 1
-0.000358863 -0.42733 0.0865044 1
0.0327614 -0.265961 0.394346 1
-0.237833 0.0998111 -0.0113242 1
-0.0254338 0.110248 -0.0592228 1
0.0763485 0.195786 -0.194887 1
0.108021 0.0252992 -0.190138 1
-0.421735 0.30278 -0.460105 1
0.222375 0.492751 -0.16893 1
0.100225 0.0415753 0.0450561 1
0.025666 0.0146518 0.0396349 1
-0.193562 0.472231 -0.253949 1
0.0302761 -0.277018 0.292389 1
0.583064 0.175462 0.662854 1
0.390708 0.0717627 -0.581621 1
-0.310316 -0.968663 -0.558283 1
-0.0749282 0.0685659 -0.27216 1
-0.0326212 0.00575966 0.000475785 1
-0.110117 -0.45698 0.0718571 1
0.28058 0.58064 0.927577 1
0.0287562 0.0383784 0.22283 1
0.162886 0.231865 -0.109384 1
0.0456364 -0.151176 -0.141018 1
0.215563 0.405215 0.526568 1
0.120705 -0.000972226 -0.0444528 1
