# 1 = ball
# 2 = lepton
# 3 = photon
# 4 = PID > 100
# 5 = neutrino
# 6 = other
0.00224901 -0.00291134 0.00122172 3
3.55792e-06 -8.27837e-06 -0.000365743 3
-0.488287 0.650117 -0.886912 4
0.409848 -1.98477 2.36267 4
0.304687 -0.604542 0.888455 4
0.866461 -0.402817 0.845943 4
-0.342583 0.227297 -0.67819 4
0.521928 -0.145359 0.132441 4
-0.378501 -0.132707 0.0758254 4
0.295101 1.5697 -1.86567 4
0.122525 -1.03757 -1.0001 4
0.378552 0.485237 -1.20349 4
-0.900403 0.106976 -1.29904 4
-0.249578 0.287062 -1.29239 4
-0.609044 0.560704 -0.417019 4
0.0264325 0.640343 -0.868076 4
-0.427463 0.0567075 -0.273093 4
-2.534 2.88086 -2.92851 4
-4.03538 6.3071 -5.64429 4
1.6082 -1.56961 3.1557 4
2.12746 -3.09436 5.31842 4
0.366489 -0.643591 0.640588 4
-0.346104 0.798497 -1.19905 3
-0.234321 0.119701 -0.0613344 3
-0.797969 0.916208 -0.852374 3
-3.07461 3.23036 -2.92615 3
0.880115 -1.13921 1.39383 4
0.0876883 -0.447551 0.647261 4
0.185697 -0.853288 0.594906 4
0.202585 -0.67558 0.36963 4
0.104398 -0.114819 -0.347765 3
0.162954 -0.225768 0.187437 3
0.0161032 -0.00805169 -0.00340727 3
0.0125161 -0.525366 -0.689984 3
0.168891 0.205044 -0.549644 3
0.458006 0.316594 -1.08034 2
0.173716 0.109856 -0.379268 2
-0.0781447 0.129264 0.0508006 3
0.0227856 -0.0174271 0.0297782 3
-0.069136 0.219313 -0.491914 3
-0.0430742 0.066551 -0.44833 3
0.655843 -1.13238 1.55492 3
0.922595 -1.4977 2.32936 3
2.82064 -3.06135 6.05429 3
1.2094 -1.27052 2.40778 3
-0.0253551 -0.0853381 0.0068118 3
-0.166406 -0.496489 0.391282 3
0.0750671 -0.0404717 0.0374977 3
0.340391 -0.253048 0.572313 3
0.0397779 -0.132842 0.165721 3
0.00586725 -0.0903974 0.378031 3
-0.035871 0.0467684 -0.0406032 1
-0.232542 -0.440553 -0.0482669 1
1.12818 0.434695 -0.106208 1
-0.00089226 -0.0571388 -0.149722 1
-0.103414 0.275151 0.414544 1
-0.30112 0.0109287 -0.10812 1
-0.340758 -0.0720187 0.315523 1
-1.08342 0.95433 -0.793035 1
0.00609751 0.534544 -0.366996 1
0.284133 -0.210969 0.0320884 1
-0.24904 0.0112871 0.227006 1
0.0474429 -0.0610969 -0.103106 1
-0.0340023 0.150494 -0.710435 1
-0.00255805 0.12383 -0.192588 1
-0.471682 0.272524 -1.1423 1
0.565755 -0.252545 -0.0290632 1
-0.214414 -0.10951 0.126755 1
0.051117 0.114211 -0.0761329 1
0.212374 0.0774064 -0.45554 1
