# 1 = ball
# 2 = lepton
# 3 = photon
# 4 = PID > 100
# 5 = neutrino
# 6 = other
0.00257077 0.00205481 -0.00683495 3
-0.312141 -0.472005 4.94295 4
1.15867 -1.9425 0.572296 4
1.03911 -1.20627 -0.0406891 4
1.41275 0.181368 -0.696694 4
-0.0918398 0.0427253 0.00855723 4
0.213437 0.00541299 0.0440633 4
3.05131 -2.02466 0.0597786 4
-0.45638 -0.547843 -0.979529 4
-0.458316 0.293379 -0.842742 4
0.00459625 0.0135224 0.466525 3
0.518833 -0.387577 0.36172 3
0.0343537 0.00975366 0.0180259 3
0.418301 0.167122 -0.0440188 3
-0.0100038 -0.00154312 -0.00323686 3
-0.136461 0.0588553 -0.492876 3
0.040108 -0.287476 0.32006 3
0.158606 -0.528926 0.386489 3
1.46791 -0.85316 0.0845839 3
0.595858 -0.392353 0.113881 3
-0.0250283 0.026959 -0.0353316 3
0.00142371 0.000132708 0.105138 3
0.172803 0.287698 0.19803 3
0.0547938 -0.000619479 0.0302711 3
-0.0438614 -0.0361731 0.0812933 3
0.0176851 0.0756358 0.0352047 3
-0.518062 0.531329 -2.68353 4
0.0841312 -0.0317828 1.66423 4
-0.0775929 0.717385 1.29006 4
-0.34257 0.083717 -1.02782 3
1.29122 -0.833755 15.5679 4
0.169978 0.680811 4.5106 4
-0.572183 0.720748 2.99884 3
-0.230416 0.434961 1.47364 3
-0.774411 0.752395 -2.84118 4
-1.08284 0.685826 -3.03966 4
-0.915337 0.641119 -4.51162 4
-1.85488 0.872005 -4.19996 4
-0.306513 0.204156 -1.09711 3
-0.0433113 -0.00203044 -0.0489581 3
-0.542249 0.678872 -1.07198 4
-1.45045 0.0886804 -5.43977 3
-0.0062906 0.00741514 -0.0820985 3
-0.880693 0.610908 -2.79334 3
-0.801695 0.441274 -2.62184 3
-0.657066 0.352823 -0.64596 1
0.845613 -0.644465 -0.0323718 1
0.315868 0.798436 0.658932 1
0.234874 0.0517489 0.0296153 1
-0.744731 -0.086235 -0.625491 1
-0.0632214 -0.314322 0.0835346 1
0.0937387 0.074479 -0.20157 1
