# 1 = ball
# 2 = lepton
# 3 = photon
# 4 = PID > 100
# 5 = neutrino
# 6 = other
-2.3851 0.0731819 1.51159 4
-0.233618 0.273096 0.432225 4
-0.471898 -0.861911 1.15821 4
-0.513581 -0.726237 0.809651 4
-0.648742 -0.52291 0.332389 4
1.29082 -3.17245 -0.698084 4
-0.404484 -2.33802 0.240805 4
0.4354 -0.885293 -0.131475 4
-0.44578 1.04383 0.288976 4
-0.0486019 2.00611 -0.183634 4
0.714679 -2.97179 0.0564617 4
0.677879 -2.16916 -0.220423 4
0.539738 -3.93458 -0.0600229 4
0.159118 -2.65257 -0.385201 4
0.0653771 -9.31993 0.677695 4
-0.0839255 -1.23126 -0.307555 4
0.0663988 0.409364 0.17028 4
-0.400786 -0.147031 0.0903172 4
0.11892 -0.253865 -0.883461 4
0.457848 -0.302843 0.0115371 4
0.37373 1.38026 -0.223356 4
1.98008 9.57284 -0.363028 4
-0.448949 -0.0954484 0.029163 3
0.0445515 -0.00475891 -0.0337602 3
0.0249335 -0.253233 -0.171122 3
1.36557 5.54351 -0.844393 4
1.12902 6.55328 -0.845969 4
0.786434 2.06022 0.00841206 3
0.236599 0.453504 -0.0244449 3
-0.0323124 -0.870646 -0.0662224 3
-0.114557 -0.697194 -0.137466 3
0.099324 -0.808527 -0.398538 3
0.125864 -0.31717 -0.157701 3
-0.0877857 0.0608012 0.0170379 3
-0.0811772 0.113298 -0.133282 3
-0.0589043 0.253852 -0.0227832 3
0.0269707 0.0714411 -0.0709879 3
-0.163232 0.197887 -0.120884 3
-0.0789268 0.267661 -0.233552 3
0.811131 5.28387 -0.620801 3
0.0334502 0.266029 -0.00174807 3
-1.34306 -0.717947 0.543627 4
-3.78168 -0.854237 0.5317 4
0.190466 0.576525 -0.160627 3
0.139462 0.540436 -0.0222702 3
0.0460273 -0.0840855 0.0288304 1
0.0595688 0.0592689 0.106134 1
0.0702511 -0.067211 -0.484756 1
-0.393946 0.0726172 0.0548297 1
0.15458 -0.323571 -0.114535 1
0.0191526 -0.0249124 0.305043 1
0.0903591 -0.175375 -0.226274 1
0.110002 0.264878 -0.00594262 1
-0.273111 0.348401 0.294396 1
0.168226 -0.103586 0.0449354 1
-0.110056 -0.0831698 0.103278 1
-0.0577155 -0.339259 0.701958 1
-0.011429 -0.135823 0.0382122 1
0.0614286 -0.300145 -0.23344 1
