# 1 = ball
# 2 = lepton
# 3 = photon
# 4 = PID > 100
# 5 = neutrino
# 6 = other
0.0711759 -0.0713642 -0.31642 3
0 0 -0.000198484 3
0.130563 0.812365 0.716463 4
0.150866 -0.142258 0.193451 4
-2.79593 -0.992011 0.426965 4
-0.25365 0.0993959 0.155337 4
8.16545 1.84086 -5.00174 4
2.92726 0.234008 -1.81744 4
1.82019 0.682899 -1.06035 4
1.17324 -0.129982 -0.981274 4
0.280995 0.630997 -0.970391 4
-0.382607 -1.26085 -0.174324 4
-0.245514 0.0106208 -0.0870981 4
-1.74812 -1.62675 -0.837436 4
-0.262828 -0.535582 0.141685 4
-1.87799 -1.87898 0.9166 4
-0.484796 -0.526973 -0.523766 4
1.18189 0.882244 -1.23071 4
-0.587095 -0.169201 0.320623 3
0.0697407 0.119597 0.0258599 3
-0.481936 -0.0165742 0.41244 3
-0.843064 0.137719 0.646943 3
-7.40408 0.448564 5.83633 2
-4.02185 -0.446799 3.05808 5
0.887967 0.0315766 -0.554536 2
1.73021 0.256977 -0.345373 5
-0.133307 -0.00763237 -0.215463 3
-0.117352 -0.0808949 -0.0680749 3
-0.335738 -0.184299 -0.0968682 3
-0.151076 -0.205652 -0.0638061 3
-0.239807 0.0286029 0.175074 4
0.188294 0.0907917 0.259467 4
-0.414069 0.270947 -0.344874 4
-0.20334 0.0182072 0.0270533 4
-4.19978 -0.0167744 2.33169 3
-0.299881 -0.0223353 0.201271 3
-4.20006 -0.381183 3.2801 4
12.4003 1.22399 -5.83803 4
4.22677 0.751413 -1.74388 4
0.00861066 -0.0699866 0.0324562 3
0.0179134 -0.0221515 -0.0953013 3
0.0764209 0.0542724 0.0840199 3
-0.0580333 0.0433364 0.0412218 3
-0.493437 0.0523334 0.441472 3
-3.2725 0.0665225 2.64275 3
