# 1 = ball
# 2 = lepton
# 3 = photon
# 4 = PID > 100
# 5 = neutrino
# 6 = other
0.00147284 -0.00147102 0.00835636 3
31.2055 2.00449 -16.0438 4
-0.320103 -0.202819 0.0739037 4
-0.310154 -0.308295 0.387982 4
-4.77225 -0.960697 3.06707 4
-12.1753 -0.258435 6.05798 4
-10.7403 -0.927785 6.04444 4
-0.528956 -0.417123 0.697477 4
-0.339615 0.273847 0.330982 4
-0.306581 0.256633 -0.377052 3
-0.0235416 -0.00103827 0.00683432 3
-0.163129 0.0186471 -0.162601 1
0.28814 -0.379702 -0.762203 1
0.196386 -0.494884 0.593852 1
0.338028 0.0546658 -0.472606 1
0.227209 0.129372 -0.161607 1
-0.531344 0.438433 0.296752 1
-0.0658246 0.311601 0.504016 1
-0.844593 -0.0258601 0.283202 1
0.427667 -0.175379 -0.181111 1
-0.104081 -0.010655 0.605164 1
0.689797 -0.172736 -0.30745 1
-0.314093 0.475824 -0.0859533 1
0.0631698 0.0926529 0.0905555 1
-0.121985 0.0648274 -0.172413 1
-0.00445542 0.283127 -0.0665157 1
0.0306591 0.265031 0.117316 1
0.722818 -0.199894 0.297767 1
0.0246708 -0.30732 -0.384472 1
-0.762643 0.809929 -0.466617 1
-0.433258 -0.483158 -0.27159 1
0.502524 0.0516473 0.0499875 1
-0.150706 0.043529 -0.349915 1
0.242998 -0.135135 -0.541402 1
-1.43892 0.595678 1.04838 1
-0.158904 -0.859936 0.00780661 1
0.342736 0.0331208 -0.228547 1
0.289369 0.298591 -0.0346304 1
-0.365592 -0.395409 0.0898286 1
0.420495 0.284205 0.0961644 1
-0.0968905 -0.229817 -0.0171264 1
-0.646218 -0.0442174 0.26832 1
-0.0592385 0.0720326 0.0994745 1
-0.270116 0.079275 0.0261465 1
0.0351324 0.0546068 -0.0621857 1
