# 1 = ball
# 2 = lepton
# 3 = photon
# 4 = PID > 100
# 5 = neutrino
# 6 = other
-0.0122525 0.0060074 0.744315 3
0.000883761 -3.78867e-05 0.00021118 3
0.784204 2.69243 -1.13763 4
0.312815 2.29378 -1.66299 4
0.0471956 0.58254 0.0767056 4
0.444845 1.27176 -1.08151 4
0.868703 0.464661 0.801043 4
-4.6457 -11.5127 2.31557 4
2.44755 9.3638 -4.45191 4
1.84434 7.94406 -3.50611 4
-0.0312012 0.146143 -0.207742 4
-0.155559 0.176055 -0.14723 4
-0.0488309 -0.424555 0.423279 4
0.120954 -1.52222 -0.149552 4
-0.348551 -0.814029 0.549855 4
0.164137 -0.0503263 0.307321 4
0.333727 0.190236 -0.729102 3
0.0660268 -0.0227169 -0.133357 3
0.0122899 -0.0224309 0.384466 4
0.398774 0.114108 0.48467 4
0.0309887 -0.0805162 0.0621316 3
-0.0291505 -0.18707 -0.042479 3
0.333946 -1.41286 1.01333 4
-0.190751 -0.618958 0.434199 4
-0.343391 -1.13029 1.09089 3
-0.00884912 -0.0348438 0.00664985 3
-2.17284 -5.83351 1.73822 4
-0.243525 -0.769969 0.247648 3
-1.22046 -1.97203 0.48767 3
-2.96664 -6.47105 1.88 3
0.81286 2.8553 -1.57915 3
0.964628 2.91677 -1.58156 3
-0.00513055 0.0874831 -0.0507865 3
0.350372 0.706507 -0.473102 3
0.0913559 0.519056 0.0328539 3
0.146747 0.982029 0.247573 3
-0.0497139 -0.318526 0.0757599 3
-0.0868941 -0.0802447 0.00248989 3
0.0070645 0.0150086 -0.00265559 3
0.248891 -0.251322 0.175177 3
0.0508727 -0.220655 0.342965 3
0.0109148 -0.222105 0.151063 3
0.557209 0.343088 1.01302 1
0.00943965 -0.0246884 -0.0242537 1
0.315281 -0.0675665 -0.144209 1
0.241091 0.159545 0.054981 1
-0.0616254 -0.203185 -0.112654 1
-0.00642186 -0.0932476 -0.0773145 1
-0.232095 -0.22955 0.0540258 1
-0.182198 -0.0718768 -0.0966731 1
0.679918 -0.0149234 0.805022 1
-0.265076 0.440072 0.279729 1
-0.139121 -0.0995641 -0.152315 1
-0.00739056 0.0634167 -0.321582 1
0.191362 0.283494 0.567044 1
1.16957 0.164677 0.226835 1
-0.0603376 0.40126 -0.66463 1
-0.590671 -0.0731454 1.47708 1
-0.125713 -0.504423 0.0795198 1
0.171128 0.171852 -0.102807 1
