# 1 = ball
# 2 = lepton
# 3 = photon
# 4 = PID > 100
# 5 = neutrino
# 6 = other
0.0711092 0.104823 -0.342817 3
-1.59398 -0.853826 2.0536 3
-0.0660359 -0.148471 0.0214351 3
-0.000177595 0.00077451 -0.000276581 3
4.96298 4.77468 -12.5971 2
0.00876881 0.00865616 -0.0229776 3
-10.1504 -12.9437 37.3301 2
3.50505 4.39046 -13.3275 4
2.85794 4.75244 -12.0208 4
0.0787927 0.0645717 0.148997 1
-0.231108 -0.174799 -0.698322 1
-0.0872235 -0.130255 0.0998098 1
0.0754417 -0.127162 -0.295255 1
0.0353867 -0.0350492 0.039604 1
1.01762 0.454149 -0.909227 1
-0.0477218 -0.174843 0.089571 1
-0.426335 -0.0413419 0.26361 1
-0.0236682 -0.264327 -0.00120434 1
0.234786 0.303774 -0.132973 1
-0.220575 0.0392674 0.300094 1
-0.000655334 0.000139046 0.00177057 1
