# 1 = ball
# 2 = lepton
# 3 = photon
# 4 = PID > 100
# 5 = neutrino
# 6 = other
-0.00369334 0.00147029 0.00690053 3
-0.534285 -0.446346 -0.547466 4
0.424974 -1.86093 0.490225 4
-0.417819 -0.718325 0.368548 4
0.930305 -1.88867 2.22016 4
0.0713684 -0.131788 -0.643965 4
1.41041 -2.22926 1.85271 4
0.296147 -1.66281 0.793856 4
1.11066 -2.03025 1.80707 4
3.45808 -7.16403 4.60518 4
3.66617 -9.18519 7.66788 4
-1.99648 5.76822 -4.21833 4
-0.627055 2.13987 -1.3665 4
-1.28645 3.66786 -2.0432 4
-0.438894 1.59621 -1.18194 4
0.398887 0.270646 -0.488264 4
-6.71334 17.271 -11.8755 4
-0.345493 0.834413 -0.869071 4
0.170187 -0.237056 0.303013 4
-0.0799472 -0.494801 0.104861 4
0.180682 -0.00404357 0.0638126 3
0.218 -0.154537 0.0432172 3
0.0641947 -0.179514 0.145353 3
0.928248 -2.93988 1.71599 3
-0.144922 0.287418 -0.22428 3
-0.409065 0.482515 -0.590914 3
0.350147 0.355371 0.382525 3
0.0831465 0.196255 0.213177 3
-0.0105688 -0.0911138 0.0205846 3
-0.223399 -0.469797 0.421804 3
0.0652673 -0.197514 -7.46367e-05 1
-0.0307032 -0.478975 0.0719749 1
-0.0441817 0.0156242 -0.0172572 1
-0.128014 -0.13802 -0.0342597 1
-0.395177 0.0339694 0.193321 1
0.44386 -0.0572329 0.049568 1
-0.0284213 0.00744053 0.00808455 1
0.0286353 0.0195241 0.0122596 1
-0.216675 0.0643809 0.012738 1
0.106278 -0.0760718 -0.012001 1
0.0595122 0.0482089 -0.0099076 1
0.0928709 -0.211011 -0.0485972 1
-0.202434 0.204052 -0.00877092 1
0.125635 -0.0644203 0.101819 1
0.0252614 0.0532949 0.0204952 1
-0.161403 -0.058212 -0.0334792 1
-0.134189 -0.0537997 0.328218 1
-0.147514 -0.0372636 0.26729 1
0.0103397 -0.058473 -0.0775411 1
0.00085846 0.00159146 -0.00133182 1
