# 1 = ball
# 2 = lepton
# 3 = photon
# 4 = PID > 100
# 5 = neutrino
# 6 = other
-0.00240453 0.00131394 -0.00382335 3
8.30617 -5.30999 -2.02278 4
4.76462 -2.38089 -0.170384 4
1.85503 -1.77053 -1.37399 4
0.117716 1.32119 -0.0786013 4
0.285893 1.07974 -0.338833 4
-0.0099143 0.0219239 -0.0525539 4
-0.0172566 1.23505 -0.0588523 4
0.445399 2.14942 -1.31565 4
-0.150612 -0.08915 0.203253 4
-1.24259 0.525932 0.31296 4
0.0601675 -0.0447206 0.015879 4
-1.05368 0.0756067 0.40738 4
-2.81616 -1.53046 1.81698 4
8.30468 -4.30155 -1.60716 4
1.42305 -0.531329 0.104659 4
-0.0353054 0.392309 -0.302459 4
0.29967 0.33772 -0.398918 4
0.223199 3.02698 -0.47766 4
-0.247827 0.0033044 -0.178081 4
-0.53319 -0.0841841 0.085235 4
-2.40545 -0.81276 1.92962 4
-5.76275 -2.0433 3.60256 4
-0.240526 0.23557 -0.145209 3
-0.553908 0.425583 -0.118158 3
-1.47978 1.56086 0.642855 4
-0.656705 0.802274 -0.0378084 4
-1.26068 0.551342 0.0278905 3
-2.52476 1.30427 0.120719 3
-0.0989789 -0.0226573 -0.0281361 3
-1.19011 -0.238018 0.130758 3
-0.710482 0.000711492 0.187103 3
-1.92987 0.0342341 0.739607 3
0.0238206 -0.0204221 -7.45216e-05 3
0.21537 0.203043 0.125225 3
0.728643 0.225071 -0.260009 3
0.0879216 0.0772736 -0.0616659 3
-0.00405665 0.0460272 0.00754038 3
-1.36298 3.05056 0.862239 3
-1.13742 -0.298283 0.46847 3
-0.828832 -0.123376 0.408782 3
0.089044 0.815831 -0.0505956 3
-0.0431618 0.291337 -0.0482431 3
0.092002 0.0741042 -0.0178898 3
0.0209808 0.247213 -0.0229452 3
0.117279 0.504413 -0.0714164 3
0.0566815 0.200336 -0.118699 3
-0.573997 0.617947 0.262935 3
-0.34356 0.244396 0.0883369 3
-0.146045 -0.220313 -0.193706 1
0.151803 0.0489425 -0.0161375 1
0.0394389 0.229805 0.202463 1
-0.312163 -0.285643 -0.20468 1
-0.0962279 -0.0896372 -0.0865433 1
0.482449 -0.548751 -0.538762 1
-0.0753456 -0.034454 0.426327 1
-0.0896062 0.425426 -0.12764 1
0.0470903 0.345783 0.131454 1
-0.00989503 -0.0676885 -0.0350212 1
-0.0815768 0.10508 0.0296806 1
0.295454 -0.268597 -0.106496 1
0.238858 -0.4059 -0.127301 1
0.194851 0.0229639 -0.7792 1
0.228001 -0.289619 0.542576 1
0.148609 -0.0971162 0.124959 1
0.186033 0.248473 -1.17097 1
1.07382 -0.582278 -0.929494 1
0.149478 -0.115722 -0.0882076 1
-0.7254 -0.502018 -0.243693 1
