# 1 = ball
# 2 = lepton
# 3 = photon
# 4 = PID > 100
# 5 = neutrino
# 6 = other
0.00175555 0.00196227 -0.00629041 3
-0.0175344 -0.160099 0.0524302 4
-0.372124 0.587057 -0.356049 4
-4.0559 1.56874 1.42322 4
-0.614401 1.04744 0.110189 4
-2.03636 2.13242 1.15951 4
-1.46805 1.13771 1.1009 4
-7.35488 4.57081 2.81164 4
-2.2441 1.34555 1.42553 4
8.03548 -5.58661 -3.6484 4
1.06084 -0.866237 -0.566288 4
6.39362 -3.17096 -2.26942 4
0.02595 -0.185174 0.0940918 4
1.782 -1.01152 -0.493479 4
1.48488 -0.793575 -0.808201 4
0.293086 -0.164335 -0.163897 3
-0.00566086 -0.0132749 -0.00831368 3
0.612016 -0.335464 -0.344744 3
0.173748 -0.552532 -0.320996 3
-0.0154698 -0.0988542 -0.0962461 3
-0.469557 0.83593 0.875739 4
0.0116651 0.203541 0.00583201 4
-0.976199 0.673021 0.32877 3
-1.81808 1.31321 0.936202 4
-1.07027 0.458731 0.331664 4
-0.592165 0.327648 0.246895 3
-4.08396 2.17294 2.05946 3
8.75492 -6.23279 -4.65553 3
3.51936 -2.49988 -1.77732 3
-0.115608 0.214866 -0.505415 3
-0.0932369 0.0328862 -0.115455 3
0.0367748 -0.181403 -0.0595132 3
0.0489677 -0.0293784 0.0417603 3
-0.021765 0.0681445 -0.104694 3
0.000802849 0.0175872 0.0425372 3
0.038656 -0.040673 -0.0728548 3
-0.052034 -0.0293339 0.0296403 3
0.0380937 0.0218452 0.140344 3
-0.0722898 0.104046 0.125013 3
-1.14955 0.467431 0.719756 4
-0.861197 0.609546 1.01477 4
-1.70407 1.02903 1.03005 3
-0.758667 0.409251 0.359583 3
-0.0118035 0.0358977 0.0182941 1
0.0192175 0.0446139 -0.145804 1
-0.0310015 -0.0844773 0.00838508 1
-0.109448 0.0309928 0.0590065 1
0.546867 -0.679896 0.814157 1
-0.815557 0.0750127 -0.334652 1
0.940324 0.594599 -0.467951 1
-0.828103 0.584013 -0.0438711 1
