# 1 = ball
# 2 = lepton
# 3 = photon
# 4 = PID > 100
# 5 = neutrino
# 6 = other
-0.00111401 0.000861673 0.00130988 3
0.606403 -1.19915 0.0466042 4
-0.440555 -3.35855 0.624865 4
0.105651 -0.0696065 -0.719372 4
0.302132 -0.743052 -0.0128338 4
-0.442617 0.725516 -0.161208 4
0.105621 1.41684 -0.287558 4
0.409464 0.560298 0.278982 4
-0.123514 -0.110305 -0.108166 4
0.110221 0.460272 0.516503 4
-0.396169 -1.36881 0.798835 4
-0.51913 -3.68762 0.828159 4
-0.373585 -0.334802 -0.073861 4
0.177924 -0.293014 0.46505 4
-0.172245 -0.0250847 0.124988 4
-0.0301667 -0.0421564 0.106516 3
-0.073447 -0.164873 0.0323528 3
-0.109166 -0.0992408 0.00660763 3
0.0297364 -0.0575919 -0.0407868 3
-2.96205 16.1 6.17571 4
-0.0273981 1.35731 -0.00869553 3
-0.145746 1.44828 0.0677875 3
0.503104 -1.46869 -0.652301 3
-0.22489 -0.257933 -0.10772 4
-0.397471 -0.276124 0.0912872 4
-0.0181771 -0.543996 0.325888 4
0.136834 -0.322009 0.10623 3
-0.0218954 -0.009106 -0.00291683 3
0.146489 -0.0744075 -0.0694873 3
-0.0532216 -0.140775 -0.0381817 3
-0.0476311 -0.683057 -0.398728 3
0.682193 -3.24128 -2.08962 4
-0.000434276 0.0306103 -0.0509504 3
-0.295297 0.0906624 -0.1832 3
-0.0821764 0.986544 0.00874677 4
0.0294112 0.0385113 0.00118629 3
-0.123732 0.469126 -0.0114694 3
0.869341 -3.62477 -1.78449 4
-0.842983 3.64468 0.276645 4
0.618573 -1.18861 -0.897287 3
0.633852 -1.0935 -0.270103 3
0.0409528 -0.642478 -0.608414 4
1.61457 -4.39557 -1.66681 4
-0.441953 2.31189 0.393176 4
-0.219255 1.59916 -0.282623 4
-0.362782 -0.76369 -0.0413186 3
0.00311995 -0.0120963 -0.0170942 3
0.147437 -0.100316 0.117304 1
0.179815 0.233413 -1.20751 1
1.06603 -0.601491 -0.976005 1
0.148235 -0.118845 -0.0957522 1
-0.795973 -0.559803 -0.29563 1
-0.110294 0.253671 0.0725509 1
-0.363526 0.166741 -0.0335383 1
-0.114806 0.137858 -0.00362552 1
-0.105433 -0.0466047 0.468507 1
0.709446 0.202333 -0.199188 1
0.0195213 0.545529 0.517255 1
0.142842 0.254915 0.033937 1
-0.0556495 0.0600883 0.422461 1
0.417621 0.00225011 -0.22029 1
-0.202195 -0.0536838 -0.256815 1
-0.226025 0.429772 0.148543 1
-0.44399 0.593363 -0.425551 1
0.25154 0.581625 -0.380486 1
0.211887 -0.935143 1.37371 1
-0.193435 -0.236321 -0.227119 1
0.0712164 0.0905088 0.0850949 1
0.0853192 0.0268385 0.264406 1
-0.0363571 0.0939257 -0.0273119 1
-0.0426976 0.0434699 -0.0686109 1
-0.0218148 0.0733094 -0.00707153 1
0.0250753 -0.00943228 0.0150936 1
0.48472 0.0812679 -0.099267 1
-0.172655 0.0169705 -0.73968 1
-0.125513 -0.285729 0.674187 1
0.703241 -1.33861 0.319111 1
0.0378489 -0.0639837 -0.0509651 1
-0.0829735 0.0696091 -0.109696 1
0.436313 0.0633375 0.0889174 1
0.0801592 0.0198218 -0.0277751 1
-0.192376 -0.0265934 -0.139742 1
-0.105768 -0.614568 0.296953 1
-0.00357395 0.00185958 0.00135696 1
