# 1 = ball
# 2 = lepton
# 3 = photon
# 4 = PID > 100
# 5 = neutrino
# 6 = other
6.59376 -4.30782 8.05656 4
9.62928 -6.42864 12.5669 4
0.302524 0.0378466 1.25793 4
-0.163136 -0.133934 -0.162441 4
0.112469 0.00325304 0.542242 4
-0.148886 0.568692 -0.546736 4
-4.30815 3.32509 -6.88336 4
-5.57058 4.10912 -8.90924 4
3.55514 -2.54573 4.12236 4
1.13489 -0.715437 1.7002 4
0.19938 -0.123258 0.0124668 4
0.654143 -0.546857 0.242085 4
0.736313 -0.336645 0.547213 4
-1.57788 0.78701 -1.65877 4
-2.93898 2.11133 -4.03697 4
-0.320603 0.472167 -0.496634 4
-0.143195 -0.0720958 -0.17978 4
-0.00249239 0.0315016 -0.100028 4
-0.0213234 -0.0167362 0.00416648 3
-0.0211244 0.163481 -0.153818 3
-0.827085 0.152856 -1.16964 3
-1.88274 0.456838 -2.40569 3
-2.19862 1.04474 -1.59308 3
-1.01907 0.50666 -0.854845 3
0.0413704 0.00977004 0.00612702 3
-0.00213394 -0.104604 0.185163 3
-0.0914475 0.0145525 -0.00427431 3
-0.00981086 0.0130262 -0.0131215 2
-0.224389 0.248432 -0.00998062 2
-0.0758174 -0.00992978 -0.0940032 3
-0.216659 0.142715 -0.103469 3
-0.295195 -0.0595088 -0.016075 1
0.0239735 -0.165407 0.0185833 1
-0.181839 0.0995263 0.00110885 1
-0.230185 -0.0881068 -0.121485 1
0.20276 0.0830237 0.00856685 1
0.0393784 -0.024595 -0.0150636 1
-0.0679561 -0.0596674 0.0154499 1
-0.000879283 -0.0719102 -0.0630207 1
-0.289799 -0.115617 -0.188954 1
-0.0834031 -0.0711099 -0.118459 1
-0.247256 -0.10836 -0.314816 1
0.0694968 -0.0521287 -0.110053 1
0.127127 0.0822222 -0.0891942 1
0.123954 0.0388812 -0.000149911 1
0.0108342 0.0415157 0.27176 1
-0.0437208 -0.134431 0.00913981 1
0.00927335 0.022775 0.0270275 1
-0.153594 -0.0246673 0.41168 1
0.0196348 0.0373781 0.0363027 1
-0.214687 0.30272 0.00795605 1
0.150144 0.196291 -0.00978497 1
0.131999 0.0397271 -0.0586162 1
-0.152611 0.262574 0.169094 1
-0.0919223 0.205189 -0.124802 1
-0.0642702 -0.04975 0.0515438 1
-0.171179 -0.0147084 -0.00495846 1
-0.0188895 0.0949007 0.0237095 1
-0.122927 0.0103533 0.181695 1
-0.0379798 -0.0630323 -0.00362827 1
0.198238 0.14963 0.0948339 1
-0.116995 -0.0362098 -0.109624 1
-0.0630947 0.170619 0.0737383 1
0.332487 0.195486 -0.0301684 1
0.119565 0.0641881 -0.0296317 1
-0.167826 -0.0786449 0.062423 1
-0.126624 -0.00281382 -0.0489237 1
0.0920832 0.11081 -0.0437769 1
-0.0560922 0.000925317 0.00976515 1
0.124679 -0.136277 0.242922 1
0.0260864 0.292773 -0.0833899 1
0.00205429 -0.00196395 -0.000227742 1
