# 1 = ball
# 2 = lepton
# 3 = photon
# 4 = PID > 100
# 5 = neutrino
# 6 = other
-1.40872 -3.9355 0.522796 4
-1.03946 -2.3718 -0.0564079 4
0.174071 1.14391 -0.168438 4
-3.51833 -7.77134 1.45409 4
-0.142532 -0.69602 -0.20475 4
0.22306 0.0526611 -0.20153 4
0.70349 -0.0596186 -0.261195 4
0.196765 0.194907 -0.295947 4
0.56821 1.73444 -0.112064 4
0.914682 0.860845 -0.156878 4
1.07201 2.18448 -0.181132 4
0.0273228 0.287844 -0.0603665 4
0.232976 3.75071 0.263844 4
-3.14221 -6.88804 0.0115682 3
-0.343818 -0.810326 -0.0382313 3
-0.0391622 -0.22087 0.0190205 3
-1.86487 -6.78684 0.213406 3
0.0881605 -0.326212 -0.196355 3
0.0295961 -0.0107453 -0.0634495 3
-0.372871 -0.325646 0.470894 3
-0.0479763 -0.0549296 0.0118964 3
-0.208431 -0.36256 -0.451261 3
-0.285018 -0.825214 -0.79535 3
2.05287 10.5698 -0.612294 4
1.71634 7.94596 -0.480865 4
-0.118095 -0.615882 0.136358 3
-0.0944683 -0.170348 0.0880626 3
-1.2159 -4.7676 0.173636 3
-0.302049 -0.93981 0.0344139 3
0.163998 0.118372 -0.131533 3
0.222198 0.356186 -0.152285 3
0.0284012 0.0334443 -0.0769929 3
-0.0919311 0.286706 -0.220777 3
1.61927 1.96759 -0.336274 3
0.0541629 0.0708368 -0.0267917 2
0.213031 0.260513 -0.084331 2
-0.0746391 0.321874 0.00436982 3
0.0179641 0.693725 -0.0770843 3
1.01554 2.36048 -0.0478509 3
0.158208 0.43606 -0.0593621 3
1.52314 1.30578 2.26819 1
0.15165 -0.00265328 -0.18681 1
-0.133172 -0.175522 -0.454828 1
-0.0471046 0.424258 0.187752 1
0.683429 0.739989 0.744935 1
0.445157 0.428078 0.233525 1
-0.354801 0.280952 -0.209439 1
0.548308 -0.613036 0.427082 1
-0.0881479 -0.112317 -0.359707 1
-0.133011 0.0414675 0.543187 1
0.46122 0.21871 -1.0342 1
-0.0947488 -0.221976 -0.0560312 1
-0.0823902 0.267668 0.187756 1
-0.06137 -0.273446 -0.146036 1
