# 1 = ball
# 2 = lepton
# 3 = photon
# 4 = PID > 100
# 5 = neutrino
# 6 = other
-0.101322 -0.0221102 0.0710848 3
-1.75078 0.308784 -1.0517 4
-0.665695 -0.337331 -0.119308 4
-0.709867 0.0445625 -0.525977 4
0.052164 -0.078094 0.529006 4
-4.21877 0.198125 -1.90486 4
-0.457315 -0.198045 -0.809143 4
-0.834163 -0.30145 -0.907057 4
-0.690293 -0.524769 0.0848833 4
0.192157 0.140433 0.0588985 4
0.65999 -0.133921 0.661646 4
0.721178 -0.211227 0.461627 4
0.266099 0.0211082 0.214972 3
-0.453515 -0.032909 -0.347539 3
-0.805345 0.0830716 -0.764935 3
-1.64458 -0.605843 -1.17324 3
-0.287422 -0.101104 -0.139625 3
-0.283281 0.115518 -0.124164 3
-0.286195 0.215604 -0.0290127 3
0.874905 0.23665 0.701618 3
0.27901 0.00738635 0.262206 3
-6.31733 1.11915 -4.03472 4
-1.36954 -0.0199913 -1.59513 4
-0.0759194 0.00951515 -0.0971487 4
-5.15297 1.17602 -3.41364 4
5.16026 -1.27939 2.74658 5
9.67425 -1.66384 6.88134 2
-1.52264 0.189061 -1.91602 4
-1.4631 0.326735 -0.90024 4
-1.69533 -0.142874 -2.17846 4
-0.641941 -0.000385221 -0.712147 3
-1.67598 0.196247 -1.73432 3
0.0944872 -0.00671555 0.0280782 3
0.884493 0.0215494 0.721584 3
2.93686 0.0225018 2.55538 4
6.73503 0.102956 5.83549 4
4.17025 0.523239 3.00696 4
0.435657 -0.154534 0.29288 3
0.509202 -0.0365821 0.367909 3
0.0403645 -0.076732 0.0120706 1
-0.0101035 -0.0861703 0.0747956 1
-0.259263 0.044823 -0.137672 1
-0.0115702 -0.029564 -0.00881483 1
-0.0148488 -0.0518594 0.00568455 1
0.0258444 0.0964894 0.121427 1
0.221829 0.369317 -0.738761 1
0.208352 0.123051 -0.0450527 1
0.0332512 -0.0593596 0.0236605 1
-0.355084 0.36652 -0.275374 1
-0.0278842 0.232789 0.0446942 1
0.0440508 -0.0744567 0.0894237 1
-0.19977 -0.124144 0.000191043 1
-0.0126682 0.051686 -0.0515011 1
-0.115507 -0.187507 -0.0542632 1
0.0883576 0.160949 -0.114635 1
-0.256642 0.0486481 0.0574847 1
0.0413566 -0.0196079 0.0160696 1
0.0163553 0.0093075 -0.0247885 1
0.000878712 -0.00128381 0.00162519 1
