# 1 = ball
# 2 = lepton
# 3 = photon
# 4 = PID > 100
# 5 = neutrino
# 6 = other
0.345552 -0.657869 -19.0137 3
3.50766e-06 -7.07678e-06 0.000213701 3
-0.455107 0.535906 1.04821 3
-0.000356241 0.00367591 0.00532225 3
-1.62161 -0.93402 0.71558 5
-10.6513 -8.86692 3.536 4
0.551617 0.596953 0.22403 5
10.9802 6.25601 6.6884 2
8.18534 5.55372 5.13602 5
-0.733259 -0.573531 0.251587 3
-0.81354 -0.624983 0.426726 3
-1.1131 -0.829935 0.4822 3
-3.49549 -2.83739 1.73102 3
-0.0907776 0.0881566 -0.633107 1
0.448088 0.759545 -0.206082 1
-0.380219 -0.167085 -0.202096 1
-0.354044 0.459869 -0.078891 1
0.488368 -0.438868 -0.195136 1
-0.101761 -0.0688747 -0.0622107 1
0.184969 0.441405 -0.189861 1
0.252295 -0.212651 -0.222824 1
-0.702015 -0.34828 -0.716418 1
0.540056 -0.170686 -0.690713 1
-0.278782 0.317654 0.14905 1
0.306596 1.43165 -0.400293 1
-0.797093 0.399802 1.32204 1
0.0720664 -0.177074 -0.320513 1
-0.137307 -0.0212766 0.00474542 1
-0.161787 -0.32341 -0.343297 1
-0.103328 -0.0027186 0.126592 1
0.382135 0.593761 -0.164074 1
-0.146658 -0.0117566 -0.0793265 1
-0.0293045 -0.410796 -0.00775993 1
-0.331113 -0.0107848 -0.446799 1
-0.275247 -0.0239297 0.168634 1
0.297929 0.148549 0.342032 1
-0.0470218 -0.253829 0.256037 1
-0.061213 0.339803 -0.0105972 1
0.0180275 0.277021 0.132348 1
-0.524963 -1.23894 0.865118 1
0.482464 -0.148608 -0.359985 1
0.0234067 -0.0762501 0.432034 1
0.0768515 -0.0606569 0.0633496 1
0.156448 0.706978 -0.225211 1
0.0231614 0.0739867 -0.0216877 1
-0.0166214 -0.0235148 0.0352509 1
-0.0245715 -0.000708703 0.0312227 1
-0.367902 0.530901 0.416846 1
