# 1 = ball
# 2 = lepton
# 3 = photon
# 4 = PID > 100
# 5 = neutrino
# 6 = other
-2.02901 0.945689 3.11718 3
-0.0424363 -0.459808 -0.0963013 4
0.19859 -0.793967 -1.73483 4
-0.256735 -0.309805 -0.584824 4
0.172555 -0.364289 -1.05095 4
0.433141 -1.1702 -1.07781 4
0.403198 -0.111586 -0.437798 4
2.27776 -2.555 -0.427892 4
9.08467 -6.72381 0.500093 4
1.05392 -1.09919 -0.0213334 4
-2.21553 2.47232 1.02158 4
-0.553728 -0.00951211 -0.579787 4
0.175606 -1.05165 -0.920614 4
0.201941 -0.706651 -0.773313 4
0.76124 -0.660013 -1.2923 4
3.37327 -3.57261 -0.241449 4
1.92911 -1.78617 0.0378549 4
0.0663348 -0.0466997 0.00159622 4
-5.12268 7.1934 1.74987 3
-0.704251 1.01242 0.195041 3
-1.75755 2.46076 0.463569 4
-1.971 2.97814 0.348363 4
-0.30593 0.228786 0.15562 4
-0.290086 -0.00723451 -0.0880557 4
-0.120484 0.693945 0.328832 3
-0.104157 0.178969 0.0943333 3
0.33149 -0.308912 -0.0470964 3
1.28359 -2.2694 -1.36633 3
-4.46826 4.96416 1.21408 3
-3.23678 3.43978 0.813621 3
-0.644777 0.584354 -0.182651 3
-0.0318451 0.0357154 0.0213954 3
0.217104 -0.297314 -0.09367 3
0.052751 -0.214845 0.00412176 3
3.87236 -3.29638 0.747618 3
0.00273053 -0.00940176 0.00334205 3
-0.385353 0.455963 0.126038 3
-0.415715 0.304912 0.077322 3
0.0153581 0.250489 0.275754 3
0.000393663 0.0199869 -0.01632 3
-0.0399985 0.116305 -0.0248259 1
-0.43824 0.314944 -0.239897 1
-1.22553 -0.142366 0.49539 1
0.871054 -0.900236 -0.617149 1
-0.135491 0.155007 -0.0360488 1
-0.321467 -0.2462 -0.15664 1
0.0224562 0.0295872 0.340247 1
0.0817001 0.134241 0.175339 1
-0.0652822 0.143374 -0.200211 1
