# 1 = ball
# 2 = lepton
# 3 = photon
# 4 = PID > 100
# 5 = neutrino
# 6 = other
3.00101e-06 2.38214e-06 -0.000340158 3
0.0711887 1.30657 0.456703 3
-0.950925 1.02017 -1.20706 4
-0.296661 -0.0855001 0.0841554 4
-1.34697 0.975557 -1.71581 4
2.13905 -2.53161 2.25582 4
11.577 -13.396 13.2238 4
-5.0388 6.3978 -5.18086 4
-4.34163 5.50209 -6.16714 4
0.485664 -0.039661 0.240057 4
0.00739811 -0.177454 -0.0980452 4
-3.32121 3.79174 -3.18412 3
-2.08935 2.4614 -2.15359 3
-0.360175 0.265675 0.0939302 3
-0.202254 0.145256 -0.0483751 3
0.376407 0.0753703 0.0112831 3
0.00943317 0.0393811 0.00540037 3
1.7221 -2.09514 1.57259 4
0.631849 -0.799663 0.887649 4
0.318466 -0.391755 0.352518 3
1.23276 -1.9694 1.67582 3
0.0538764 -0.294922 -0.562047 1
0.00622158 -0.0624014 0.00468341 1
0.453564 0.0929512 -0.169685 1
-0.24439 0.278748 0.643028 1
-0.116744 -0.181638 -0.0125071 1
0.199702 -0.123664 0.0282116 1
-0.884043 0.389965 -0.320593 1
-0.306664 0.424212 0.400481 1
-0.161873 -0.151971 -0.00892356 1
0.176935 -0.187804 -0.288728 1
1.56591 -0.365332 1.00013 1
-0.19528 0.288686 -0.52814 1
0.0566046 0.088971 -0.51102 1
-0.132263 0.0235329 -0.478446 1
-0.195097 -0.288514 0.360404 1
-0.0658669 0.076585 -0.0816361 1
0.180087 -0.184486 -0.525402 1
0.105636 -0.139055 -0.151062 1
-0.0723788 0.0790043 0.0607018 1
-1.2092 -1.00752 -0.280612 1
-0.339849 0.158132 0.268417 1
-0.329289 0.584991 0.0625385 1
-1.14653 0.357793 0.473101 1
0.584252 -0.136159 0.0931703 1
-0.00205786 -0.213224 -0.0049432 1
0.517056 -0.497319 -0.479853 1
0.330966 -0.654427 1.42841 1
-0.0365182 0.208686 -0.00509047 1
0.635107 0.451413 -0.859514 1
-0.0511965 0.489993 -0.659435 1
