# 1 = ball
# 2 = lepton
# 3 = photon
# 4 = PID > 100
# 5 = neutrino
# 6 = other
0.63251 -0.0422026 24.743 3
0.357387 0.131342 -0.701844 4
-0.494821 -0.0803923 -0.561177 4
0.868002 0.0619286 -1.08638 4
0.938146 -0.202727 -0.00203343 4
0.146627 -0.666899 -0.480855 4
-3.63435 -2.02602 -6.36608 5
-1.93497 -1.02357 -1.04436 2
-0.318388 -0.30601 -0.568942 4
-0.698024 0.00103306 -0.789839 4
-0.0442568 -0.00450625 -0.00893934 3
-0.00388905 -0.0357806 0.170727 3
-0.0328955 0.048843 -0.120031 3
0.0446416 -0.0474034 -0.041839 3
0.720456 0.161973 -0.0869555 3
-4.61753 -1.3416 -7.48369 4
-0.999812 -0.937227 -2.86251 4
-0.362784 -0.107705 -0.760085 3
-0.444434 -0.19798 -0.701561 3
2.26755 1.60636 0.284736 4
-0.000719015 0.00186709 0.00483659 3
2.29209 1.55348 1.06996 3
5.75991 1.92034 0.739528 4
-0.334031 -0.142106 -0.489165 3
-2.30982 -0.788001 -3.81909 3
1.74569 1.86167 -0.0275973 3
0.763984 0.779259 -0.096768 3
1.39041 0.433329 -0.232846 4
1.43243 0.551139 -0.0101787 4
-0.815339 0.488152 0.301819 1
-0.00513535 -0.000368198 -0.0227202 1
-0.229931 -0.0118647 -0.205571 1
-0.0498661 0.181131 -0.0890304 1
0.211803 -0.3802 -0.11438 1
0.0718206 -0.0798904 -0.202974 1
-0.253307 -0.218821 0.929084 1
0.370115 -0.503478 0.170411 1
-1.29416 0.64428 0.0597822 1
-0.0917341 0.148017 1.12402 1
0.309964 -0.000500102 -0.245531 1
-0.0627465 -0.27025 -1.41721e-05 1
-0.0238005 -0.323687 -0.0779849 1
-0.111 -0.499226 -0.535766 1
-0.0296799 -0.172122 -0.223143 1
-0.85982 -0.38985 0.651991 1
-0.117723 -0.0554479 -0.0845111 1
-0.148558 0.281693 -0.105512 1
