# 1 = ball
# 2 = lepton
# 3 = photon
# 4 = PID > 100
# 5 = neutrino
# 6 = other
0.0240264 -0.0171048 0.080724 3
0.000595227 0.000967015 -0.0141252 3
0.0625296 0.15924 -0.500241 3
-0.222796 0.0320274 0.340811 3
0.250308 -0.153398 0.116013 3
-0.0753533 -0.22529 0.550003 3
0.0154564 0.0533308 -0.0347511 3
-0.092962 0.0681874 0.0706103 3
0.0528843 0.33804 -0.193626 3
0.0662812 0.0449267 -0.0301031 3
-0.0467629 0.158049 -0.0418521 3
0.046634 0.00548973 -0.0179177 3
0.0155469 0.227714 -1.05604 3
0.03382 0.335538 -0.856996 4
0.184745 0.876372 -1.73332 4
0.425736 2.0287 -6.3535 4
0.979678 2.60227 -5.83824 4
-0.250233 0.905271 -3.12559 4
0.0984408 1.346 -4.65782 4
0.122282 0.692086 -3.63405 4
0.518427 5.12717 -11.7242 4
-0.250559 -0.293768 1.00668 3
-0.278226 -0.476926 2.29954 3
-0.163994 -0.221318 0.816488 3
0.110453 -5.75966 14.3708 4
-0.516944 -1.68321 2.65318 4
0.0367989 -0.398751 0.96114 3
-0.0810041 -0.221604 0.557135 3
-0.199553 -0.464502 1.20096 4
-1.58727 -4.64152 13.3655 4
-0.0665778 -0.505072 1.1109 4
-0.319824 0.0655492 0.283066 1
0.109055 -0.00962408 0.18022 1
0.181038 -0.145606 -0.0303048 1
-0.0258532 0.10966 0.221405 1
-0.153679 0.0565674 -0.119846 1
0.066054 0.0669838 -0.00529886 1
0.115772 -0.121703 -0.0374572 1
-0.228431 -0.00276404 -0.000783348 1
0.185642 -0.0531614 -0.114735 1
-0.081638 -0.0885177 -0.00718175 1
0.133868 -0.166439 -0.0152047 1
0.032875 0.0101463 0.0636014 1
0.0569104 -0.0233547 0.00466894 1
0.000772948 0.0698312 0.16739 1
0.0304815 0.242611 -0.118263 1
-0.0562988 -0.0164438 -0.0697025 1
0.126056 0.174413 -0.0427586 1
0.504856 0.117207 0.045049 1
0.111211 -0.224499 -0.0914159 1
-0.00127522 -9.83761e-05 -0.000505079 1
