# 1 = ball
# 2 = lepton
# 3 = photon
# 4 = PID > 100
# 5 = neutrino
# 6 = other
0.0053368 0.00410908 -0.183062 3
-1.37685 3.8805 -3.75456 4
-0.185801 0.0509532 -0.113494 4
0.0800934 -0.343003 -0.0511965 4
1.04378 -1.79997 1.85167 4
-0.157912 0.512842 -0.221985 4
-0.672076 3.46005 -3.25307 4
-1.50982 3.41313 -3.10456 4
-0.986031 2.10367 -2.18426 4
-0.303978 0.515408 0.156445 4
0.992656 -3.10664 2.21985 4
0.606567 -1.8344 1.62447 4
2.13476 -5.90639 6.68882 4
-0.14465 -0.0607363 0.0748558 4
-0.198723 0.515692 -0.422647 4
-0.218488 0.892134 -0.541289 4
-0.196763 -0.0727002 0.097951 3
-0.00660997 0.0358478 0.00915471 3
-0.208324 -0.243703 -0.0315491 4
0.1901 -0.207836 0.207183 4
0.796818 -1.29586 1.51549 4
1.5897 -2.67516 2.62334 4
-0.786888 1.60455 -1.64568 3
-1.57608 3.45219 -3.27178 3
-0.142923 0.247605 -0.315998 3
-0.28638 0.472753 -0.36283 3
-0.732505 1.64236 -2.02457 3
-1.50577 3.46591 -3.9703 3
0.0278233 -0.146415 0.200061 3
-0.111989 -0.170842 0.345378 3
0.0848862 0.0258877 0.0516496 3
0.0735075 -0.108375 0.143821 3
-0.0421842 0.378172 -0.434632 4
-0.0550674 0.353834 -0.176048 4
0.0259744 -0.191101 0.0525359 3
-0.0153027 -0.265362 0.245452 3
4.17113 -8.02007 8.0198 3
0.282035 -0.471418 0.495512 3
-0.0777917 0.184493 -0.0862697 3
-0.0203167 0.0086173 0.0358839 3
0.065549 0.0625143 0.0128628 1
0.00123553 -0.00255901 -0.00118648 1
0.316805 -0.155172 -0.242273 1
-0.065709 0.0500913 -0.0763706 1
0.202525 -0.0551311 0.0829479 1
0.114327 0.0955437 0.228943 1
-0.311191 0.0215527 0.048109 1
-0.0501969 0.266016 0.0731332 1
0.0227894 -0.0940673 0.0939673 1
-0.042768 -0.00156764 0.0235656 1
-0.261788 0.0216424 -0.198615 1
-0.281923 -0.0225201 -0.0449759 1
-0.058362 -0.295024 0.110303 1
0.00716163 -0.0770854 0.0552937 1
0.00781167 -0.0576266 -0.13942 1
-0.148801 0.0900525 -0.0113836 1
-0.0956197 0.0839284 -0.520509 1
0.103454 -0.241179 0.0324499 1
-0.145647 -0.0744714 -0.337379 1
-0.0356101 0.0115852 0.125309 1
0.0685275 0.00758682 -0.122144 1
-0.0757966 -0.101411 -0.0257574 1
0.0510937 -0.0176145 0.119987 1
0.0526144 -0.08886 0.0956573 1
-0.0380983 -0.183326 0.37016 1
-0.0657973 0.0651405 0.0455303 1
0.00400017 0.000129594 -0.0649312 1
-0.0816755 0.117969 -0.0810079 1
0.31027 0.459157 -0.387513 1
-0.0442967 -0.0536559 -0.0304414 1
0.154341 0.0355991 -0.0422873 1
0.265839 -0.0994705 0.259312 1
-0.0392734 -0.0921109 0.0981902 1
-0.19429 0.090839 0.0425781 1
-0.0864171 -0.0902128 0.186412 1
-0.0497623 0.0732874 -0.0341416 1
-0.161272 -0.0502948 -0.253931 1
