# 1 = ball
# 2 = lepton
# 3 = photon
# 4 = PID > 100
# 5 = neutrino
# 6 = other
0.000230381 0.000485577 -0.000104254 3
5.07154 7.71932 -8.83196 4
1.3357 1.90177 -2.05035 4
4.35149 7.11729 -8.63851 4
-0.310368 0.16284 -0.315095 4
-5.95983 -8.67059 9.88765 4
1.00544 0.572383 -0.531955 4
1.37015 1.49798 -1.73895 4
-0.610534 -0.308133 0.620164 4
-4.48696 -7.19716 7.77168 4
2.73574 3.78168 -4.62484 3
1.61131 1.70818 -1.99951 3
0.114553 0.102994 -0.19349 4
0.0161008 -0.057557 -0.063194 4
-1.15231 -1.51405 1.66497 3
-1.90201 -2.74465 2.79148 3
-0.412607 -0.484614 1.03207 3
-0.727524 -0.645976 1.39973 3
-0.249244 -0.254458 0.446712 3
-2.02963 -2.64444 4.0259 3
-0.0347777 0.445457 -0.859951 3
-0.00141603 0.0518917 -0.247962 3
-0.0116454 0.0126292 -0.00946065 1
0.0225 0.0683491 0.0655226 1
-0.0177421 -0.14715 0.0347055 1
-0.064489 -0.00941841 0.0498183 1
-0.238275 -0.073831 -0.111002 1
-0.0813165 0.0834735 0.0879367 1
-0.0056876 -0.000686056 0.00218306 1
0.0926535 0.00475553 -0.0923181 1
0.0881061 0.0896584 -0.0188197 1
0.0709304 -0.0209524 -0.110465 1
0.130921 -0.0917555 -0.0319018 1
-0.307317 -0.0721202 0.114006 1
0.106649 0.173636 0.225497 1
0.287374 -0.128742 -0.124066 1
0.0101918 -0.0502608 -0.013857 1
-0.114147 0.0929182 0.245696 1
0.0433276 -0.238455 0.0363155 1
-0.0442556 0.0398257 -0.0440751 1
0.0465371 -0.172458 0.0982676 1
0.103178 -0.114317 0.0477291 1
0.14738 0.102107 0.0529623 1
0.000512217 -0.0887299 -0.0484027 1
-0.000429 0.000875387 -0.000737575 1
