# 1 = ball
# 2 = lepton
# 3 = photon
# 4 = PID > 100
# 5 = neutrino
# 6 = other
1.75217 1.01396 -0.722347 3
-9.59643e-06 -3.18044e-07 0.000405098 3
0.247482 -1.13056 -3.09492 4
-0.329044 -0.287803 0.278849 4
-5.32223 9.92017 23.0866 4
0.326201 -2.6242 -5.16742 4
0.357731 -1.24954 -2.25333 4
-0.169401 -0.395487 -0.501628 4
-0.513988 -0.347622 0.133645 4
0.406583 -0.415245 -0.0431788 4
-0.0429288 0.176113 0.120334 4
0.114526 0.307738 0.427509 4
-0.150877 0.395881 0.350913 4
0.0142287 -0.131371 0.425192 4
-0.0926172 -0.096287 0.592929 4
-0.923898 0.756603 2.02802 4
1.32306 -4.72773 -10.9366 4
-0.0883376 -0.10529 -0.335048 4
0.235312 0.0754482 -0.257133 4
0.18153 0.149857 -0.132704 3
0.130257 -0.0023298 0.146852 3
0.0191031 -0.0546634 -0.00237334 3
-0.23953 0.286458 1.2226 4
0.0555556 0.310165 0.23126 4
0.228964 -0.630821 -1.11611 3
0.0677084 -0.539486 -0.887169 3
0.493551 -0.818457 -2.11351 3
0.160556 -0.327414 -0.63616 3
0.163027 -0.181985 -0.0664476 3
-0.00736028 -0.0347218 0.0320091 3
0.032643 -0.100704 -0.0179715 3
0.467066 -0.673285 0.150351 3
0.024208 0.015725 0.0217865 3
-0.185949 0.168127 0.168985 3
-0.00797447 0.155463 0.0987154 3
-0.0731895 0.372003 0.524666 3
-0.104368 0.0841887 0.101062 3
-0.150672 0.424039 0.385197 3
-0.0276909 0.0383848 0.000104378 3
-0.0891241 0.16775 0.330716 3
-0.083233 0.128733 0.101876 1
0.0955329 -0.0771248 0.0534637 1
-0.17212 -0.384268 0.256283 1
-0.0314604 -0.308671 0.00229007 1
0.477703 0.125627 0.602311 1
-0.0317746 -0.0337371 0.0680636 1
-0.877505 0.864488 -0.0629785 1
-0.858684 1.35615 -1.70613 1
0.0943436 0.103888 -0.583386 1
-0.00748141 0.0594276 -0.000727699 1
-0.1507 0.227285 0.00106694 1
0.736218 -0.626493 0.234247 1
0.0016893 -0.0165624 -0.132062 1
0.0590952 -0.00261311 -0.136364 1
-1.09505 -0.784032 0.878453 1
0.283327 -0.921606 0.401409 1
0.45888 -0.543876 -0.47676 1
0.481132 -0.704095 0.15617 1
0.156689 0.342503 0.197194 1
0.201004 -0.113848 -0.344764 1
0.215718 -0.543319 -0.231181 1
0.0891274 0.127034 0.136013 1
0.268863 0.0931075 -0.0125912 1
0.823749 0.5904 0.325188 1
0.0858928 0.419475 -0.205383 1
-0.0670959 -0.0714469 -0.545117 1
0.0445409 -0.0246246 0.0198122 1
-0.224431 0.909703 -0.335438 1
0.0874477 0.0224176 0.117277 1
0.384333 -0.430489 -0.225937 1
0.275331 0.273609 -1.13204 1
-0.00336716 -0.000111594 0.00504705 1
