# 1 = ball
# 2 = lepton
# 3 = photon
# 4 = PID > 100
# 5 = neutrino
# 6 = other
14.0183 26.7964 10.6835 4
0.0422554 -0.138573 0.553307 4
0.202948 -2.25716e-05 -0.00481276 4
-0.252163 -0.0840554 0.441618 4
-0.0760401 -0.725623 -0.189827 4
-1.53151 -2.10324 0.920572 4
-1.00977 -1.31038 -0.337198 4
-4.94091 -11.2206 -6.30149 4
0.839065 2.31367 0.325654 4
-0.899945 -0.763434 -0.415964 4
-0.81927 -1.39245 -0.673886 4
-1.00765 -2.94726 -1.73252 4
-5.77231 -11.1908 -6.92218 4
-0.77127 -0.641466 0.23677 3
-0.528631 -0.402841 0.049448 3
-0.369276 -0.314198 -0.0274683 3
-0.321949 -0.430166 0.0460736 3
-0.242203 -1.21444 -0.174945 4
0.0191109 -1.0192 0.225664 4
1.77038 2.32326 0.931699 3
0.159559 0.274268 0.123126 3
0.239584 0.621165 0.346719 3
0.628327 1.68606 0.69453 3
0.0397184 0.393408 0.186021 3
0.168695 0.3849 0.251628 3
0.275539 0.907938 0.297981 3
0.00300076 0.0792897 0.0628103 3
0.00680125 0.0601213 -0.0262928 3
0.0130886 0.0204594 0.111158 3
0.0649933 0.0780554 0.0171265 3
0.0247719 -0.0551927 -0.0076355 3
0.0485131 0.0416644 0.0465165 3
-0.045504 0.189914 0.322629 3
0.0088099 -0.206705 -0.0923775 3
0.0149648 -0.00990932 0.0320714 3
