# 1 = ball
# 2 = lepton
# 3 = photon
# 4 = PID > 100
# 5 = neutrino
# 6 = other
0.00687031 -0.00280161 -0.256287 3
-1.33444 14.022 -16.8917 4
0.830866 -1.09538 1.25272 4
0.454007 -3.14141 3.82048 4
0.480675 -3.88104 5.66213 4
1.03304 -6.44835 7.0124 4
-0.0199191 -0.0494679 0.346902 4
0.54797 0.158121 -0.177524 4
-0.657327 -0.694066 0.832894 4
1.04833 -9.01929 12.6086 4
-0.441917 6.04163 -8.87644 4
0.207674 1.06369 -1.54772 3
0.0431849 0.527112 -0.633682 3
0.00477292 0.0178542 0.00475171 3
-0.141987 0.0384537 -0.359423 3
-0.00141891 0.123998 0.016904 3
-0.0280104 -0.0305484 0.0183208 3
-0.0700959 1.70947 -2.63856 3
-0.0152174 0.0267854 -0.0302302 3
0.0225335 -0.249268 -0.383303 1
-0.411901 0.154827 0.117635 1
0.025984 1.02581 -0.148196 1
-0.229859 -0.0835545 0.10321 1
-0.410718 -0.776919 0.221566 1
0.329441 0.309853 -0.185312 1
-0.107716 -0.0491115 0.179437 1
-0.449795 -1.04548 0.816511 1
-0.0793413 -0.69097 0.10895 1
-0.0854541 0.105153 0.114708 1
0.0765364 0.205246 -0.311378 1
0.0494985 0.433199 0.209115 1
-0.165745 0.315653 0.142859 1
-0.200415 -0.259746 0.40555 1
-0.310114 1.23861 -1.55586 1
