# 1 = ball
# 2 = lepton
# 3 = photon
# 4 = PID > 100
# 5 = neutrino
# 6 = other
-0.666001 -0.0468792 -34.1321 3
0.000960621 0.000512972 -0.00272551 3
1.85924 0.408669 1.93593 4
1.58773 0.874313 2.93031 4
-0.353712 -0.0946759 2.07914 4
-0.00943214 -0.40213 0.750004 4
-0.671003 -0.132599 5.58214 4
-0.902867 -0.125734 4.00041 4
-0.526117 -0.139629 4.17972 4
0.329231 0.0951273 0.279145 3
0.192921 0.00342746 0.0574264 3
-0.69691 -0.375937 3.77063 3
-0.044131 -0.0710582 0.358879 3
-0.136189 0.00860989 0.666351 3
-1.24299 -0.166901 7.97511 3
0.157976 -1.04302 -0.00516937 1
0.451367 -1.42374 -0.268355 1
-0.204966 0.351162 -0.237087 1
0.0407615 -0.153407 0.0335526 1
-0.200098 0.229569 1.67051 1
0.264556 -0.576315 -0.80749 1
-0.0579803 -0.114867 -0.299937 1
-0.0407735 -0.144948 -0.00524666 1
0.156377 0.0361953 1.02669 1
0.335515 -0.0836337 0.596711 1
-0.177161 -8.39267e-05 0.0251341 1
-0.0464917 -0.00271427 -0.375836 1
0.161657 0.426301 0.0131874 1
-0.194575 0.366103 0.269816 1
0.613504 0.592674 0.703928 1
0.206199 -0.194461 0.0892241 1
0.233238 0.0672891 -0.160559 1
-0.0359222 0.162252 0.106857 1
0.625211 0.322816 -0.595158 1
-0.596427 0.238845 -0.29569 1
-0.0821609 1.0211 -0.439158 1
0.425291 -0.215452 -0.188487 1
-1.49398 -0.342952 -0.0126838 1
0.236244 0.112893 -0.149457 1
0.0507053 -0.00139094 -0.15731 1
0.0954291 0.306033 -0.308326 1
-0.159811 -0.0427724 -0.233363 1
0.293457 -0.093786 0.407933 1
0.203253 -0.219515 -0.656182 1
0.018871 0.584703 -0.178451 1
