# 1 = ball
# 2 = lepton
# 3 = photon
# 4 = PID > 100
# 5 = neutrino
# 6 = other
-1.61959e-06 2.72427e-07 0.000207337 3
-0.413595 -0.598534 -0.225985 4
0.595005 -0.216035 0.596943 4
-0.0606603 0.0783708 0.22266 4
-0.265591 0.185199 0.340097 4
-3.91492 0.587319 1.65624 4
-0.639036 1.75569 1.67766 4
-0.000153858 -0.0330019 -0.00983675 4
0.252441 -0.501893 -0.124698 4
0.628815 0.112491 -0.376784 4
1.5113 -0.683858 0.0780258 4
-0.00675164 -0.0852433 0.113801 4
-0.782475 0.00559776 0.398328 4
-0.464796 -0.183128 -0.187162 4
-0.110091 -0.19661 -0.170218 4
-1.70881 0.668888 1.50003 4
-0.522106 0.528972 1.04136 4
0.249925 0.164184 0.111392 4
-0.00587905 0.00115266 -0.00622828 3
0.707163 -0.770737 -0.749516 3
0.128501 -0.236212 -0.217644 3
-0.0277005 0.0105003 0.00720265 3
0.714617 -0.617292 -1.00258 3
0.469951 -0.275443 -0.541094 3
0.00866393 -0.215297 0.207431 3
0.0347612 -0.00858105 0.103123 3
-0.238795 -0.0943825 0.154305 3
-0.245478 -0.019976 0.0307021 3
3.69638 -4.15285 -4.31946 5
0.823993 -1.11248 -0.606029 2
0.120179 -0.0831053 -0.318098 3
-1.60854 1.73266 1.82049 4
-1.07844 1.2189 1.88802 4
-1.00417 2.60581 2.99943 4
-1.96981 2.22104 2.61387 4
-0.042753 0.113918 0.274039 4
-3.29324 4.88725 5.58076 3
-0.14054 0.2458 0.297835 3
-0.186535 0.402691 0.454162 3
-0.48409 0.665378 0.975806 3
0.0168765 0.415312 0.510522 3
-0.0215439 0.026759 0.111277 3
-0.832072 0.506538 1.03071 3
-0.144749 0.0782513 0.264699 3
-0.144588 0.134537 0.174966 3
-0.897393 1.34511 1.31658 3
2.98293 -2.94616 -6.42633 4
5.03307 -5.38363 -9.11385 3
0.694827 -0.683533 -1.16232 3
0.447227 -0.384586 -0.732894 3
1.46418 -1.10231 -1.96242 3
-0.303002 -0.265467 -0.176461 1
0.103307 0.0719927 -0.141499 1
-0.0481143 0.236152 0.771645 1
0.0448499 -0.721257 -0.451495 1
0.159747 0.598204 0.13533 1
0.252793 0.084212 -0.274306 1
-0.0577711 0.031265 -0.00746111 1
-0.233268 -0.0283005 0.129541 1
0.393084 -0.0910126 -0.382987 1
0.103365 -0.0148792 -0.128388 1
0.259522 -0.0143683 0.22653 1
