# 1 = ball
# 2 = lepton
# 3 = photon
# 4 = PID > 100
# 5 = neutrino
# 6 = other
0.0121954 0.00327067 -0.209368 3
-2.22618e-07 4.90147e-07 0.000111976 3
-6.4763 -9.54535 10.7441 4
0.306055 -0.330951 0.811604 4
-0.55956 0.67108 0.157715 4
-1.26881 0.995661 1.06609 4
0.154662 2.52353 1.19652 4
-1.31648 2.67758 1.02209 4
-1.4044 4.25861 2.15516 4
-0.141515 0.215433 -0.503522 4
0.95298 0.370177 -1.86432 4
2.63617 1.85351 -4.34805 4
-0.725733 -2.02912 1.89333 4
-1.75514 -2.54686 2.21484 4
-0.230676 -0.413887 0.0203169 4
-0.671421 -1.78977 1.5036 4
-0.206447 0.157488 0.0896253 4
0.693798 0.282223 -0.368588 4
5.09704 3.97394 -8.22914 4
-0.00636916 -0.116804 0.212532 3
0.290103 -0.791094 1.28632 3
0.10916 -0.0710712 -0.457396 3
-0.00795692 0.0293385 -0.0338316 3
3.36852 2.37575 -5.17274 4
2.08781 1.37659 -2.93528 4
-1.45326 -2.48002 1.89933 3
-0.484557 -0.685212 0.538611 3
-0.295441 -0.644231 0.804931 3
-1.01806 -1.6949 2.32603 3
0.0658974 0.0832678 -0.130887 3
2.07342 1.67559 -2.78456 3
-0.507913 -0.0880852 0.13774 1
-0.385276 -0.174622 -0.147381 1
0.0576706 -0.241801 -0.268805 1
-0.45189 0.228808 -1.97762 1
0.439642 -0.145911 0.0700145 1
0.254301 0.279812 -0.627119 1
0.609018 -0.29606 -0.189467 1
0.17616 0.0566467 0.0357804 1
-0.0174032 -0.00257124 0.0616841 1
