# 1 = ball
# 2 = lepton
# 3 = photon
# 4 = PID > 100
# 5 = neutrino
# 6 = other
0.225275 -0.643614 0.522677 4
-0.990974 -0.122304 -2.28581 4
-0.166293 -0.213786 -0.698798 4
0.0632238 0.141487 -0.176108 4
1.61856 0.653971 3.92512 4
0.471498 -0.0244431 0.349824 4
-0.208333 -0.0683213 -0.435274 3
0.0615054 0.0623178 -0.257239 4
0.0636293 -0.191576 -0.27303 4
0.268437 0.212206 0.197551 4
0.270269 0.111624 0.372977 4
0.690453 -0.0799395 0.919284 4
0.0260148 0.0312789 0.464119 4
0.0870539 -0.0510687 0.375317 3
-1.92822 -0.883301 -4.41381 4
0.225636 0.000586128 0.338103 3
0.300845 -0.0956598 0.743035 3
0.155997 0.0108021 0.77497 3
0.0284696 -0.0575657 0.146475 3
0.730987 -0.754907 4.93268 4
-1.34557 0.183177 -3.71381 4
-0.030291 -0.133388 -0.368693 4
-0.76082 -0.408405 -0.945142 4
-3.89551 -1.11243 -7.53887 4
-0.025056 0.0404544 -0.831779 3
0.0252418 -0.0265747 -0.072232 3
-3.2988 -0.579002 -5.60338 3
-1.15131 -0.231995 -2.11373 3
1.60191 -1.07317 6.348 2
0.619372 0.117961 0.924827 5
0.0483506 0.00834583 0.45085 3
0.115656 -0.0350506 0.224554 3
0.883412 0.359239 2.7786 4
0.238772 0.466137 1.92906 4
0.0659171 0.0375213 0.10104 3
0.0961124 0.00824027 0.583111 3
0.498681 -0.00775923 1.40319 4
0.383352 0.206095 1.62121 4
0.0906384 -1.42484e-05 0.107566 3
0.167435 -0.0164044 0.641627 3
0.202826 -0.0747787 0.464722 3
0.247839 -0.0283752 0.935901 3
0.0494774 -0.0145509 0.239079 3
0.0988858 -0.0392923 0.0684999 3
0.252817 -0.200667 0.648375 3
0.16297 -0.0197376 0.256137 3
-0.0984125 0.165656 -0.0767412 1
0.325739 0.680974 -0.732553 1
0.175383 0.439531 -1.03409 1
0.475169 0.631093 0.0705594 1
-0.112548 -0.940935 -0.347472 1
0.887605 1.02945 0.38762 1
-0.917481 -0.200484 -0.746107 1
0.173758 0.0716143 -0.0424377 1
1.08504 0.540122 0.409901 1
0.14868 0.0968552 0.399387 1
0.312976 0.701815 0.0466211 1
0.321173 0.284024 -0.0474975 1
0.0588347 -0.0190668 -0.424943 1
-0.224446 0.290088 -0.507377 1
-0.254616 -0.0766933 0.152431 1
0.0655155 0.323929 -0.16865 1
0.128712 -0.194374 0.157619 1
0.291129 0.47284 -0.0779934 1
-0.224726 0.0131359 -0.280772 1
-0.665635 -0.613603 -1.05258 1
0.414517 0.00981439 0.120469 1
0.25876 0.157035 0.237649 1
0.148644 0.0457123 -0.278007 1
0.542348 -0.183753 0.201944 1
-0.177556 -0.102383 -0.158193 1
-0.0682902 -0.0383819 -0.760448 1
-0.0985733 0.588248 0.161657 1
-0.588522 0.167082 -0.0449922 1
0.0881931 0.442926 0.560529 1
0.215607 0.0974971 -0.675919 1
-0.251441 -0.198536 0.255411 1
0.228124 -0.144591 0.234185 1
