# 1 = ball
# 2 = lepton
# 3 = photon
# 4 = PID > 100
# 5 = neutrino
# 6 = other
-1.01084 1.40742 12.1139 3
0.0853247 -0.0982212 -0.222057 3
0.300654 -0.451468 -0.818417 4
0.0688135 -0.478194 -0.262965 4
-0.23758 -0.257859 -0.0974533 4
-0.0246379 0.627021 0.936239 4
0.297083 0.641371 0.225207 4
-0.206985 1.07019 0.680556 4
0.0931453 0.670222 0.758202 4
-0.0272441 -0.0159874 -0.0632329 3
0.152352 -0.123574 -0.659981 3
-0.0850369 -0.174282 -0.839279 3
-0.117562 -0.0655901 -0.318608 3
0.0809783 -0.0856541 -0.365131 3
0.188037 -0.379957 -0.74443 3
-0.00710405 0.00809755 -0.0142271 3
0.191765 -0.175228 0.0970166 3
-0.289348 1.46503 1.3675 3
0.16134 0.263522 0.151902 3
0.054449 1.57189 1.22813 3
-0.0695513 1.64246 1.21429 3
-0.13029 4.32479 4.0162 4
-0.174039 0.264352 0.173434 4
-0.00386827 5.50205 3.5932 4
-0.304093 -1.2187 -1.64322 2
0.166138 -2.28705 -4.04484 5
-0.015784 -0.997836 -1.43203 3
0.0194694 -0.327947 -0.612384 3
0.12071 -5.39352 -8.74374 4
0.18715 -2.44546 -3.74396 3
0.254918 -3.24182 -4.68619 3
-0.399358 -0.0868582 0.0761961 1
0.292286 0.272565 -0.127645 1
-0.446762 -0.107936 0.596773 1
0.523819 0.469095 0.527087 1
-0.499511 -0.39057 0.213714 1
-0.111258 -0.0967445 -0.144656 1
0.113222 -0.500479 -0.413439 1
-0.303686 -0.634769 0.03962 1
-0.186844 0.305011 -0.0474446 1
-0.148737 -0.612162 -0.472093 1
0.348346 -0.00981905 0.127397 1
-0.0748646 -0.564504 1.16766 1
0.158748 -0.0274333 -0.00270167 1
-0.263514 -0.0778175 -0.164947 1
-0.00937782 0.261255 -0.21164 1
0.373753 0.108414 -0.437616 1
0.175565 0.444421 0.281996 1
0.126256 -0.503942 0.229264 1
-0.48441 0.3069 -0.319543 1
0.00508424 -0.0297718 0.0447255 1
-0.0539708 0.212193 0.0562123 1
0.132516 0.0758843 -0.417436 1
0.050506 0.023451 -0.104632 1
-0.0584202 0.672163 0.333832 1
0.803162 -0.101151 -0.202233 1
-0.192648 0.303036 0.0604368 1
-0.396565 0.440333 -0.540926 1
0.605071 0.0168833 1.58686 1
0.318445 -0.0538576 0.352968 1
0.0253322 -0.157988 0.0457614 1
0.139577 -0.279001 0.267676 1
0.19551 -0.0140115 -0.330374 1
-0.567456 -0.436495 0.207678 1
0.117423 -0.0165589 0.302264 1
-0.0749568 0.0513138 0.0561696 1
0.0216642 -0.413799 -0.0652488 1
0.0276914 -0.08732 0.18464 1
