# 1 = ball
# 2 = lepton
# 3 = photon
# 4 = PID > 100
# 5 = neutrino
# 6 = other
1.47045 -1.83491 1.85201 4
0.491519 -0.169951 0.383585 4
0.151172 -0.0553163 0.0667977 4
0.0298329 -0.323746 0.252549 4
0.446225 0.0746072 -0.296804 4
0.696242 0.127099 2.03706 4
-0.619304 0.350115 0.895401 4
-0.735813 -0.347616 1.01185 4
-0.445586 0.81529 -0.305846 4
-0.409228 2.10773 0.23759 4
4.32631 0.993576 1.97752 4
2.00738 1.2506 -0.0545619 4
2.57628 0.517589 1.42566 4
1.1018 0.0732543 0.664219 4
-0.265397 -0.258055 0.153864 4
0.182613 0.390266 0.616503 4
0.393011 -0.933628 1.67458 4
0.920598 -1.07931 0.819857 4
-0.0321372 -0.171954 1.29637 4
0.131835 -0.0702663 0.0378846 4
0.399666 0.135371 0.00871904 4
-0.291083 0.337102 0.20729 4
-0.393623 0.333143 0.126984 4
-1.2476 1.97036 0.0877092 4
-0.232301 0.273378 -0.155401 4
0.682414 1.34161 -0.102429 4
0.0566777 1.17509 -0.603749 4
0.297043 -0.128808 0.360022 4
-0.340866 -0.187758 -0.305195 4
0.141285 0.197481 -0.247827 4
-0.757308 -0.828868 -1.37625 4
-5.66169 -2.12287 -7.55255 4
-1.36753 -0.819773 -1.76091 4
-0.150563 -1.01804 0.631088 3
-0.0910273 -0.197488 0.126659 3
0.157917 -0.21516 0.160251 4
0.359549 -0.316674 0.390498 4
0.202378 -0.227425 0.164687 4
-0.0760026 -0.407668 0.47153 4
-0.981569 1.11169 -0.0680708 4
-0.832034 1.1976 -0.215798 4
-0.822962 1.22382 -0.419228 3
-0.294934 0.308908 -0.120255 3
0.0459508 0.00193169 -0.0542904 3
0.0889399 0.285176 -0.369443 3
0.326462 -0.089739 -0.204313 4
0.212805 0.206213 -0.028693 4
0.924881 0.183345 1.01598 3
1.07286 0.112078 1.32284 3
-0.0286369 0.0804835 -0.220205 3
0.0127758 0.0971815 -0.0372397 3
-0.0193196 -0.0758805 0.0440984 3
0.230836 -0.818089 0.410476 3
-0.811351 -0.394801 -1.34575 4
-0.739019 -0.208742 -0.773626 4
-1.88401 -1.29931 -2.73495 3
-1.09384 -0.637023 -1.4709 3
1.95042 -2.54317 2.14181 3
0.187195 -0.202421 0.221968 3
0.0728011 -0.0144688 0.0382228 3
0.234216 -0.207542 -0.064908 3
0.472633 0.517344 -0.0419308 3
0.0978862 0.0820366 -0.0647883 3
0.193052 0.126563 0.162968 3
0.381187 0.094196 0.433374 3
0.0244653 -0.0354395 -0.0496936 3
-0.111517 -0.0256752 -0.385929 3
-0.629835 -0.201782 -0.972917 3
-0.4187 -0.254947 -0.705231 3
0.194197 0.0152587 0.168577 3
0.039199 -0.0482886 0.141813 3
-0.211905 -0.0699353 0.295168 3
-0.022173 -0.0852545 0.101477 3
-0.474183 0.943017 0.203454 3
-0.195912 0.310206 -0.000716323 3
-0.00978363 0.0645266 -0.0451311 3
0.147476 0.162488 -0.4001 3
-1.38048 -0.619549 -1.19796 3
-0.0532256 -0.0403869 -0.087375 3
