# 1 = ball
# 2 = lepton
# 3 = photon
# 4 = PID > 100
# 5 = neutrino
# 6 = other
-0.0381131 -0.016189 0.206826 3
-6.30222e-07 2.78774e-07 -0.00022376 3
1.58332 -0.439342 -0.593144 4
1.70928 -1.60797 -1.74723 4
0.238011 0.701081 -0.0109318 4
-0.221913 0.822148 0.219285 4
-0.0613211 -0.328141 0.29969 4
0.0235317 0.217363 0.146766 4
-0.867156 -1.10268 0.30348 4
-1.5553 0.521152 1.42787 4
-2.39543 -1.15185 0.0468828 4
-0.0347302 0.265755 -0.178363 4
0.0238101 0.113581 -0.0514957 4
-13.1736 7.21509 7.30681 4
3.5531 -0.520561 -0.562651 4
2.68316 0.0790843 -0.604217 4
3.55218 -1.38694 -2.29479 4
0.966123 -0.563527 -0.351344 4
6.29975 -5.74657 -5.82803 4
0.787629 0.767331 -0.0459199 4
-3.68089 0.370519 0.120854 4
-1.47761 0.169587 0.0962517 4
-0.58066 0.191334 0.296919 4
-1.46374 0.857707 1.15444 4
-0.56317 0.639717 0.033942 4
1.49928 -0.303534 -0.309084 4
1.85422 -0.0808111 -0.347594 4
0.341694 -0.0687953 -0.00112284 3
3.14263 -0.583174 -0.417054 3
1.04283 -0.331481 -0.0135811 3
0.108876 0.147948 -0.0710492 3
-0.883266 0.271954 0.385286 4
-0.355718 -0.120511 -0.0570078 4
-0.992725 0.383146 0.23049 4
-0.322672 0.0287398 0.183679 4
-1.27217 -0.0758032 0.00301978 3
-0.0370403 -0.0082781 -0.0233466 3
1.35427 -0.230175 -0.179528 3
0.827698 -0.0665595 -0.184943 3
-0.118554 0.0878564 0.0237399 3
-0.587076 0.108054 0.0646633 3
-0.901478 0.708978 0.446597 3
-0.236951 0.166451 0.0444087 3
-0.0920313 -0.141694 -0.0464659 1
0.014944 0.00700186 0.0557635 1
0.162021 -0.0821528 0.179813 1
-0.116882 -0.210054 -0.0979413 1
-0.0401292 0.120448 0.222177 1
0.0853839 0.0894242 0.174353 1
-0.0414794 -0.272617 0.173473 1
0.0144909 0.0153413 -0.0288818 1
0.309179 -0.0393413 0.338055 1
-0.00106568 0.248646 -0.0288596 1
0.0432468 0.103698 -0.350711 1
0.0102665 0.105446 -0.0209135 1
0.0111753 0.0288196 -0.000696821 1
0.346084 -0.243947 -0.230822 1
-0.080598 -0.436543 0.100156 1
-0.0643471 0.0460933 0.0891154 1
-0.232811 0.249622 0.185601 1
0.0342964 -0.0251385 -0.00251476 1
-0.0481843 0.13285 0.139538 1
-0.441877 -0.198984 -0.273885 1
-0.0184307 0.0014016 0.0659088 1
-0.0603249 -0.0970325 0.157693 1
0.197091 -0.10598 -0.314871 1
0.0718888 -0.0775422 0.0569973 1
0.0126367 0.377751 0.122262 1
0.00484655 -0.00600736 -0.00723919 1
0.0114393 -0.00269194 0.0204075 1
0.164268 -0.125362 0.0544003 1
0.0479831 -0.058422 -0.0705962 1
0.0894883 0.110732 0.0443803 1
-0.0912221 0.0157392 -0.150628 1
0.0327354 0.178754 0.102409 1
0.0863264 -0.0828451 0.119845 1
-0.128747 0.198372 -0.0310497 1
0.0128705 0.154325 0.0180399 1
-0.0765591 0.0506167 -0.0180969 1
0.0023003 -0.130588 0.0859648 1
-0.000395121 0.000174779 -0.00142793 1
