# 1 = ball
# 2 = lepton
# 3 = photon
# 4 = PID > 100
# 5 = neutrino
# 6 = other
-0.00244665 0.00432267 0.00919326 3
-0.0141442 0.0343107 -1.00232 3
0.764638 0.0888389 0.156003 4
0.262104 0.307946 0.292908 4
-0.283439 -0.425922 -0.154003 4
0.509059 -0.0642458 -0.00506053 4
-0.646805 0.927611 0.228071 4
-1.08685 0.30738 0.0167942 4
0.1731 -0.054226 0.0440164 3
-0.217209 0.129475 0.0354299 3
-0.27769 0.239297 0.209759 3
0.246378 -0.276273 -0.15763 4
-0.0608317 0.0506791 0.00446259 4
-1.27161 -0.314826 -0.0225651 4
-0.550021 -0.0789112 0.263706 4
-3.46576 0.453448 0.230604 4
-5.39674 1.32487 -0.154216 4
-6.31291 1.54138 -0.490494 4
-4.27381 1.10958 -0.0326741 4
0.00166796 -0.0325877 -0.034677 3
0.458898 -0.255488 -0.318724 3
-0.0625385 -0.14859 -0.0150546 3
-0.104939 -0.023074 0.0390885 3
-0.894786 0.214097 0.0630194 2
-6.06048 1.84965 -0.330889 5
-3.17353 0.210762 0.554221 4
2.69863 -0.316461 0.229382 3
4.6731 -1.24469 0.84673 4
0.64906 0.0412415 0.0126886 4
1.04605 -0.561913 -0.29983 4
-0.732508 0.197051 -0.030407 3
-0.91797 0.285797 -0.186797 3
0.465966 -0.300865 0.110701 3
0.141783 -0.0579721 -0.0344655 3
-1.77106 0.826404 -0.321328 4
-0.163368 0.0781272 -0.0018269 3
-0.651568 0.364434 0.26625 3
2.92347 -0.263339 0.0688068 4
5.47111 -0.632206 0.210116 4
4.87563 -0.643946 -0.0727186 4
1.64674 -0.233396 -0.0723971 4
4.26269 -0.581757 0.188723 4
1.39733 -0.261098 0.242472 3
3.14833 -0.713592 0.387089 3
1.41184 -0.270083 0.110651 3
0.184424 -0.00378201 -0.0228801 3
-0.191792 0.00891 0.27307 1
0.0872222 -0.0894761 -0.0713776 1
0.0777655 -0.116856 0.0894424 1
-0.392401 0.0989402 -0.383716 1
-0.185863 0.362873 0.071567 1
0.533217 0.120273 0.066607 1
0.346138 -0.116635 0.502179 1
-0.384904 -0.870404 -0.229173 1
0.240474 -0.498732 -0.230449 1
-0.173333 0.109701 -0.335531 1
0.0024986 0.229029 -0.116071 1
-0.252549 0.287392 -1.5546 1
-0.577634 -0.303177 0.063714 1
1.47081 -1.46233 0.548177 1
0.381363 -0.586962 0.246238 1
