# 1 = ball
# 2 = lepton
# 3 = photon
# 4 = PID > 100
# 5 = neutrino
# 6 = other
-0.0508869 0.0308769 0.0975576 3
1.22704 0.982433 0.630541 4
2.94225 1.36172 1.29714 4
1.88446 1.26233 1.44896 4
-0.653732 1.37369 -0.945724 4
-1.3445 -0.737345 -2.16783 4
0.707629 0.750802 0.280137 4
2.59147 0.887732 1.6773 4
0.157589 0.320924 0.298119 4
0.143925 0.0563275 0.0351133 4
0.727842 0.500699 0.286443 4
-0.238284 0.482952 -0.584596 4
-0.0863309 -0.0945849 0.153065 4
0.0521349 0.605664 -0.204083 4
-0.225339 0.314008 -0.0487802 4
-0.0877912 0.236096 0.0427311 4
-0.234613 0.434846 -1.18778 4
0.0382719 0.0749698 -0.006746 4
0.284022 -0.585222 0.205743 4
-0.628503 -0.268824 -0.0694815 4
-5.25031 -3.83206 -2.52372 4
7.61959 7.12839 4.75445 4
-0.440591 -1.02037 0.144735 4
-0.105786 -0.29391 0.029445 4
-0.303066 -0.44748 0.23851 4
-16.7455 -13.5069 -8.03951 4
1.4951 0.610024 0.401663 3
1.79821 0.658129 0.610673 3
0.39711 0.0379366 0.302634 4
0.447721 0.195067 -0.118545 4
-0.536294 -0.0812091 -0.383019 4
-0.501263 -0.522697 -0.22038 4
1.83883 0.870192 0.616831 3
0.289347 0.181533 0.064657 3
0.295373 0.11626 0.17208 3
3.54041 1.16121 2.49769 3
-0.0766897 -0.0468708 0.117415 3
-0.00776876 0.0363288 0.249446 3
-0.00923136 -0.16128 -0.268954 3
0.0195981 0.0183873 -0.0123068 3
-0.208863 -0.24057 -0.496694 3
-0.0533443 -0.17442 -0.175267 3
-0.605544 -0.273485 -0.144789 3
-0.315806 -0.045112 -0.0966519 3
0.637022 0.0551059 0.311645 3
0.0557018 0.041013 0.00881516 3
-0.0416202 -0.0580684 -0.0228501 3
-0.235912 -0.00502336 0.0496151 3
-0.00768167 -0.00734019 -0.0161954 1
0.0369395 0.0978883 1.07158 1
0.124888 -0.0395553 0.293996 1
0.573692 -0.0732017 -0.583861 1
-0.123412 -0.0295904 0.118311 1
-0.109691 -0.103207 0.0149903 1
-0.420008 0.76242 0.113507 1
0.167966 0.079837 0.20237 1
-0.207387 0.464646 -0.293167 1
-0.238738 0.46053 -0.225852 1
0.000328854 -0.00260653 -0.00112459 1
