# 1 = ball
# 2 = lepton
# 3 = photon
# 4 = PID > 100
# 5 = neutrino
# 6 = other
-0.505307 -1.46015 -34.8438 3
-0.00220749 -0.00787469 0.1599 3
-0.00120362 -0.0011205 0.0241008 3
0.046452 -0.00880637 0.17272 3
0.133546 -0.0706835 0.262349 3
0.228177 -0.0424886 0.168999 3
-0.0454089 -0.0743015 0.0672136 3
-1.19637 -0.35805 5.00415 3
0.022723 0.00980254 0.0473476 3
0.834593 0.608516 0.1523 5
0.538975 0.986323 2.3529 2
-0.190585 0.655824 5.51939 4
0.0116086 -0.160761 0.21042 3
0.198359 -0.200163 0.237904 2
-0.115835 -0.441804 0.440136 5
-0.161424 -0.305973 1.73067 4
-0.374362 -0.267523 1.51193 4
-0.567011 0.0152649 2.03914 4
-0.073171 0.0191029 0.0538347 3
-0.43678 0.143318 0.84506 3
0.805223 -0.413997 3.2382 4
-0.880061 -0.255413 1.84308 4
-0.310543 -0.0965072 2.34114 3
-0.198697 -0.152428 1.30955 3
0.344581 -0.200047 0.746741 4
0.395619 -1.00814 1.6418 4
0.438445 0.0681946 0.975106 4
0.771641 0.266146 -0.0860206 1
0.230178 0.0554704 0.0441194 1
-0.0475664 0.160921 0.116327 1
0.0265558 0.0744566 0.0314466 1
-0.630533 0.507994 0.416232 1
0.0369822 0.042257 0.0839521 1
-1.03402 -0.0587949 -0.502245 1
0.205854 0.851042 0.356343 1
0.160232 0.205786 -0.0935783 1
-0.309277 0.345358 0.36498 1
0.0698518 -0.164914 0.358263 1
-0.300745 0.278364 -0.437846 1
0.278157 -1.48969 -0.133721 1
-0.142746 0.147405 -0.0450118 1
-0.382763 -0.0383753 -0.0705606 1
-0.0260176 0.240919 -0.242167 1
0.14646 0.0443848 0.575918 1
0.0227709 -0.228948 -0.250275 1
-0.422478 -0.255841 0.326589 1
0.584482 0.0446652 0.282119 1
0.498093 0.0979512 0.26575 1
0.0962759 -0.0593544 -1.31889 1
0.344516 0.122041 0.257599 1
-0.117383 -0.0962329 -0.0676394 1
-0.403748 -0.226404 0.321771 1
1.01104 0.190905 8.03487e-05 1
0.313126 0.0801695 0.0600861 1
0.735066 0.37185 0.112748 1
0.427839 1.45956 0.353214 1
-0.216252 0.579607 0.0501337 1
-0.864937 -0.52881 0.618029 1
