# 1 = ball
# 2 = lepton
# 3 = photon
# 4 = PID > 100
# 5 = neutrino
# 6 = other
-0.162039 -1.17107 0.179995 4
-0.888719 -0.810629 0.30803 4
-0.169511 -0.398577 0.346395 4
-0.116186 -0.182618 0.432601 4
-3.7855 -7.11788 3.1457 4
-0.84286 -1.44033 0.958828 4
-0.663206 -2.02473 1.68517 4
0.181132 -1.37807 1.41547 4
0.859088 0.395061 0.703678 4
0.206591 0.341153 -0.381659 4
0.121855 0.213536 0.122067 4
0.199495 2.92241 -1.80154 4
0.403137 -0.375779 -0.0832642 4
-1.53812 -1.99469 1.17859 4
-0.33224 -0.971487 0.350489 4
0.247432 -1.59778 1.39978 4
0.359211 0.317647 2.09745 4
0.35742 0.424455 0.176582 4
-0.069263 -0.0565318 -0.206732 4
-0.093594 1.24935 -0.457096 4
0.620922 -0.389394 0.585594 4
-0.0998756 0.619418 -0.0762924 4
0.0120136 -0.152098 0.032197 4
-1.168 -2.1702 0.422358 3
-0.144448 -0.939047 0.273744 3
-0.13637 -0.224947 0.190324 3
0.016647 -0.147542 0.0689811 3
0.857263 0.0569122 0.403065 4
0.601529 0.0429264 0.507584 4
0.0944533 0.403564 -0.489297 3
0.126201 1.13357 -1.08649 3
0.0125214 0.319795 -0.204464 3
-0.067267 -0.33116 0.196292 3
0.0022457 -0.049901 0.109144 3
0.0331964 0.0658946 0.0252605 3
-0.0588451 -0.0122321 0.0945793 3
-0.00124176 0.0982755 0.220255 3
0.0720191 -0.0122609 0.101137 3
-0.37503 -0.618641 0.148861 4
-0.030821 -0.177095 0.00115597 4
0.115161 -0.0885549 -0.0229581 4
-0.235013 -0.522227 0.119522 4
0.108549 -0.575158 0.19145 4
0.258264 -0.258831 0.115477 4
0.645693 0.164845 0.526782 3
0.0400541 0.022659 0.000738532 3
-0.150206 2.14685 -2.19967 4
0.252163 -0.643469 0.246606 4
0.529364 -1.32177 0.0474948 4
0.6673 -0.597278 0.0836345 3
0.10628 -0.0442535 0.0408624 3
0.0579102 -0.341414 0.11503 3
-0.0334145 -0.0353455 0.0467682 3
0.125951 -0.0113442 -0.0224829 3
0.288141 -0.242077 -0.00908031 3
-0.0384969 -0.0144557 0.0248797 3
0.0172382 0.040374 -0.101822 3
-0.0101309 3.85263 -3.04971 4
0.0717525 1.72779 -0.478171 4
0.333126 4.8445 -3.03515 4
0.625041 1.16866 -1.14306 4
-0.0500777 -0.08713 0.0433676 3
-0.2821 -0.0720558 0.0847908 3
-0.0221244 0.00580252 -0.0247693 3
0.0218516 -0.00145729 0.146416 3
0.417643 2.57998 -1.4607 4
0.333048 1.86873 -1.27897 4
0.050899 0.224138 -0.161666 3
0.531327 1.17529 -1.14633 3
-0.17982 0.277373 0.14157 1
0.158025 -0.0841137 0.10228 1
0.036907 -0.0791395 -0.304584 1
0.0692581 -0.00440497 -0.0686701 1
-0.0538963 -0.0376785 0.0319704 1
0.0589527 -0.0859355 -0.0745583 1
-0.0309814 0.0804749 -0.16406 1
-0.0546364 -0.00631224 -0.0310071 1
-0.278453 -0.222169 0.133116 1
0.16399 0.128052 0.223118 1
-0.135675 -0.203939 -0.0856931 1
0.0403797 -0.0403667 0.0691254 1
-0.037457 -0.0201048 0.0582615 1
-0.00456587 0.0505301 0.0561929 1
-0.0522728 0.00567821 0.113327 1
0.0699481 0.0186516 0.130025 1
0.171474 -0.00650725 0.0414597 1
0.0745577 0.039846 -0.00991866 1
0.309135 0.597672 0.393706 1
0.0812485 -0.0577572 -0.0330865 1
-0.11023 0.177962 -0.099878 1
0.0486183 -0.0386735 -0.0575996 1
0.093034 -0.0137886 -0.100805 1
-0.113762 -0.0488878 -0.0595898 1
0.173162 -0.0133256 -0.193435 1
-0.131602 0.0147156 0.00111721 1
0.00819187 -0.113133 -0.082849 1
0.0570124 -0.103533 0.0856315 1
-0.158132 -0.0279753 0.0542847 1
0.0762944 0.232244 0.1551 1
0.502062 -0.0320444 0.0185066 1
-0.0023154 0.0519226 0.0255475 1
-0.150691 0.239266 -0.778532 1
0.0804162 -0.0262606 -0.148247 1
0.0276711 0.247292 -0.230811 1
0.0406309 0.04994 0.0234285 1
-0.261908 0.231742 -0.129588 1
-0.00100306 -0.00202014 0.00136438 1
