# 1 = ball
# 2 = lepton
# 3 = photon
# 4 = PID > 100
# 5 = neutrino
# 6 = other
-0.00365763 -0.00444762 -0.328135 3
0.418152 -0.227879 0.244575 4
-0.301834 0.143869 1.18356 4
-0.148513 -0.83492 2.04353 4
1.51645 -0.374392 3.03568 4
1.3779 -0.276937 1.48857 4
0.1183 -0.352592 0.430277 4
0.875027 0.359154 0.20932 4
0.0756795 -0.458282 -0.592566 4
-0.168054 -0.279803 -0.25395 4
1.18734 -1.22325 1.46881 4
0.134143 -0.0673205 0.192306 4
-0.0576981 -0.0922189 0.311266 4
0.0145108 -0.0524646 0.300382 4
0.316022 -0.0263243 -1.28351 4
0.543893 0.451959 -1.46783 4
2.39269 0.188881 4.2784 4
0.946366 0.20474 1.40097 4
-1.40363 -1.94766 1.7997 4
-0.0475491 -0.252266 0.485796 4
-0.0623803 -0.704755 1.15763 4
-0.444665 -1.05313 0.390672 4
-0.336446 -0.47017 0.700859 4
0.191789 0.00792199 0.973648 3
0.0782796 -0.0118395 0.133645 3
0.265255 0.287985 0.305022 3
0.203675 0.121808 0.0924087 3
0.672668 -0.259139 0.532416 4
0.529271 0.160027 0.642759 4
0.685388 -0.0812937 -0.275522 3
0.0384154 -0.00540506 0.0165061 3
-0.11283 0.23061 -0.489222 3
0.0675308 0.00536319 0.298813 3
0.194911 -0.139178 0.457113 3
-0.134877 -0.202481 0.609167 3
-0.123878 -0.157662 0.251882 3
-0.100934 -0.171953 0.160976 4
-2.26628 -3.50448 4.0759 4
0.232588 -0.057476 0.0312848 3
0.109595 0.0610395 0.050463 3
0.0544097 -0.0220258 -0.0508979 3
-0.0744923 -0.0721739 -0.158291 3
0.0125797 0.0214223 0.0362756 3
0.0394219 -0.0874716 -0.0695302 3
-0.0882004 0.0306503 -0.0275804 3
0.0177528 0.0292554 0.0605414 3
0.290843 1.872 -3.48364 5
-0.996177 4.86183 -8.97896 2
-0.796302 -1.1176 1.03048 4
-0.121494 -0.900347 0.996712 4
-0.0873922 -0.56426 0.283232 4
-0.863229 -1.08342 1.71645 4
-1.01819 1.13673 -3.14134 4
-0.0256319 -0.0035988 -0.00280837 3
-0.291119 0.5781 -0.754597 4
-0.824201 1.11824 -1.84565 4
-1.80312 2.04216 -5.07977 4
-0.13675 0.188257 -0.501748 3
-1.04704 2.16181 -4.9783 3
0.0868022 -0.00606688 -0.0676982 1
0.281846 0.206383 0.125999 1
0.0302748 0.0712931 -0.0164856 1
-0.234014 0.0957127 -0.405794 1
0.0252963 0.0407751 0.00899722 1
-0.0952936 -0.0447429 0.0535112 1
0.102491 -0.0212129 0.0516486 1
0.0399105 0.00926745 0.0388087 1
0.0218232 -0.0266675 0.160956 1
0.217755 0.114617 0.0798206 1
-0.0584242 0.074251 0.0998167 1
0.0139405 0.0181361 0.00541351 1
0.0262409 0.0678939 -0.0137913 1
-0.165524 -0.109333 -0.207579 1
-0.12368 0.147217 -0.193652 1
0.0274848 -0.0356392 0.00981907 1
0.0116998 -0.0204716 -0.155641 1
0.116727 0.176573 0.164424 1
-0.0558831 0.0245044 0.0175555 1
0.166264 -0.00737438 0.183334 1
-0.0993594 0.0620885 -0.0680789 1
-0.050204 0.0410085 0.0142709 1
-0.000462607 -0.00141965 0.000184842 1
