# 1 = ball
# 2 = lepton
# 3 = photon
# 4 = PID > 100
# 5 = neutrino
# 6 = other
-0.561414 -0.30222 -0.17739 4
0.187881 -0.237652 -0.580167 4
0.77995 -2.89874 -3.42245 4
5.61355 -7.15054 -7.92195 4
-0.133099 -0.169197 -0.137404 4
0.077434 0.265441 -0.236001 4
-0.448917 -0.515758 0.0152566 4
-1.01156 -1.91327 -0.0402808 4
-0.32181 -0.579615 -0.185638 4
-0.532018 -1.30766 -0.466778 4
0.0803036 -0.442935 -0.0743334 4
0.0571225 -0.208908 -0.240446 4
0.801919 6.88337 4.23782 4
1.84741 15.6077 9.63333 4
-0.253877 2.86597 1.75539 4
-0.201571 -0.262413 -0.269323 4
-1.15844 -0.389835 -0.647507 4
-0.0307735 -0.548425 0.0438947 4
-0.421918 -3.45284 -0.864741 4
-0.32559 -3.16247 -2.08154 4
0.218856 -2.68459 -1.02877 4
0.096726 0.458696 0.013192 4
-0.0226056 0.33142 -0.0957659 4
0.0784267 1.15991 0.128654 3
-0.0309352 -0.00280606 -0.0466943 4
0.0453677 0.684917 0.115465 4
0.101459 0.0910783 -0.143482 3
-0.024317 -0.00100152 0.00957974 3
-0.480562 0.601728 -0.0276372 3
-0.0398998 0.0146687 0.0209832 3
-0.561562 -0.793444 -0.222905 4
-0.242517 -0.414539 0.139587 4
-0.0407185 -0.0504261 -0.026856 3
-1.24631 -0.594886 -0.44256 3
0.0950349 0.274913 0.379234 3
0.123367 0.292146 0.218955 3
0.0515352 -0.610716 0.285061 3
0.0270045 -0.0219558 0.0375843 3
0.133478 -0.285376 -0.532676 3
0.00580136 0.00854781 -0.0817021 3
-0.884824 -1.72608 -0.618693 3
-0.23629 -0.528903 -0.11564 3
-0.0253279 0.655074 0.361157 3
0.0408701 0.0750614 0.0276632 3
-0.0820294 0.668177 0.227713 3
-0.0868713 0.152835 0.0619067 3
-0.0806456 0.119096 -0.00276174 3
-0.11899 -0.0103321 0.0199519 3
-0.729509 -0.517725 0.0124882 3
-0.268799 -0.29969 -0.00888047 3
0.0455303 1.22614 0.505991 3
-0.0200716 0.086496 0.0687295 3
-0.0916396 0.236815 0.0696281 3
-0.00293972 0.546539 0.160558 3
0.00403541 0.429209 0.0423595 3
0.0473646 0.89116 0.282782 3
0.0886859 -0.357061 -0.0465023 1
0.360806 -0.0341048 0.628852 1
0.0752965 -0.372052 -0.172547 1
0.0645608 -0.0814405 0.0261696 1
-0.592422 0.413988 0.0120647 1
0.688223 -0.272113 0.316038 1
-0.53803 -1.21098 1.24095 1
0.162809 -0.333628 0.0161623 1
-0.152 -0.294739 -0.155121 1
