# 1 = ball
# 2 = lepton
# 3 = photon
# 4 = PID > 100
# 5 = neutrino
# 6 = other
-0.00345047 0.134084 5.46587 3
1.51967 -0.0366984 -0.977288 4
0.46272 0.198109 -0.00953249 4
-1.83702 0.217694 0.301247 4
-1.80252 -0.412364 0.304428 4
0.282617 -0.761114 -1.05424 4
-1.65044 0.25609 1.18283 4
-0.910677 0.0260777 0.307208 4
7.28637 -4.01564 -6.70164 4
0.158216 -0.103213 -0.145647 3
4.0738 -1.89296 -3.28198 3
0.285496 -0.212257 -0.387335 4
0.309664 0.00771771 -0.0121303 4
0.324706 0.0424749 -0.543706 3
0.037452 -0.0235352 -0.0188438 3
-0.384753 0.159559 0.361249 3
-2.30931 1.32058 2.22897 3
-0.0456081 0.0429275 0.0613556 4
-0.748627 0.518746 0.673367 4
-1.77668 1.03446 0.939832 3
-0.203063 0.158697 0.0829586 3
-1.35138 1.42848 1.68527 4
-0.980751 0.728392 0.896719 4
-0.276732 0.351124 0.408521 3
0.213245 -0.131825 -0.095121 3
0.720783 -0.574212 -0.613726 3
2.16204 -1.06537 -2.33761 4
0.253753 0.0379532 -0.303577 3
0.4443 -0.060927 -0.355584 3
0.00285684 0.0116811 0.00124956 3
-0.483735 -0.0550742 0.394732 3
-0.153865 0.0707388 0.129992 3
-0.266879 0.160431 0.514762 3
-3.71243 2.99468 3.2783 4
-0.40021 0.380384 0.488957 4
1.06875 -0.663833 -1.13954 3
0.785084 -0.380813 -0.881936 3
1.70628 -1.0176 -1.81714 3
0.0217584 -0.0295935 -0.0504681 3
0.999515 -0.692148 -0.989848 3
2.42092 -1.44004 -2.3795 3
-0.207369 0.122343 0.185334 3
-0.971458 0.30268 0.603862 3
-3.32856 3.057 3.37481 3
-1.02599 0.846098 0.970188 3
-0.199938 -0.0182591 -0.116859 1
-0.141096 0.0569621 -0.0387174 1
-0.0834656 0.0620799 -0.00848408 1
0.0231479 -0.0301994 0.0425315 1
0.0465349 -0.139608 -0.13783 1
-0.165528 0.0324217 -0.131433 1
0.222495 -0.0374708 -0.0203008 1
-0.0693124 0.084049 -0.117095 1
-0.15842 0.279581 -0.0502661 1
-0.00931222 -0.0884885 -0.105926 1
0.0842604 -0.145249 -0.259524 1
0.0163483 0.0215339 -0.0955769 1
-0.0603158 -0.0500543 0.199837 1
0.215561 0.195236 -0.219612 1
0.0963257 0.0220929 0.215608 1
-0.0223867 -0.0817293 -0.00356446 1
-0.0616018 -0.178213 0.109373 1
0.103074 -0.00282409 0.0858608 1
-0.215362 -0.209772 0.115764 1
-0.101917 -0.0631943 0.0169325 1
-0.117443 -0.0258051 0.202487 1
-0.11223 -0.290363 -0.191857 1
0.0531299 0.149589 0.0384246 1
-0.297605 -0.293934 -0.0962763 1
0.21623 -0.160481 -0.0485295 1
0.36585 0.343165 0.00661763 1
0.0107887 0.00882312 -0.0843121 1
-0.0888296 -0.115603 0.122226 1
-0.0450188 -0.0811673 0.0122307 1
-0.183095 -0.106936 -0.063383 1
0.0286103 0.00143268 -0.0365347 1
0.0136734 -0.0335026 0.142776 1
-0.0342176 -0.0380118 -0.0155717 1
-0.0894894 -0.138507 -0.144179 1
-0.118976 -0.213929 -0.0320931 1
-0.0562845 0.0831607 0.130403 1
0.0666098 -0.0247605 -0.107238 1
0.177224 0.104471 -0.0208451 1
0.0368947 0.0461166 -0.00206265 1
-0.00496444 0.0435413 0.0128427 1
-0.04965 -0.00797 -0.0527436 1
0.00121777 0.00178758 0.0012816 1
