# 1 = ball
# 2 = lepton
# 3 = photon
# 4 = PID > 100
# 5 = neutrino
# 6 = other
0.224321 -0.128545 -0.83193 4
-0.0817524 -0.948969 -0.585943 4
1.38437 -3.53147 -2.27382 4
-0.658563 -0.0708915 -1.30242 4
-0.540331 -1.98522 -2.94945 4
0.310393 -0.87491 -0.90045 4
-0.360658 -0.788448 1.54317 4
-0.0568717 -0.367176 0.170804 4
2.13139 -3.75699 -2.00776 4
0.290629 5.23223 6.21816 4
0.315555 4.38246 5.31992 4
0.264045 1.22406 1.18898 4
0.0938972 0.172558 0.286933 4
-0.47179 1.30476 1.22403 4
0.0149351 0.315067 0.231363 4
-0.115473 -0.277923 -0.164682 4
0.312176 -0.156467 -0.167608 4
-1.13996 -1.10394 -1.68323 4
-1.14955 -1.5329 -2.90373 4
-0.00491923 -0.398486 -0.600185 4
0.326547 0.0960023 -0.0582608 4
-0.797242 -0.381408 0.987932 4
0.84398 -1.97748 -1.5261 3
1.88916 -4.90029 -3.60645 3
-0.535404 4.09212 5.33716 3
-0.0225637 0.537104 0.676657 3
-0.0305228 1.17794 0.00659688 4
-0.31017 0.94817 0.107746 4
-0.0546214 0.141256 0.137703 3
0.00462121 0.359824 0.141175 3
-2.00021 -0.597324 -3.41401 3
-0.0841711 -0.0556877 -0.169413 3
-0.0103551 0.0128329 0.00783644 3
0.122043 0.0747695 -0.315829 3
-0.0376284 -0.0463249 -0.339621 4
-0.310702 0.0496336 -0.459301 4
-0.081732 -0.571587 -0.688376 4
0.0808743 -0.567713 -0.583064 4
0.00512609 0.690901 0.926385 3
-0.10028 0.56503 0.881872 3
0.0801382 0.405692 0.46458 3
0.117517 1.96252 2.02262 3
0.0181461 0.552742 0.329982 3
0.129211 0.411885 0.28659 3
-0.0116692 -0.0277726 0.0125871 3
-0.417295 -0.122221 -0.169636 3
-0.269297 -0.498576 -0.429166 3
-0.114824 -0.178116 -0.275514 3
0.0641668 0.508299 -0.0217392 3
0.122958 0.7504 0.130106 3
0.0959904 0.286215 -0.433251 3
-0.0258637 0.0758219 -0.220152 3
-0.042614 0.0201274 -0.0367879 3
0.00760589 -0.127975 -0.141478 3
0.0871019 -0.0111807 0.0782713 1
-0.219272 0.022851 0.1468 1
0.897574 0.300444 -0.434 1
-0.0164581 0.290244 -0.0939833 1
-0.725507 -0.00481397 0.04916 1
-0.0374281 -0.18841 0.41685 1
0.342944 -0.435603 0.223296 1
-0.166529 0.131457 0.494132 1
0.425772 -0.481206 -0.261071 1
-0.000950837 0.000608165 -0.00100136 1
