# 1 = ball
# 2 = lepton
# 3 = photon
# 4 = PID > 100
# 5 = neutrino
# 6 = other
2.10547 1.29414 -0.975891 4
0.44147 0.349942 -0.0950998 4
6.26855 4.75648 -5.21204 4
0.285432 -0.0804742 0.230267 4
-2.60213 -2.30349 1.39237 4
-0.366913 -0.466057 0.147324 4
-8.72768 -6.25618 6.44739 4
0.846571 0.339568 -0.275928 4
4.63143 4.25591 -3.68489 4
0.284893 0.347987 -0.0771394 4
0.0470154 0.0644882 -0.116621 4
-0.234472 0.434561 0.221595 4
-0.510124 0.255489 -0.0219571 4
0.125698 0.0195452 -0.147619 4
-1.38484 -1.1676 0.695996 4
-0.318548 -0.484078 0.262159 4
-1.63156 -1.67819 1.30337 4
-4.66696 -3.26731 3.32347 4
-1.95102 -2.29174 1.83134 4
-3.0887 -2.22397 2.21342 4
-1.37484 -1.43529 0.814814 4
0.211607 0.541728 -0.993374 4
2.55683 2.1089 -1.39331 3
0.186451 0.109444 -0.0944853 3
3.1866 2.4213 -1.65278 4
0.839678 0.40416 -0.295136 4
0.00077712 0.0047496 -0.0181366 3
1.51561 1.31892 -2.07746 3
-0.0191138 -0.0310805 0.0174239 3
-3.3266 -2.71335 2.39141 3
1.06869 0.845366 -0.61691 3
2.50297 2.24988 -1.53628 3
0.578723 0.345933 -0.450667 3
1.17925 0.707427 -0.695791 3
0.75968 0.638534 -0.529624 3
0.580085 0.584359 -0.331194 3
