# 1 = ball
# 2 = lepton
# 3 = photon
# 4 = PID > 100
# 5 = neutrino
# 6 = other
4.38645 5.08081 5.49428 4
2.4671 2.18456 2.91667 4
2.44406 1.72589 1.91825 4
1.04527 1.68902 1.2661 4
0.675682 0.716498 0.194043 4
0.224797 0.0580651 -0.236813 4
0.290642 0.610628 0.0237516 4
0.204763 0.252478 0.611093 4
-0.109339 0.0793338 -0.182579 4
-3.95579 -1.75924 -2.78155 4
-2.5031 -1.90201 -1.84177 4
-2.38151 -1.11179 -3.76613 4
-1.50985 -1.42827 -1.66538 4
-0.651803 -2.09997 -1.33148 4
0.305821 -0.950046 -0.109357 4
-0.713867 -0.624278 -0.059647 4
-1.00976 0.0129207 -0.250877 4
-0.655719 0.0717004 -0.351118 4
-0.836754 -0.343722 -0.0776601 4
-1.39494 -0.732201 -1.59812 4
0.0717328 -1.18602 -0.315189 4
-0.415299 -1.0183 -1.3252 4
-0.929882 -1.09581 -1.19325 4
-1.47785 -3.70952 -3.01029 4
3.77391 3.24887 4.48281 4
0.381096 0.42557 0.505681 4
2.95355 3.02623 3.01518 3
0.149221 -0.103661 0.232387 3
-0.0228825 -0.0516745 0.114322 3
0.0587337 -0.134699 -0.0259885 3
0.0467412 0.0123603 -0.0627484 3
-0.37442 0.204713 -0.51469 4
-0.0368241 0.0396714 -0.119546 4
-0.0456544 -0.135873 0.0281195 3
-0.325202 -0.427079 -0.0890366 3
-0.624323 -0.633939 -0.606402 4
-0.574511 -0.649756 -0.917891 4
-0.371167 -0.254818 -0.12677 3
-0.253906 -0.213362 -0.0883146 2
-0.0714054 -0.0783181 0.0139517 2
0.0262421 -0.304531 -0.463202 3
0.049794 -0.0294862 -0.0488935 3
-0.0457758 -0.375951 -0.523227 3
-0.0742164 -0.069608 -0.155904 3
3.36865 2.8223 4.28498 3
0.267574 0.267567 0.339568 3
0.613854 0.509566 0.342826 3
0.292755 0.312952 0.0969 3
-0.0183837 0.0942382 -0.342549 3
-0.0561372 0.0415577 -0.0455728 3
-0.0661318 -0.0527331 -0.0903681 3
-0.647055 -0.320361 -0.321015 3
-0.0222021 -0.0522205 0.00711707 3
-0.305283 -0.203295 -0.232878 3
-0.773915 -0.387162 -0.342844 3
-0.496768 -0.157782 -0.137079 3
-0.0251971 -0.0395882 0.00226875 3
-0.321604 -0.85042 -0.538978 3
