# 1 = ball
# 2 = lepton
# 3 = photon
# 4 = PID > 100
# 5 = neutrino
# 6 = other
-0.00106431 0.00104368 0.01591 3
-0.00205389 0.000128342 -0.0985165 3
5.01384 9.41407 -4.17666 4
3.29271 8.66535 -2.00578 4
0.411134 1.62272 -1.01799 4
0.113757 -0.923625 -0.571534 4
-2.45428 -4.61699 0.776263 4
-2.53509 -6.0126 1.55304 4
-3.14981 -6.59467 3.48287 4
-0.28121 -0.823342 0.451224 4
1.78228 4.13162 -1.25117 4
3.90667 9.08773 -2.9359 4
-0.0815695 0.212805 -0.402708 4
-0.666728 -0.415846 0.32946 4
-0.84602 -1.31352 0.434999 4
-1.6999 -2.87732 0.558474 4
-0.0620589 -0.204056 -0.0673976 4
-0.858286 -1.45846 0.485218 4
-1.66104 -3.37044 1.08132 4
-0.346593 -0.681707 0.267669 3
-0.413432 -0.735131 0.445021 3
0.416552 0.375704 -0.517991 3
0.54709 0.388432 -0.459124 3
0.241241 0.0325627 0.0275141 3
0.330529 0.21361 0.0471865 3
-0.26021 -0.84735 0.0974683 3
-1.79982 -2.96964 1.06253 3
-0.166233 -0.069933 -0.0669948 1
-0.347855 -0.189748 -0.177997 1
0.862701 -0.874984 0.699473 1
0.657862 0.212032 0.804868 1
-0.108374 0.190247 -0.213668 1
-0.196097 0.196074 -0.222762 1
0.384242 0.161391 -0.63155 1
0.709137 0.339289 0.670919 1
-0.0323725 -0.466309 0.971161 1
-0.700267 0.0204009 0.0715598 1
-0.0926803 0.0494315 0.117053 1
-0.168531 0.0040382 -0.0601766 1
-0.0253791 0.14535 -0.00841587 1
-0.310602 -0.256657 -0.0254785 1
0.365915 -0.157138 0.276971 1
0.0436464 -0.285928 -0.112123 1
0.0456976 0.12863 0.202343 1
0.144395 0.552209 0.0975264 1
-0.00182778 0.000517522 -0.00410563 1
