# 1 = ball
# 2 = lepton
# 3 = photon
# 4 = PID > 100
# 5 = neutrino
# 6 = other
0.0432927 -2.33379 4.91803 4
0.349362 -0.0757021 1.05986 4
0.310368 0.387668 -0.747376 4
-0.694256 -0.995767 1.31805 4
-0.747034 -0.755416 1.39539 4
-0.0293472 -0.580376 0.362765 4
0.177633 -0.175941 1.32558 4
0.384973 -0.287477 0.937341 4
-0.158551 0.105836 0.00886209 4
-0.0112739 -0.195689 0.0468424 4
0.956908 2.0989 -3.45356 4
1.11698 0.705838 -1.38053 4
2.99529 3.97108 -8.64983 4
3.27032 4.61292 -7.35929 4
-4.32746 -3.65302 4.22598 3
-3.11522 -2.76882 3.05305 3
-2.06995 -2.00745 2.53337 4
-0.714162 -0.599387 0.782599 4
-0.377677 -0.274656 0.104066 3
-0.857144 -0.179386 0.965099 3
-0.0392199 -0.0221318 -0.0495008 3
0.0254323 -0.0661122 0.0642001 3
3.65815 5.1279 -9.18479 3
1.07901 1.09571 -2.46078 3
-0.408305 -0.834577 2.98454 3
-0.378346 -0.533176 1.96911 3
-0.0512028 -0.230744 0.427668 3
-0.0323212 -0.104259 0.0620148 3
0.0868227 0.128516 -0.51 3
0.318124 0.549846 -1.32981 3
-1.9175 -1.79347 2.39716 3
-0.495867 -0.550892 0.722109 3
-0.018479 -0.0743456 0.206171 1
-0.303586 -0.624302 0.619676 1
-0.191036 0.215678 -0.072883 1
-0.131636 -0.0214884 0.218957 1
-0.252315 -0.0163398 0.173051 1
0.374521 -0.0964186 0.120981 1
0.0556768 -0.0272835 0.0184509 1
0.348419 0.255384 0.655385 1
0.0861163 -0.229094 -0.0376986 1
1.68716 0.85261 1.5653 1
-0.00267509 -0.000378911 -0.00560512 1
