# 1 = ball
# 2 = lepton
# 3 = photon
# 4 = PID > 100
# 5 = neutrino
# 6 = other
1.28876 2.16093 3.25916 4
0.0708592 0.14164 0.0889408 4
-6.07776 -5.04684 -12.1624 4
-5.08155 -4.68252 -8.26103 4
-5.22999 -4.4754 -8.76757 4
4.83798 4.29391 8.2876 4
1.11294 0.481009 1.386 4
0.870025 -0.0202154 0.770788 4
0.460848 -0.128062 0.411754 4
-1.05742 -0.0330727 0.00786198 4
-0.589323 -0.398547 -0.49912 4
-0.18423 -0.40716 -0.212919 4
-1.25076 -1.55344 -1.02512 4
0.268003 0.106918 0.270673 3
1.98854 0.952705 2.56436 3
-0.282952 -0.509445 -0.528884 3
-0.0457156 -0.0141246 -0.0659462 3
0.854183 0.925537 1.53504 3
7.63881 7.75156 13.5409 3
0.0688267 0.188233 0.0401189 3
-0.05617 0.289173 0.103816 3
0.0953929 0.0249691 -0.074156 1
0.0448299 0.0726114 0.0244373 1
0.82742 0.0820531 -0.263107 1
0.303222 -0.0627888 0.0678356 1
-1.07873 0.895709 -0.908495 1
0.0549673 -0.065827 0.132507 1
-0.0323908 0.0144864 0.0620432 1
0.145837 -0.069747 -0.0437127 1
-0.134401 -0.196704 -0.0950334 1
0.208238 -0.476813 0.0826666 1
-0.0382919 -0.240742 0.270963 1
