# 1 = ball
# 2 = lepton
# 3 = photon
# 4 = PID > 100
# 5 = neutrino
# 6 = other
10.8616 -13.1727 -14.8596 5
7.67808 -9.63707 -11.2657 4
-6.82091 9.31362 11.1524 5
-7.34092 9.7137 12.0252 4
0.937642 -1.48492 -1.96312 3
0.478334 -0.59242 -0.866405 3
-3.171 3.54672 4.34214 3
-0.696943 0.721684 0.85101 3
-0.10218 0.0815977 0.172819 3
-1.01934 1.03674 1.30513 3
-0.123168 0.386124 -0.0877676 1
-0.57596 -0.471436 -0.173275 1
0.00424398 0.0113334 0.0105897 1
-0.0554687 0.108197 -0.202305 1
-0.217305 0.0434202 -0.186237 1
0.258097 0.470474 -0.40193 1
-0.272311 -0.0480326 0.184802 1
0.187666 0.131359 0.478243 1
0.222905 -0.234964 0.11327 1
-0.179198 0.0934074 -0.0740742 1
0.351536 -0.0302476 -0.167406 1
-0.405449 0.0134123 -0.38787 1
