# 1 = ball
# 2 = lepton
# 3 = photon
# 4 = PID > 100
# 5 = neutrino
# 6 = other
-0.274147 -0.108348 0.226278 4
-7.38817 -3.0705 7.14777 4
-8.10829 -2.25959 6.92232 4
-0.337177 0.0975834 0.238331 4
0.00919394 -0.00440054 0.118631 4
0.597704 0.42787 -0.0718965 4
1.13092 0.66201 -2.37414 4
2.25083 0.400359 -1.42038 4
5.11505 1.95678 -6.6712 4
-3.8021 -1.23229 3.9213 4
-1.41016 -0.59105 1.38051 4
-0.0727685 -0.282984 -0.0195373 4
-0.471501 -0.64288 0.306683 4
0.506196 0.0311043 0.0903045 4
0.416107 0.225905 0.635609 4
1.56731 0.185032 -0.244735 4
6.08197 2.30852 -6.37704 4
3.13951 0.868409 -2.41363 4
0.714243 0.161513 -1.00468 4
1.49264 0.385144 -1.32873 4
-0.827608 -0.27784 0.944779 3
-0.191615 -0.0495464 0.318518 3
-1.19602 -0.392613 1.12896 4
-0.654253 -0.218346 0.380255 4
1.69203 0.744595 -1.57204 3
1.0499 0.411464 -1.08677 3
-3.82329 -1.23702 2.5221 3
-0.525119 -0.202187 0.401424 3
0.704443 0.119947 -0.591985 3
2.80799 0.285736 -2.09716 3
-0.396079 -0.132344 0.271033 3
-0.471371 -0.10461 0.489776 3
0.0467378 0.0834904 0.107562 1
-0.217511 0.497181 0.152011 1
-0.167961 -0.523188 -0.165776 1
0.0609736 0.0291309 -0.0691406 1
0.0439881 -0.049003 0.0931849 1
-0.281776 0.132375 -0.862783 1
0.114812 0.693977 0.711554 1
0.366544 0.492461 0.111814 1
0.424181 0.273799 -0.351835 1
0.28363 -0.09564 0.102744 1
