# 1 = ball
# 2 = lepton
# 3 = photon
# 4 = PID > 100
# 5 = neutrino
# 6 = other
-0.0177141 0.00804117 -0.0102149 3
2.48968 0.894017 -7.86555 4
0.00498718 -0.104301 0.185662 4
0.180646 0.1954 -0.673662 4
0.367475 -0.333291 -0.00247962 4
0.505134 0.222773 0.0749833 4
1.06814 -0.231007 1.15365 4
0.146272 -0.270247 0.197309 4
-4.55848 -0.113971 8.1618 4
2.29293 0.400547 -4.41082 4
-0.808963 -0.967348 -0.317506 4
0.205582 0.416985 0.088109 4
-1.70524 -0.746106 2.28656 4
5.61496 2.35323 -12.6743 4
0.0268399 0.0153943 -0.0181813 3
-0.0501634 -0.191333 -0.271308 3
-0.30242 -0.356119 -0.649086 3
0.567894 -0.0411975 -0.647761 3
0.199251 0.065506 -0.254275 3
0.144664 0.00391065 -0.0437862 3
0.445971 -0.0702784 0.0873393 3
-0.162017 -0.0511491 0.483845 4
0.163198 0.0174891 0.125165 4
-0.00967652 -0.137907 0.0361295 4
-0.352948 0.0713758 0.556461 4
0.00872705 -0.0138834 0.00602824 3
-0.0294279 -0.28578 1.0621 3
-0.0340497 0.0570596 0.0784806 3
-0.744455 0.381077 1.19468 3
-0.244082 0.0992521 1.05319 3
-0.274342 0.190122 0.880984 3
-0.616454 -0.20374 0.825972 3
-0.616554 -0.192794 0.621185 3
-3.62324 -0.834226 6.60079 4
-1.18756 -0.0237556 1.70779 4
1.05709 0.296997 -1.62464 3
2.24532 0.437157 -3.28564 3
-0.012994 -0.578715 -0.496948 3
0.0358108 -0.0642554 -0.029383 3
0.130681 -0.0289236 0.423466 3
0.411146 0.0536026 0.803929 3
0.0059965 -0.0507846 0.389064 3
-0.14239 -0.0910842 0.483305 3
-0.112517 -0.0788698 -0.025727 3
-0.0202416 -0.0206865 0.0740465 3
-0.0237762 -0.0985402 0.388007 3
-0.0460195 -0.111537 0.124764 3
-1.28956 -0.0630354 2.20139 3
-1.00103 -0.100778 1.9376 3
0.176054 0.0407453 -0.0769863 1
0.142034 0.215855 -0.480692 1
-0.00469178 -0.0279871 -0.00573624 1
0.0994797 0.0225243 -0.136656 1
-0.00749617 -0.0350201 0.0361571 1
0.122445 -0.118139 -0.154826 1
0.0127966 -0.295348 0.256534 1
0.0559076 0.10826 -0.0252231 1
-0.00937863 -0.33384 0.023284 1
-0.129804 -0.028086 0.283381 1
-0.0716276 0.154151 -0.0262421 1
0.00668445 0.0371377 0.00765308 1
-0.164901 0.0616618 0.211653 1
0.34925 0.229053 0.00616954 1
-0.0246159 -0.0030932 -0.0295059 1
0.0660826 0.0440607 -0.218431 1
0.250509 -0.0921215 -0.0107976 1
-0.350731 -0.020985 0.0461835 1
-0.210328 0.101652 0.0722423 1
0.108742 -0.314661 0.0746478 1
-0.019741 -0.0785815 0.0141647 1
0.0165521 -0.00405652 -0.012283 1
-0.13269 0.0346988 0.0229253 1
0.121179 -0.0550375 -0.107751 1
0.215934 0.083253 -0.10716 1
-0.394414 0.166646 -0.146508 1
-0.103517 0.126049 -0.0786954 1
-0.0268951 0.0294745 0.0593922 1
-0.056408 -0.0602871 -0.408451 1
0.110912 0.0116041 -0.0477853 1
-0.0711234 0.0431231 0.0249879 1
-0.157777 -0.0342627 -0.0308783 1
0.0110866 0.180188 -0.0281761 1
0.0633947 0.0267675 -0.0230713 1
-0.00736764 0.0111385 0.00444446 1
-0.0777419 -0.156052 -0.0631238 1
-0.0515292 0.288556 0.00578738 1
-0.188901 -0.0828642 0.0750849 1
0.000570768 -0.000473891 0.00170609 1
