# 1 = ball
# 2 = lepton
# 3 = photon
# 4 = PID > 100
# 5 = neutrino
# 6 = other
-6.99058 8.26712 -17.0697 4
-0.770731 0.736579 -0.630852 4
0.165504 -0.0375471 0.683746 4
0.052576 0.180914 -0.359399 4
-1.52461 2.05995 -3.04377 4
-0.0700354 0.720049 -0.117317 4
-0.326421 -0.71408 0.256296 4
1.10193 -1.16257 1.89089 4
0.753551 -0.555414 1.72448 4
2.6961 -3.44344 6.0949 4
3.70284 -6.56991 10.2841 4
0.891148 -1.30728 1.77056 4
-2.63983 3.40569 -7.63044 4
-0.80723 1.41739 -2.28721 3
-0.769293 1.10725 -1.92958 3
0.688725 -0.988536 2.0673 4
2.30981 -2.41501 5.21937 4
-0.103648 0.133195 -0.284525 3
-0.649606 0.440813 -1.04016 3
-0.0223163 0.0280571 -0.00751535 3
0.0814603 0.207833 -0.373159 3
0.0792306 0.101067 0.167022 3
-0.0470575 0.0111608 0.0410275 3
0.187135 -0.301789 0.524676 3
1.48015 -1.7916 3.18569 3
0.0737034 -0.0752434 0.0557828 1
0.0510767 -0.00555276 0.0137481 1
-0.0166979 0.128616 -0.0216394 1
0.295074 0.0947985 0.0474756 1
0.0734612 -0.154281 0.090745 1
-0.0392875 0.0221348 -0.0294367 1
0.0556575 0.034264 -0.0826791 1
0.0296293 0.123963 -0.0145034 1
0.093427 -0.00263493 0.0585256 1
0.0338072 0.139031 -0.0258096 1
0.17761 0.239783 0.304633 1
0.0713236 0.145759 -0.0837707 1
0.0118308 0.00409125 0.0117995 1
0.203067 0.00393691 0.235724 1
-0.147734 0.000105517 -0.0512219 1
-0.0765117 -0.229057 -0.0865311 1
-0.0435421 -0.138257 -0.217882 1
-0.0894766 -0.144138 0.642064 1
-0.103912 0.235001 0.0353941 1
-0.121294 0.0477885 -0.0188772 1
