# 1 = ball
# 2 = lepton
# 3 = photon
# 4 = PID > 100
# 5 = neutrino
# 6 = other
-0.00129869 -0.000846308 0.00246831 3
-0.000722862 -0.000325346 1.60421e-05 3
-3.25522 -0.431283 -12.4824 4
-0.252692 0.112818 -0.725286 4
0.27142 -0.0687986 1.4834 4
0.0726069 -0.31504 0.0241318 4
0.50886 0.339826 2.23505 4
1.29879 0.39726 6.60528 4
-0.665344 0.0509368 -0.920809 4
-0.104112 -0.44544 -0.167065 4
-0.507356 0.436675 -0.191357 4
0.412418 -0.110424 1.20572 4
1.74297 0.212945 6.62253 4
1.63398 0.617879 6.78519 4
0.373232 -0.470832 0.134405 4
-0.00543519 0.161428 -0.24484 4
-1.12183 0.201504 -6.271 3
-1.06599 0.260073 -5.43164 3
-1.36822 0.370847 -5.9532 3
-0.0693256 -0.0116085 -0.30035 3
-0.0138492 0.356677 -1.39978 3
0.0776262 -0.125557 -0.125518 3
-0.038758 0.0231662 -0.24319 3
-0.0910088 -0.105005 -0.240859 3
0.338854 0.133011 1.51481 4
2.11492 0.255881 6.50723 4
-0.407115 -1.06445 -4.01993 3
-0.00864597 -0.0616048 -0.348257 3
-0.00185617 0.116337 0.587471 3
-0.00682835 0.066821 0.0705214 3
1.01288 0.171942 2.66228 3
0.267146 0.104572 0.637981 3
0.285159 0.308322 -0.0469662 1
-0.371136 -0.382924 0.0740428 1
0.415343 0.295963 0.0812768 1
-0.099695 -0.223495 -0.0251206 1
-0.653232 -0.0282438 0.2481 1
-0.0611422 0.0763679 0.0939869 1
-0.273181 0.086362 0.0171616 1
0.422442 0.743977 -0.845664 1
0.33564 -0.550815 0.222987 1
-0.236994 -0.236739 0.152 1
-0.0204109 -0.230359 0.0719812 1
-0.0755503 -0.292568 0.0127406 1
-0.301424 0.369233 0.454742 1
-0.207853 -0.230397 0.108025 1
0.0789294 0.210013 0.0156062 1
-0.232252 -0.427447 -0.169159 1
-0.854367 -0.438108 0.529654 1
0.641909 -0.40731 0.613665 1
0.0677259 0.178782 0.377988 1
