# 1 = ball
# 2 = lepton
# 3 = photon
# 4 = PID > 100
# 5 = neutrino
# 6 = other
-5.48413 -0.89767 2.74632 4
-1.11622 0.360458 1.8213 4
0.453757 -0.203594 -0.0523414 4
0.0994508 -0.123105 -0.151666 4
1.01149 0.785649 -1.08467 4
-0.4536 -0.121915 0.865223 4
1.17279 0.0911102 -1.60359 4
1.31577 0.164699 -1.50773 4
-0.752015 -0.474509 0.120303 4
-0.492019 -0.447308 0.56083 4
-0.0160464 -0.0114133 0.0137899 3
0.132188 -0.106516 -0.224744 3
0.320971 -0.293535 0.00490721 3
0.117751 -0.147921 0.0882468 3
0.487525 0.299377 -0.717295 3
2.0761 1.03953 -2.62574 3
-0.15264 0.0813269 0.178997 3
0.00709959 -0.0290154 0.0532723 3
-0.0254574 -0.00317905 -0.0541008 3
0.146344 0.07865 -0.161634 3
0.349645 -0.04983 -0.12961 3
1.10794 0.392929 -1.47175 3
0.160384 -0.128546 0.110494 3
0.178643 0.0022008 0.139423 3
2.72472 -1.16341 -4.84884 4
-1.32913 0.46987 2.18955 2
-4.21222 1.39483 6.23461 5
-2.08837 1.43394 5.49709 4
-2.80225 1.77007 5.08227 4
-0.0243435 0.181776 0.236956 4
0.451302 -0.463725 -1.09281 3
0.55142 -0.196217 -0.796114 4
-1.56356 0.252595 2.06943 4
-0.820661 0.440908 2.25534 3
-0.736571 0.49816 2.41726 3
0.985057 -0.413223 -1.48542 4
0.243628 -0.0788969 -0.272643 4
0.614611 0.0275183 -1.16699 4
1.28453 -0.193434 -1.94515 4
1.87905 -0.619437 -2.19863 4
0.529363 -0.0966588 -0.682007 4
-0.457579 -0.030758 0.909264 3
-1.01572 0.132692 2.00924 3
1.61608 -1.52466 -4.86265 4
0.659813 -0.270937 -1.23004 3
0.663922 -0.378795 -1.13112 3
0.352258 -0.255587 -0.744245 3
0.171526 -0.207097 -0.317024 3
1.67742 -0.967413 -3.04557 4
