# 1 = ball
# 2 = lepton
# 3 = photon
# 4 = PID > 100
# 5 = neutrino
# 6 = other
-0.0453904 0.825819 -4.72361 3
0.00890097 -0.00224118 0.0224837 3
0.000116133 -0.000529824 -9.49508e-05 3
-0.0858716 0.300029 0.00731018 4
0.0557283 -0.176211 0.193545 4
-0.26691 0.143079 1.36438 4
-0.00470664 1.40963 12.8606 4
0.49417 0.0841031 -0.334468 4
-0.337935 0.0169477 0.356587 4
-0.0756984 -0.0913779 -2.12861 4
-0.307435 0.406464 -0.211161 3
-0.365056 0.329123 -0.104723 3
0.0224886 0.00437191 0.162174 3
0.0306079 -0.288588 0.966838 3
0.0487264 0.0463585 0.894555 4
-0.034389 -0.190681 -0.536296 3
-0.223841 -0.277815 -0.852027 3
-0.159084 0.0843987 -0.0238886 3
-0.0589371 0.174916 -0.0202857 3
-0.0122063 0.0125857 0.0567642 3
0.120767 -0.172453 1.78818 3
-0.129361 -0.5367 -7.66435 4
0.191145 -0.780389 -6.98401 4
-0.184719 -0.273984 -10.0815 4
-0.209931 -0.149515 -1.33596 3
-0.00536435 0.00673226 -0.00212048 3
0.127439 0.473 2.13332 4
0.209513 -0.248373 8.45836 3
0.409696 0.121779 4.31513 3
0.437782 0.271194 -0.442976 1
0.417056 -0.0815074 0.616967 1
-0.423601 0.654824 -0.625287 1
-0.0097831 0.0183422 -0.00852537 1
0.0539852 0.154229 0.106009 1
-0.0722621 -0.0787635 -0.00103542 1
-0.155309 -0.0551474 -0.132823 1
-0.0135779 -0.0840669 -0.0434896 1
-0.106067 -0.322514 -0.361225 1
-0.0273332 0.279 -0.0464313 1
0.061979 0.573453 -0.324124 1
0.370028 -0.051317 0.0721262 1
0.393149 -0.181377 -0.0575504 1
-0.183826 0.154069 0.267804 1
0.604711 0.269953 -0.058743 1
0.333045 0.0020919 0.595523 1
-0.0399214 -0.386635 -0.123141 1
-0.21319 -0.550194 0.648138 1
-0.553995 -0.135498 0.39747 1
0.0284829 0.0281929 -0.0132652 1
0.432586 0.287859 0.152214 1
0.4187 -0.261969 0.601284 1
0.262432 -0.0386448 0.0716183 1
-0.364215 -0.355761 0.143808 1
-0.315991 -0.26702 0.214621 1
0.505978 0.562166 -0.608338 1
-0.214955 0.0782731 -0.097318 1
-0.213453 0.254693 0.229981 1
0.0492247 -0.0592982 -0.094133 1
-0.0264664 0.0288734 -0.0509459 1
-0.0439696 0.0678629 -0.184363 1
0.738797 -0.246056 0.557544 1
0.203408 -0.638598 -0.356361 1
-0.421884 -0.0667278 0.168259 1
-0.0190136 -0.0859984 -0.0944548 1
0.261072 -0.731879 0.443827 1
-0.974306 0.516652 -0.354092 1
-0.391757 -0.773233 0.214337 1
