# 1 = ball
# 2 = lepton
# 3 = photon
# 4 = PID > 100
# 5 = neutrino
# 6 = other
0.000154104 -0.00228813 -0.192335 3
1.44958e-06 -1.39032e-06 0.000285061 3
1.43825 -0.70273 -1.2571 4
9.60855 -3.93884 -8.4834 4
1.08519 -0.2955 -0.433603 4
0.226285 -0.169683 0.131943 4
0.194418 -0.248062 0.308195 4
-0.160101 0.468062 1.03398 4
0.15443 0.230349 0.60501 4
0.232897 0.282447 0.31406 4
-0.0046308 0.00190282 -0.133678 4
-0.21454 -0.00421229 0.0471287 4
-0.197019 0.143611 1.45034 4
-2.67803 1.43712 2.80175 4
-4.51769 1.73346 3.30037 4
-2.58579 0.573572 1.84095 4
-0.0478126 0.0744127 -0.0802669 4
3.4119 -1.70131 -2.1687 4
0.9121 -1.01114 -0.833557 4
0.402782 0.0541459 -0.387511 4
-0.0775374 -0.0143273 0.0164063 4
-0.0828716 0.275378 0.226866 4
0.200231 0.0948317 0.217532 4
-1.38197 0.966178 0.926997 4
1.21441 -0.792671 -1.50776 4
0.918663 -0.329299 0.36507 4
1.61782 -0.793122 -1.50665 3
1.11701 -0.513359 -1.17172 3
1.01406 -0.780009 -0.686355 3
0.0824109 -0.090967 -0.0278125 3
-0.0877703 -0.168711 0.0715786 3
0.0314955 -0.00736501 0.0399793 3
-1.83908 1.15638 1.76283 3
-0.598467 0.178361 0.229273 3
-1.66829 0.761775 1.18484 3
-1.4967 0.683813 1.21862 3
0.0995502 -0.133231 0.0335223 3
0.0905501 -0.113684 -0.0998997 3
-1.23861 0.492644 1.11346 3
-4.80309 1.84417 3.96685 3
0.00720604 0.306694 -0.315047 1
0.178901 -0.0730091 -0.05479 1
-0.24143 -0.0933267 -0.24499 1
-0.0625593 -0.0791003 0.199716 1
-0.362728 -0.716637 0.0994407 1
-1.02589 -0.399474 -0.944178 1
-0.495489 -0.269704 -0.100882 1
0.0281395 0.12417 0.286771 1
-0.258078 0.997389 0.325125 1
0.0647625 0.19146 -0.718679 1
-0.147696 -0.525235 0.00565546 1
1.55301 -0.412877 -0.10636 1
0.11336 -0.021657 0.249779 1
-0.393915 1.54066 0.253842 1
-0.0948225 0.529558 -0.342677 1
-0.131081 -0.338194 0.367446 1
0.147327 -0.57671 0.299847 1
0.129938 -0.153107 -0.607041 1
-0.0184939 0.0746032 0.236786 1
0.213728 0.385862 -0.121132 1
0.180065 0.64966 -0.525445 1
-0.0427362 0.0383958 0.28601 1
-0.104931 0.13185 0.265275 1
0.405249 -0.219835 -0.281483 1
-0.112844 -0.463041 -0.835416 1
-0.114304 -0.124424 -0.0151197 1
0.0125454 0.0741821 -0.142715 1
0.439074 -0.358014 -0.674971 1
-0.477011 0.119753 -0.249993 1
-0.188103 -0.0871788 -0.0340889 1
0.110013 -0.303292 -0.0263454 1
0.314908 0.409188 -0.780127 1
0.000731486 -0.000701579 0.00830654 1
