# 1 = ball
# 2 = lepton
# 3 = photon
# 4 = PID > 100
# 5 = neutrino
# 6 = other
0.00410469 0.00300819 0.175806 3
-11.8586 9.80209 -1.18538 4
-1.29284 0.606305 -0.527884 4
-0.482174 0.533559 0.310262 4
1.62455 -0.227412 1.00349 4
-0.0708018 -0.0971389 0.129994 4
0.47584 -0.167001 -0.516135 4
0.132399 -0.456635 -0.0257611 4
0.0243049 -0.301236 -0.0526238 4
4.77238 -3.66302 1.1068 4
6.43884 -5.47953 0.635643 4
-0.905501 0.881933 -0.0940045 3
-0.950127 1.00706 -0.162373 4
-0.443557 0.406687 0.111596 4
-0.347847 0.274761 -0.0606767 4
-0.191683 0.559053 -0.576696 4
1.10459 -0.957761 0.041886 4
0.408998 -0.050192 0.201966 3
0.782767 -0.200254 0.226718 3
-0.0719665 0.1442 0.0150077 3
-0.0941539 0.406734 -0.15681 3
-0.0584775 0.171317 -0.0413417 3
0.0686078 0.138879 -0.075854 3
6.90735 -5.36922 0.887583 4
4.75715 -4.88733 -0.157456 4
2.65804 -2.62576 0.253603 4
-1.96122 2.02106 -0.411062 4
-2.60087 1.94495 -0.180657 4
-1.92319 1.16212 -0.140158 4
-1.85633 1.46452 -0.286005 3
-4.87045 3.61122 -0.615383 3
-0.00579477 0.0189211 -0.032942 1
-0.0463024 -0.176161 0.0237309 1
-0.0256417 0.00449295 -0.314543 1
-0.00212676 0.0196005 0.0620846 1
0.0216188 -0.0165064 0.0402824 1
-0.105521 -0.0190854 0.096598 1
0.239018 -0.00524969 -0.161247 1
-0.0455511 0.0880354 0.187282 1
-0.0531394 0.171214 0.193151 1
0.117534 -0.098339 -0.0829766 1
0.0742648 0.0115371 0.110365 1
-0.133699 0.0241905 0.174742 1
0.076212 -0.0144853 -0.131296 1
-0.239356 -0.284583 -0.183883 1
-0.0326565 -0.0422269 0.149341 1
0.0732609 0.0410686 -0.0690939 1
-0.156011 -0.352637 0.122117 1
-0.0210953 -0.0260866 0.321722 1
0.257042 0.113485 0.00820163 1
-0.0423437 -0.0292799 -0.233432 1
-0.0150052 -0.00516737 0.0514256 1
0.187324 -0.0794015 0.278122 1
0.170821 0.0600509 -0.103164 1
-0.087191 0.00403444 -0.0176967 1
0.056084 -0.103451 5.15891e-05 1
-0.0310114 0.051808 -0.128048 1
-0.0658026 -0.0524798 -0.0685677 1
-0.155709 -0.134838 0.0571691 1
0.0835031 0.013542 0.0259977 1
0.288268 0.143751 -0.37888 1
-0.341098 -0.016361 0.303502 1
0.119389 -0.0343024 -0.0695441 1
-0.0135869 0.0152759 -0.0516045 1
0.0118379 0.00746413 -0.0295931 1
-0.16604 -0.0160821 0.069184 1
0.0649763 -0.00294218 -0.194479 1
-0.0618496 -0.000515382 0.0408431 1
-0.125591 -0.134571 0.139093 1
0.0256341 0.0443865 -0.0611765 1
-0.0534645 0.0871554 -0.0164545 1
-0.021607 0.0666659 0.0398069 1
0.000309555 0.00112918 -0.000285167 1
