# 1 = ball
# 2 = lepton
# 3 = photon
# 4 = PID > 100
# 5 = neutrino
# 6 = other
-2.25619e-07 -7.39283e-06 0.000152595 3
-1.54204 1.85246 -0.573986 4
-1.22945 0.107141 -0.546644 4
0.297471 0.440426 0.576464 4
-0.0475148 -0.326953 -0.650588 4
0.379269 -0.38377 0.108151 4
0.941866 -1.59257 0.579769 4
2.95196 -4.07589 1.36444 4
-0.285298 0.107211 0.109887 4
-0.0681805 0.137257 -0.0139033 3
0.112639 -0.23334 0.175154 3
0.720562 -0.85927 0.810543 3
0.420652 -0.272897 -0.198447 3
0.221883 -0.25696 -0.0754998 3
0.0835526 -0.102136 -0.021624 3
-0.0736978 -0.665608 0.0618058 3
0.0131677 -0.00741911 0.014221 3
1.92167 -2.11643 -0.0729478 4
-1.07307 1.90813 -0.464858 2
-0.237288 0.560401 -0.0620185 5
-12.6748 14.3995 -3.17766 4
-0.704121 0.94013 -0.32648 3
-1.38697 1.14639 -0.326318 4
0.20075 -0.120605 0.00740483 3
1.91038 -1.97418 0.782877 4
0.653784 -0.748715 0.427757 4
4.6335 -6.31843 0.125624 4
-2.97517 4.46713 -1.36408 2
-0.423383 0.504996 -0.098503 5
-1.84549 1.10155 -0.688963 4
2.38636 -3.06323 0.687096 2
1.36158 -2.1105 0.239402 5
0.725876 -1.12554 0.175666 3
0.226234 -0.231394 0.0556967 3
2.26805 -2.71462 1.0435 4
2.01534 -2.30071 1.0914 4
-1.81388 0.429535 -0.457506 1
0.423042 0.00755098 0.287755 1
-0.24737 1.48842 -0.39428 1
-0.267999 1.45435 -0.195771 1
0.602478 1.10375 0.109781 1
-0.601012 -0.16089 0.26623 1
0.373248 -0.454652 0.0382461 1
-0.0377681 0.255952 -0.454095 1
0.305055 -0.221515 0.0170636 1
1.3841 0.0259686 1.00809 1
