# 1 = ball
# 2 = lepton
# 3 = photon
# 4 = PID > 100
# 5 = neutrino
# 6 = other
-1.8583 -0.284953 37.808 2
3.32033 2.28964 -39.5305 2
-0.299884 -0.473637 0.79318 4
-0.644203 -0.00647669 0.465053 4
-0.0584708 -0.56292 0.0370088 3
-0.00430356 -0.052514 0.0487917 3
-0.0836416 -0.0639058 -0.0171028 3
-1.00713 -0.267987 -0.296125 3
0.0511615 0.0449541 -0.0995782 1
-0.0272242 0.0912948 0.143217 1
-0.113619 -0.00276079 0.0918115 1
-0.171971 0.0966997 0.013786 1
0.436482 0.0275705 -0.279621 1
0.0638773 -0.0214286 -0.0540921 1
-0.104487 0.262494 -0.0390953 1
0.15702 -0.0966788 0.0160209 1
0.0147072 -0.0190163 0.0929985 1
0.0546656 0.0330604 -0.0108809 1
0.0254566 -0.0194541 -0.0358136 1
0.37599 0.161723 -0.373902 1
-0.0295213 0.0294082 0.112785 1
0.242076 0.0561597 0.113936 1
0.01459 -0.478908 0.187313 1
0.178098 -0.0661362 0.129819 1
0.040801 -0.289679 -0.128607 1
-0.0949549 -0.108607 0.322408 1
-0.0304823 0.0203834 0.0219297 1
0.0668137 -0.0191982 -0.10675 1
0.222066 0.114982 -0.0748662 1
-0.00292208 -0.0413721 -0.0345581 1
-0.105877 -0.0203976 -0.0525777 1
0.050644 0.394654 -0.198317 1
-0.0705674 0.0212076 -0.226552 1
-0.0677409 0.105839 0.156806 1
0.0416079 -0.210443 0.0216352 1
-0.00614733 -0.129441 0.00749659 1
-0.190157 -0.254533 0.0700776 1
-0.0490762 -0.171539 0.14893 1
0.0124458 -0.0550772 0.0869228 1
-0.124084 -0.0314574 0.0788209 1
0.038933 -0.00339284 0.0030674 1
-0.010778 -0.0700281 -0.0109342 1
-0.0580887 0.0893513 0.0269897 1
0.00369286 -0.0475304 0.0864226 1
0.0350209 0.0345127 -0.0402484 1
0.0327705 -0.0143812 0.19217 1
-0.265619 0.00992239 0.33266 1
