# 1 = ball
# 2 = lepton
# 3 = photon
# 4 = PID > 100
# 5 = neutrino
# 6 = other
-0.000382981 0.00192807 0.063135 3
1.14334e-06 8.83997e-07 -0.000261578 3
0.165899 2.34844 -4.22729 4
-0.38846 -1.06512 1.41434 4
-2.03006 -2.48325 4.10093 4
-0.00840278 -5.06183 5.70385 4
0.0814202 -1.25054 1.9057 4
-0.213347 -0.244736 0.725666 4
-0.729338 -1.54568 1.65404 4
-1.16219 -3.26359 6.42729 4
-0.258341 -0.186964 0.533824 4
1.26413 4.1625 -6.0762 4
0.957 3.01545 -3.58734 4
4.77721 13.3789 -21.1949 4
-0.0285031 -0.185626 0.143121 3
-0.0371715 -0.755578 0.737961 4
0.132846 -2.00062 3.06752 4
-0.0901442 -0.417008 0.392521 3
-0.105302 -0.365029 0.196611 3
-0.235811 -0.946187 1.21234 4
-0.485843 -1.31003 2.07736 4
-0.0836826 -0.486326 0.697425 3
-0.0407022 -0.0226572 0.0497048 3
-0.377715 -0.270058 1.14486 3
-0.726161 -0.75491 2.75617 3
0.202583 0.00942752 -0.663755 1
-0.173862 -0.529333 -0.00889278 1
0.0721597 0.136647 -0.24134 1
0.536155 0.201466 0.675812 1
0.311301 0.158886 0.163979 1
-0.0115023 0.424559 -0.238111 1
-1.3144 -0.693573 0.394027 1
0.00061034 0.000471897 -0.000132103 1
