# 1 = ball
# 2 = lepton
# 3 = photon
# 4 = PID > 100
# 5 = neutrino
# 6 = other
0.737875 0.247486 40.8792 2
-1.18961 -0.584295 -31.9223 2
-0.113901 -0.285873 -1.27354 3
0.0164474 -0.0459995 -0.616768 4
-0.923188 0.96763 -6.29462 4
-0.0374693 0.00611954 -0.026132 1
0.0974832 0.0900712 0.0736201 1
0.180756 0.0622833 -0.070484 1
0.0541382 -0.14709 0.160967 1
0.0520777 0.155623 -0.226045 1
0.439024 0.0622346 -0.322988 1
0.0707279 -0.155405 -0.0942366 1
0.0660549 -0.118822 0.0434672 1
-0.0578748 -0.01812 0.0261588 1
0.0510006 0.144439 0.0734257 1
0.0934953 -0.0536056 0.14162 1
-0.123756 -0.000950628 -0.0441295 1
0.115326 -0.0359283 0.0511077 1
0.0450472 -0.00191474 -0.11214 1
0.0562685 -0.0850107 -0.298302 1
0.0177556 -0.0727563 0.0457525 1
-0.147814 -0.0192701 0.105211 1
0.137486 0.132805 -0.005304 1
0.0480891 -0.0462406 -0.0215873 1
-0.0826892 0.0312609 -0.0460251 1
0.0425919 0.00327221 0.0511215 1
-0.210295 -0.101712 0.260767 1
-0.218443 0.396818 0.134359 1
-0.0963523 -0.388622 -0.173171 1
0.262128 0.0112036 0.145849 1
-0.122434 -0.0688248 0.0872643 1
0.102534 0.215773 0.190391 1
0.0635338 -0.0130626 -0.137409 1
0.076205 0.085831 -0.03483 1
0.166641 0.100622 -0.333257 1
-0.0253046 -0.0111792 -0.102972 1
-0.00237288 1.98322e-05 0.000678131 1
-0.00957392 -0.0287724 0.0296118 1
-0.00175283 0.0792703 -0.109379 1
0.143992 -0.0979735 0.0162956 1
0.102611 -0.115816 -0.141032 1
-0.139278 -0.301134 0.163509 1
0.0310021 -0.0024453 -0.0168861 1
0.123365 -0.0151425 -0.253216 1
0.0539139 0.0166747 0.0652431 1
0.0570718 0.00601536 -0.0701987 1
-0.00253079 0.000513845 0.00132691 1
