# 1 = ball
# 2 = lepton
# 3 = photon
# 4 = PID > 100
# 5 = neutrino
# 6 = other
-0.575682 -2.01829 2.9197 4
-0.774352 -0.547558 0.697228 4
0.21916 0.236969 -0.830837 4
0.868572 1.09131 -1.40675 4
-0.511561 0.759571 -1.4772 4
-0.132195 -0.487272 0.473572 4
-0.0665604 -0.533401 0.879936 4
0.70789 0.908176 -1.77528 4
0.339143 0.0454341 0.0355156 4
3.03546 3.15368 -3.07538 4
1.07558 0.924832 -1.02386 4
0.0007817 -0.0857288 0.0749715 3
0.0549719 0.224929 -0.253985 3
-0.0069318 -0.248049 -0.0515467 3
0.00986778 0.0152811 -0.0154381 3
-0.255025 0.114364 -0.834613 3
-0.0367603 0.0991381 -0.273478 3
0.403412 0.615214 -1.06396 3
1.02933 1.2563 -2.1725 3
0.0260238 0.256506 -0.178483 3
0.0885466 0.156622 -0.0320276 3
0.461607 0.178185 -0.748061 3
0.0977659 0.0814139 -0.311244 3
0.0195241 -0.413036 0.997269 5
-7.45435 -14.1561 17.632 2
0.972056 2.70874 -1.61912 4
-0.600653 3.69528 -2.46801 4
-0.256319 -0.701724 0.770098 3
0.0377569 1.76295 -1.65747 4
1.69223 3.18834 -4.55891 4
0.242326 0.726676 -0.953984 3
0.966635 2.15333 -2.97163 3
-0.0958285 -0.862979 1.22478 4
-0.622183 -1.3281 1.75219 4
0.121988 -0.34428 0.309544 4
-0.592656 -3.44527 3.9795 4
-0.15421 -0.032614 -0.0255799 1
-0.272101 0.0518519 -0.108609 1
0.464336 -0.568174 -0.163012 1
0.00226362 -0.0260153 -0.248145 1
-0.0554461 -0.0653761 -0.038031 1
0.854873 1.09417 -0.499516 1
-0.489672 0.240672 0.11178 1
-0.562973 0.32961 -0.123218 1
-0.276649 -0.205586 -0.898227 1
