# 1 = ball
# 2 = lepton
# 3 = photon
# 4 = PID > 100
# 5 = neutrino
# 6 = other
0.263491 -0.750058 -1.39409 4
-1.17557 1.54211 -0.613646 4
-2.70822 2.61197 -1.35517 4
0.0607756 -0.306976 0.0324698 4
0.304465 -0.0224064 0.0202085 4
0.894726 0.077738 0.154575 4
0.17365 0.243432 0.451203 4
0.12916 0.366798 -0.00144417 4
0.0104643 -0.482682 -1.03354 4
0.345332 -0.228639 -0.170392 4
-0.536623 0.0878886 -0.350677 4
-0.0914405 0.0777045 -1.07622 4
-0.959952 1.10013 -0.481127 4
-5.1096 3.69938 -1.84727 4
-0.951677 0.594321 -0.390276 4
-0.329615 0.796551 -0.337421 4
0.0642852 -0.349177 0.221206 4
-0.00529616 -0.0141429 0.0624247 3
-0.161224 0.230651 -0.12445 3
0.236226 -0.146082 -0.140514 3
-1.7618 1.6418 -0.195808 3
-1.5861 1.60892 -0.094514 3
0.0558396 0.000202229 0.106453 4
-0.354476 0.29737 -0.141123 4
0.413723 -1.2466 -0.33405 4
0.860649 -2.39295 -0.7097 4
0.00878797 0.0832561 -0.0216982 3
-0.0775572 0.0825007 -0.195498 3
0.0661323 0.0519222 -0.147941 3
0.0169526 0.144939 -0.680549 3
-0.346964 0.514377 -0.363327 3
-0.32429 0.352275 -0.395461 3
-2.55497 2.30605 -1.20103 3
-0.252073 0.195421 -0.0764189 3
-0.00799641 0.0246453 0.00789477 3
0.158172 0.168738 -0.278478 3
4.71203 1.12347 6.58876 5
-0.164642 0.342678 2.14161 2
-0.0418564 0.0444313 -0.0471662 3
-0.337362 0.343726 0.0273494 3
0.691891 -0.723899 -0.144908 4
0.206907 -0.39431 -0.324825 4
0.821536 -0.644844 -0.21683 4
0.577545 -0.660609 0.130599 4
1.56449 -2.73581 -0.813585 4
1.15831 -2.72707 -0.545116 4
0.972318 -2.26098 -0.566884 4
0.107257 -0.155271 -0.00221923 3
0.935275 -2.05984 -0.264086 3
0.0945214 0.0922035 0.292296 3
0.122685 -0.0327427 0.400092 3
0.880964 -2.40238 -0.408648 4
0.949288 -1.36883 -0.677785 4
0.586711 0.469044 2.29726 4
1.08621 0.484851 2.14216 4
0.027949 0.0335169 0.25893 3
0.364909 -0.0872942 2.30019 3
-0.043631 -0.052552 0.417948 3
0.0794709 -0.0478848 0.264468 3
0.177211 0.0481324 0.154772 1
0.268858 0.217903 0.675758 1
-0.934325 0.472452 0.159657 1
0.414928 -0.0927346 0.200092 1
-0.232193 -0.0278918 0.146297 1
-0.0966312 0.0439211 -0.122806 1
-0.693477 -0.577428 0.138198 1
0.0549215 0.0601985 -0.0721806 1
0.0359548 -0.131696 0.560681 1
-0.379171 -0.073477 -1.12995 1
-0.191532 0.122214 -0.0618119 1
0.18591 0.194144 0.337034 1
-0.0533498 0.173243 0.0856498 1
0.549557 0.327598 -0.675715 1
0.213276 -0.279056 -0.033694 1
0.555266 0.544634 -0.262135 1
-0.0206546 -0.577022 -0.0297644 1
0.0252806 0.0138785 -0.224277 1
