# 1 = ball
# 2 = lepton
# 3 = photon
# 4 = PID > 100
# 5 = neutrino
# 6 = other
-0.0130868 0.0101702 0.971032 3
-0.000160511 -0.00050477 -0.00105784 3
-0.0345825 1.65227 -1.77961 4
3.70332 -8.46445 4.32629 4
2.59765 -5.2247 3.04433 4
1.5088 -2.59718 0.885291 4
-0.663753 1.16145 -0.367504 4
-0.706925 0.772901 0.120469 4
-0.279091 0.317858 -0.0219113 4
0.197937 0.0351879 -0.12148 4
0.122528 0.14444 0.266018 4
0.612914 -2.20613 1.04233 4
0.375494 -1.80154 1.35416 3
0.569555 -2.93035 2.40767 3
-0.622739 2.65465 -1.71887 3
-0.0466921 0.13574 -0.124647 3
-0.0997476 -0.0433929 0.150447 3
-0.0214066 -0.100736 0.0278495 3
0.10674 -0.16455 0.136871 3
0.131357 -0.554243 0.255703 3
0.111036 -0.936402 0.360931 3
0.219893 -0.804831 0.349064 3
-0.419326 1.70269 -0.917214 4
-0.118752 0.887086 -0.333005 4
0.0651851 -0.442879 0.255961 3
0.043467 -0.0241213 0.0394251 3
-5.52556 18.0182 -11.3288 4
-0.516495 1.57242 -1.0446 3
-1.61111 5.14374 -3.13084 3
0.47884 -2.33624 1.35367 4
0.65583 -3.35671 2.3628 4
0.126755 -0.0540681 0.0534106 3
0.0333159 -0.131733 -0.0065483 3
0.293491 -1.84825 0.562238 3
0.0257144 -0.184624 0.102068 3
-0.0368484 0.0687335 0.0395885 1
-0.0818334 -0.110458 -0.0119372 1
-0.0574354 0.0564459 0.022823 1
-0.132727 -0.00271104 -0.0636153 1
0.122645 0.0780533 0.210843 1
0.00821693 0.0524154 0.0609477 1
-0.0997971 -0.13293 0.230571 1
-0.193721 -0.0604872 0.0556065 1
0.0770301 -0.381935 0.238571 1
-0.135003 0.207014 -0.281208 1
-0.019502 0.545194 0.279746 1
-0.0125369 0.0154235 -0.0144708 1
-0.076314 -0.0253076 -0.0173227 1
-0.103535 -0.152496 -0.0549806 1
-0.411061 -0.0105701 -0.184626 1
-0.276801 0.0387441 0.0509755 1
0.0831218 0.0386393 -0.0501731 1
0.0180141 -0.165525 -0.0595447 1
0.0255862 -0.0593509 0.0170409 1
0.00210552 1.78942e-06 -0.000757882 1
