# 1 = ball
# 2 = lepton
# 3 = photon
# 4 = PID > 100
# 5 = neutrino
# 6 = other
0.569732 -0.815769 -0.140931 4
-0.161589 -0.168174 -0.93069 4
-1.92977 -0.443913 0.459503 4
-0.189701 -0.293155 -0.0612991 4
2.81052 0.760094 -0.882892 4
-1.98616 -0.679388 0.618068 4
0.575189 -0.00750339 -0.103905 3
0.585436 -0.0450588 -0.031987 3
0.172893 -0.194642 -0.137306 3
0.309244 -0.152586 -0.279572 3
0.00666627 -0.0333141 -0.0129612 3
0.311902 -0.00612919 -0.259611 3
-0.0032515 0.201607 0.0168204 3
-0.0526706 0.00942166 0.0192266 3
-0.295196 0.0506114 -0.116626 3
-0.0159027 -0.0350851 -0.00344627 3
2.31996 0.27802 0.0514905 5
0.706533 -0.16324 -0.772469 4
0.144945 -0.206228 0.0113031 4
-5.46703 0.58995 1.39318 4
-3.69227 0.929078 0.994689 4
-0.304443 0.0274452 0.0361728 3
-1.39814 -0.0240351 0.417607 3
-4.68535 0.353235 0.81685 4
-2.26981 0.0204671 0.56986 4
-3.96885 -0.153016 1.19878 4
5.21899 -0.188922 -1.27546 5
2.31094 -0.28338 -0.533539 4
1.2828 0.0120901 -0.288415 4
-1.29057 0.147656 0.248628 4
-0.036753 -0.0427598 0.0772672 3
-0.163742 0.00611163 0.0108887 3
-0.0286186 -0.0165418 -0.0106668 3
-1.33226 -0.00747487 0.0915526 3
1.53477 -0.246532 -0.493489 3
0.612337 -0.016267 -0.169326 3
0.613925 -0.411793 -0.178127 3
0.174503 -0.125598 -0.130319 3
3.75065 -0.110993 -0.186491 4
15.7736 0.473935 -3.67841 4
-0.655324 0.26176 0.352028 3
-0.598767 0.243344 0.183844 3
-0.635425 0.0473871 0.223902 3
-0.219786 0.0765057 0.0255955 3
-0.205622 0.139446 0.0723492 3
-0.236339 0.00792891 0.0576792 3
-7.99674 0.0889576 2.75549 3
-0.380115 0.0324464 0.122511 3
-0.00687222 0.00857427 -0.00161186 1
-0.0491251 -0.0477794 -0.188123 1
-0.0293024 0.0192476 0.0145831 1
-0.0507523 0.0153059 -0.00936306 1
-0.0448258 -0.0287972 0.0909619 1
0.00846382 0.169825 -0.0676734 1
-0.0331241 0.100757 -0.0494884 1
-0.00917763 -0.144568 0.384752 1
-0.101471 0.172035 -0.508598 1
0.144484 0.0905159 0.0625998 1
0.124525 -0.0684282 0.0168455 1
0.0317189 -0.141508 -0.0163076 1
0.0241466 -0.117611 0.077852 1
-0.00636755 0.036479 0.0139392 1
0.060167 -0.0411831 -0.00254857 1
-0.0180429 0.00686491 -0.0124342 1
0.0829239 0.030061 -0.0464024 1
0.170764 -0.0788171 -0.105589 1
-0.016017 0.0254421 0.253727 1
-0.0251358 0.0131742 -0.0015826 1
0.0371304 -0.0478065 0.123843 1
0.013289 0.101864 -0.00718556 1
0.107985 0.0405365 -0.169816 1
-0.000671477 -0.000184582 0.000238632 1
