# 1 = ball
# 2 = lepton
# 3 = photon
# 4 = PID > 100
# 5 = neutrino
# 6 = other
3.79672e-06 -1.49332e-06 0.000169479 3
6.65401 -8.75641 7.40457 4
-0.370494 0.491585 -0.299883 4
-1.50836 3.39521 -2.23179 4
-1.27743 1.29076 -1.42206 4
-0.396809 -1.1045 0.313742 4
1.8562 -3.18028 1.91651 4
0.360595 -0.623683 0.575982 4
0.636748 -0.25068 -0.0734004 4
0.608358 -0.602344 0.240591 4
0.908502 -2.08271 1.14642 4
-1.79596 2.77907 -2.17622 4
-1.91896 4.38343 -3.23331 4
-0.827138 1.22074 -0.205919 4
-0.715509 -0.200571 -0.746255 4
0.352454 -0.378171 -0.0343768 4
0.558398 -2.75455 -0.394681 4
0.337331 -1.35893 0.405701 4
0.529551 -1.31385 1.22654 4
0.491139 -0.663918 0.729061 3
1.29792 -1.82243 2.27638 3
-0.941701 1.49831 -1.12103 4
-2.05142 3.81405 -2.34434 4
-0.254522 0.00548412 -0.15675 3
-0.0628462 0.0740916 -0.0328625 3
-0.136897 0.911504 -0.199056 4
-0.329062 0.223453 -0.148102 4
0.0448618 0.141863 -0.132312 4
0.0566076 0.286754 0.100716 4
0.310127 -0.490965 0.0708261 3
0.591636 -0.739395 0.254372 3
1.18903 -1.2199 0.960629 4
0.920108 -0.777969 0.867316 4
0.0781302 -0.0928788 0.415767 4
0.318711 -0.24583 0.0809861 4
0.243217 -1.17417 1.0423 3
0.0506393 -0.180194 0.099744 3
-0.626543 1.06186 -0.715667 3
-4.40448 7.85436 -5.58438 3
-0.0581602 0.039038 -0.0151068 3
-0.0119025 0.205956 -0.207772 3
-0.0202083 -0.121309 0.0437636 3
0.349453 0.507745 -0.0207598 3
0.396943 -0.257497 0.199264 3
0.519111 -0.491568 0.415752 3
-0.0199993 0.0438555 -0.0165218 3
-0.00886108 -0.100563 -0.0418127 3
-0.931319 1.87901 1.59448 1
-0.323679 0.403222 -0.0336138 1
-0.547573 -0.250653 0.21334 1
-0.119951 -1.27541 -1.00694 1
