# 1 = ball
# 2 = lepton
# 3 = photon
# 4 = PID > 100
# 5 = neutrino
# 6 = other
-0.0073675 -0.0640222 -0.0320239 3
-0.363601 0.158422 -0.767724 4
1.65601 -1.03739 3.01133 4
2.32306 0.178558 0.811297 4
7.35026 -5.40551 8.61915 4
0.641189 0.0361577 0.96147 4
0.706607 -0.454374 1.021 4
-0.348063 0.190878 0.175253 4
-1.12284 0.982983 -1.78859 4
-1.453 1.06556 -1.40958 4
1.79714 -1.31567 2.0964 4
0.659843 -0.516781 0.37548 4
1.86219 -1.62976 2.59246 4
0.917338 -0.211353 1.06146 4
-9.74399 6.1617 -12.1676 4
1.93451 -0.971142 1.58019 4
1.49621 -1.12284 2.06083 4
0.889405 -0.590607 1.42888 4
0.285001 -0.266989 0.5336 3
0.545705 -0.299843 0.737699 3
0.579165 -0.276044 0.59584 3
1.37092 -0.876131 1.41018 3
-0.349108 -0.182898 -0.0647887 4
-0.110544 -0.0885137 -0.116905 4
-1.6103 0.897927 -1.4733 3
-0.173072 0.0485836 -0.143553 3
-6.0803 3.54714 -7.03946 3
-5.34176 3.07039 -6.33215 3
0.701725 -0.504126 1.03912 3
0.995446 -0.539952 1.27052 3
-0.00857596 0.00133754 -0.0938695 3
0.000795001 0.0143078 0.0474248 3
