# 1 = ball
# 2 = lepton
# 3 = photon
# 4 = PID > 100
# 5 = neutrino
# 6 = other
0.0132736 -0.0389765 -2.85961 3
-0.00116816 0.00019532 0.0347894 3
-1.91884 4.22438 2.50358 4
-0.00470033 -0.510947 -1.0807 4
-0.571648 0.485025 0.0364874 4
-0.255398 0.308051 0.254695 3
0.0864524 -0.12788 0.171993 4
0.171655 -0.0302317 0.180766 4
-1.8761 1.75508 3.04349 5
-6.58511 5.82056 4.73322 2
-0.305008 -0.0414108 0.111139 3
-0.0809263 -0.0421532 0.116901 3
-0.153263 0.145958 0.16145 3
-0.171598 0.0124383 0.0882216 3
-0.203595 0.088081 0.314378 3
-0.124656 0.0374382 0.0508089 3
-0.0673848 -0.137952 0.0406267 3
0.0541331 -0.119979 0.0967575 3
0.921544 -1.32528 -0.549625 3
0.682563 -0.606059 -0.426145 5
3.35405 -3.35877 -2.36027 4
0.525705 -0.32919 -0.234452 4
0.548664 -0.617499 -0.522087 3
0.0159659 -0.00558445 0.00674754 3
-0.193605 0.23286 0.241441 3
-0.383163 0.461497 0.256231 3
3.64404 -5.58954 -2.97482 5
4.33366 -5.25255 -2.21375 4
0.499702 -0.297747 -0.423901 4
1.42306 -1.69604 -1.44581 4
-2.9302 3.484 1.89485 4
-0.166652 0.120688 0.133914 4
1.46043 -1.3902 -0.910457 3
1.82643 -1.92029 -1.10795 3
0.38359 -0.366389 -0.306084 3
1.93872 -2.08385 -1.95425 3
-5.09826 6.59511 4.68632 4
-0.0422099 0.0758266 0.0166527 3
-1.02763 0.938569 0.584441 3
-0.0997836 -0.0369059 -0.0541308 1
0.0317703 -0.0824885 0.177108 1
0.00670517 -0.0411763 -0.020435 1
-0.093307 0.0816446 -0.00789036 1
-0.0301118 0.000440889 -0.00635468 1
-0.133062 0.00475642 0.0379275 1
0.00804903 -0.00455299 0.00561159 1
-0.0209463 0.0583942 -0.107471 1
-0.125188 -0.0958083 0.0102284 1
0.125137 0.0785866 0.00262022 1
0.0334246 -0.0136199 -0.0293389 1
0.0326412 -0.00274896 0.0175258 1
-0.0104438 -0.0738729 -0.370982 1
-0.0131897 0.0031452 0.013536 1
0.0485029 -0.000841585 0.0242397 1
0.472204 -0.0844725 0.203349 1
0.0357686 -0.0200372 -0.0308286 1
0.00185673 0.01505 -0.014445 1
-0.0266539 -0.0674064 -0.0271105 1
-0.0111686 0.0277434 -0.0601521 1
-0.164975 -0.0793707 -0.0174416 1
-0.0504949 -0.0193158 -0.0538068 1
-0.0253091 0.091465 -0.0179882 1
-0.103815 0.150188 0.11334 1
0.0751063 0.475211 0.309891 1
-0.0414965 -0.0800651 0.0960143 1
0.0241313 0.0498928 -0.0513371 1
-0.00925366 0.149591 0.0422782 1
0.156831 0.127643 0.0562442 1
-0.326289 0.11959 -0.0684671 1
0.0719118 -0.00478942 -0.117735 1
-0.0255543 0.160009 0.0428047 1
-0.0380843 -0.0337368 0.147709 1
-0.240653 0.106715 0.114502 1
0.230854 0.117805 0.146314 1
0.494734 -0.144168 -0.040204 1
-0.246056 0.124914 -0.407146 1
-0.0609145 -0.0339665 -0.0182177 1
-0.0316332 0.142648 -0.146543 1
0.255042 -0.186406 -0.0575959 1
0.141597 0.0787513 -0.138949 1
-0.0403931 0.0443391 -0.0866768 1
