# 1 = ball
# 2 = lepton
# 3 = photon
# 4 = PID > 100
# 5 = neutrino
# 6 = other
0.448607 -0.324848 0.491989 4
0.717431 0.0882862 -0.237461 4
-3.00389 2.52474 1.88871 4
-0.168459 -0.043396 0.337523 4
-4.74275 0.689468 0.55284 4
5.43383 -2.39993 -2.34595 4
-0.256123 0.325998 0.0504106 4
-0.208684 0.0796363 0.00200073 4
-0.347778 -0.112344 -0.0539405 4
-0.397562 0.342602 0.661657 4
-0.405162 -0.0633493 -0.163252 4
0.145926 0.1184 0.138492 4
-2.49892 2.18379 1.86987 4
-1.51353 1.21664 0.316832 4
-0.446458 0.384 0.473647 4
-1.9651 1.40033 2.10148 4
-0.424428 0.013211 0.253033 4
-1.65174 1.20463 0.487669 4
-0.0175431 0.165081 0.0272926 4
-3.75163 0.273103 0.812771 4
-3.36702 0.503924 1.37609 4
1.54707 -0.661492 -0.905345 4
1.25792 -0.827843 -0.835333 4
0.282723 -0.101073 -0.230532 4
1.57131 -0.691227 -0.509074 4
-0.870304 0.962312 1.43043 3
-0.0169438 0.0133289 0.0280731 3
-2.05357 0.480036 1.39904 3
13.3081 -6.74488 -6.47772 3
6.09073 -3.11953 -3.06582 3
-0.242976 0.25127 0.013726 3
-0.48604 0.281723 0.0948657 3
-1.83442 1.49873 0.926406 3
-0.0179715 0.0248506 0.0275321 3
-1.03581 0.32554 0.254667 3
-0.806521 0.190368 0.0915059 3
0.0632857 -0.0112029 -0.0917366 3
1.04325 -0.561924 -1.02691 3
1.2514 -0.853685 -0.741477 3
0.209971 -0.08071 -0.11133 3
-0.389704 0.464222 0.289811 3
-0.442814 0.402733 0.171311 3
-0.168844 0.121582 0.171564 1
-0.026882 -0.0366763 0.0156128 1
0.183894 -0.0718848 0.260326 1
0.350261 0.117853 0.262819 1
0.0476813 -0.0315695 -0.0720647 1
-0.168749 0.0541085 -0.215481 1
-0.0925278 0.116472 -0.023493 1
-0.138616 0.135822 0.0346365 1
-0.0582435 -0.0976089 -0.157077 1
0.00933543 -0.0711161 -0.036351 1
-0.212326 -0.112505 0.0704419 1
0.0516 0.0715704 0.0341836 1
-0.203378 -0.127609 -0.182592 1
-0.0446257 -0.0471253 -0.0326363 1
0.0956898 -0.0185779 -0.0718078 1
0.0207427 -0.0188477 0.0402371 1
-0.0926035 -0.0858712 0.0620871 1
-0.0547754 0.0960421 0.0257638 1
0.153942 0.0228085 0.0190141 1
0.293739 0.148315 -0.0126246 1
0.0469981 0.0236064 0.0340865 1
1.24266e-05 -0.00030518 -0.000366376 1
