# 1 = ball
# 2 = lepton
# 3 = photon
# 4 = PID > 100
# 5 = neutrino
# 6 = other
-0.0010445 0.00330412 0.134277 3
-3.12884 0.322751 4.01879 4
-0.321797 0.136048 0.684918 4
-1.91016 0.429594 4.0817 4
-1.78811 0.836478 3.70559 4
0.264419 0.0372472 0.0162629 4
0.929324 -0.696546 0.97469 4
-3.19792 1.26121 5.38646 4
-0.191074 -0.0698882 0.299624 4
-1.20821 1.23371 2.88479 4
1.47787 -0.215332 0.615489 4
0.0427928 -0.296774 0.340923 4
1.88531 -0.715814 3.21748 4
0.537285 0.347569 -0.256117 4
-0.127748 0.298233 0.169244 4
-0.0982832 0.262118 -5.92443 4
-0.276173 0.493957 -12.2041 4
0.145449 0.361723 0.140408 4
-0.287496 -0.576892 0.621071 3
-0.082119 -0.0519102 0.0885084 3
1.54908 -0.0862936 0.14725 3
0.63856 -0.0760949 0.138852 3
0.922064 -0.148655 0.619936 3
1.72214 -0.236423 1.37582 3
0.0295791 -0.00822991 0.0224666 3
0.556495 -0.288914 1.48379 3
0.448989 -0.197747 0.597024 3
1.33566 -0.417791 1.97695 3
-0.0423111 0.117968 0.120291 3
0.102352 0.187862 0.235487 3
0.460092 -0.555623 0.703491 3
-0.135275 -0.140222 0.0539836 3
-0.213629 0.200338 -2.3372 4
-0.1375 0.12093 -2.74583 4
-0.118878 0.246366 -1.03602 4
-0.312719 0.0807191 -0.457562 4
0.743008 -0.202887 0.736523 3
0.562706 -0.136039 0.403668 3
-0.114122 0.167423 0.12577 3
-0.160715 0.0371456 0.126823 3
0.038128 -0.00883384 0.000689111 3
-0.103092 0.0280216 0.0690416 3
0.0164134 0.0838407 0.078885 3
0.0255148 0.00276252 -0.0460352 3
-0.0608976 0.018361 -0.404047 3
0.0146858 0.17931 -1.02628 3
-0.083157 -0.0416942 -0.899009 3
-0.0471684 -0.0588947 -3.05097 3
-0.150161 0.0656282 -2.58315 3
-0.0927968 -0.0318843 -0.720718 3
0.00232375 0.0794668 -1.36149 3
-0.109375 0.0552314 -0.916676 3
0.209032 -0.320765 -0.114892 1
-0.564768 -0.866113 -0.401442 1
-0.361415 0.264438 -0.0379088 1
0.0204678 -0.402852 0.120349 1
0.198265 -0.665403 0.53117 1
-0.0278814 -0.125223 0.393949 1
0.171032 0.245331 -0.546443 1
0.326428 -0.544631 -0.408749 1
0.0517343 0.120505 0.00724406 1
0.0276272 -0.141228 0.0294421 1
