# 1 = ball
# 2 = lepton
# 3 = photon
# 4 = PID > 100
# 5 = neutrino
# 6 = other
-0.00655297 -0.0112405 0.147493 3
-3.06644 -5.54937 -8.08409 4
0.363169 -0.400103 0.0987613 4
-0.686105 0.280293 -0.658563 4
-0.83569 -0.133646 0.842635 4
0.329498 0.506436 1.90043 4
-0.0892844 0.964892 1.622 4
3.83686 12.655 21.0108 4
1.54526 -0.682405 -3.19108 4
0.116574 -0.424721 -1.04196 4
-0.104488 -0.2294 -1.39893 4
-0.0975933 -1.6242 -1.47598 4
-0.173505 -0.926275 -0.68804 4
0.572237 -0.0636883 -0.0425481 4
0.893508 1.37537 2.19653 4
0.154077 0.821687 1.43873 4
0.173624 0.212225 -1.05671 4
0.29481 0.0159763 -0.380911 4
-0.0683019 -0.21302 -0.260504 3
-0.147311 -0.10894 -0.294515 3
-0.932909 -2.06894 -2.77199 4
-1.09405 -2.57468 -4.33534 4
-0.658401 -2.14212 -2.17208 3
-0.126727 -0.664157 -0.652029 3
-0.719003 -1.4681 -1.71659 3
-0.774842 -1.87443 -2.24431 3
0.0760652 -0.168825 0.00147924 3
0.039598 -0.0893257 -0.108529 3
-0.00775385 -0.0741351 0.00720478 3
-0.201785 -0.0716219 0.00897979 3
-0.00408463 0.0278414 0.0102709 3
-0.0764847 0.0160446 -0.235949 3
-0.0126216 0.04081 0.020949 3
-0.253919 0.118608 -0.12342 3
0.23176 0.947023 0.532917 3
0.306926 1.05004 0.448925 3
0.845585 1.15256 2.20822 3
0.301439 0.561745 0.96471 3
-0.00279915 -0.0974505 -0.455897 3
0.131496 -0.0674711 -0.479849 3
-0.103796 -0.165706 -0.150063 3
-0.0645394 -0.20714 -0.368997 3
-0.248334 -0.0975784 -0.128906 1
-0.00613982 0.00637164 0.0526446 1
-0.00718139 -0.0302126 -0.00342808 1
-0.0526734 0.128547 -0.135825 1
-0.0534281 -0.317136 0.538679 1
0.0208372 0.129168 0.237156 1
0.518838 0.243925 0.605511 1
0.0248622 0.117968 0.175772 1
0.384214 0.351669 -0.398213 1
-0.35753 0.138692 0.0912686 1
0.397325 0.174788 0.152442 1
-0.524281 0.50834 -0.259275 1
