# 1 = ball
# 2 = lepton
# 3 = photon
# 4 = PID > 100
# 5 = neutrino
# 6 = other
-0.0202576 -0.0168494 0.988061 3
-0.00119444 0.000590436 -0.00179019 3
2.83995 1.46173 -1.48701 4
4.14231 3.3977 -1.94822 4
-0.404136 -0.0267189 0.116159 4
-0.0313572 -0.107209 0.740406 4
-0.350251 -0.195985 -0.305531 4
-2.36693 -1.77656 1.16218 4
2.26904 2.26473 -2.28902 4
2.82277 1.71285 -1.49152 4
3.74633 3.40028 -1.90263 4
2.42229 2.69359 -0.235806 4
0.205476 0.0959184 -0.0858882 4
0.304285 0.260296 -0.0232561 4
0.026651 -0.138344 -0.67392 4
-0.0432504 0.114524 0.0976283 4
-0.553943 -0.428858 0.198909 4
-0.692726 -0.520888 0.600515 4
-2.70312 -2.93106 1.28328 4
-4.53412 -3.66055 2.20513 4
-6.34918 -6.56054 3.35047 4
-4.76761 -3.92743 2.48448 4
2.80745 3.06912 -2.98224 4
0.179868 0.247488 -0.134983 3
0.513325 0.870872 -0.705019 3
0.270889 0.0177129 -0.280615 4
0.765813 0.431778 -0.232149 4
0.0108481 -0.0521872 0.128551 3
-0.0418752 -0.461084 0.428157 3
-0.0356717 -0.138169 0.266313 4
-0.485568 -0.246477 0.517676 4
0.149365 -0.0244598 0.0843535 3
0.110221 0.0720425 -0.0108718 3
0.385645 1.44519 -0.0101559 3
0.130553 0.259681 -0.0014951 3
-0.114903 -0.0978485 0.0505039 3
-4.23656 -4.16771 2.77691 3
0.875404 0.697485 -1.24253 4
-0.038965 0.0890741 -0.0169412 3
0.028139 0.0201148 -0.113734 3
0.0129428 0.1204 0.0129929 3
0.0110409 0.000459532 -0.0682568 3
0.173842 0.0377591 -0.0237599 3
0.0591186 0.087545 -0.0891775 3
0.0270855 -0.0694281 -0.0194752 3
0.190452 -0.00129253 -0.0803952 3
-0.195976 -0.150044 0.111126 3
-0.382373 -0.155153 0.0454088 3
0.061152 0.0949209 -0.120014 3
0.990842 1.25066 -1.06085 3
-0.135763 -0.377602 -0.273832 1
0.194011 0.377504 -0.241312 1
0.18728 -0.0898545 0.208828 1
0.223037 -0.198093 -0.00190757 1
0.0578572 -0.0899454 0.377875 1
0.145995 -0.181902 -0.0729875 1
0.181699 0.222374 -0.550332 1
0.0768173 0.296083 0.312612 1
0.920482 1.65593 0.328945 1
-0.0345528 0.0258464 -0.0998557 1
