# 1 = ball
# 2 = lepton
# 3 = photon
# 4 = PID > 100
# 5 = neutrino
# 6 = other
0.188162 -0.00606212 -0.266074 4
2.26683 -0.488681 -0.529675 4
-0.364223 -0.751652 -0.850633 4
-3.14921 -2.00208 4.11897 4
-1.55045 -0.753546 1.99462 4
0.827701 9.07228 -4.93275 4
0.906081 3.05767 -2.05805 4
0.36717 0.261656 -0.216005 4
0.155826 0.349149 -0.27718 4
0.123804 3.63616 -1.76309 4
-0.131268 0.0367323 -0.17005 4
1.37525 -0.268925 -2.01156 4
3.29196 -3.02298 -3.28548 4
0.0897079 -0.0637701 0.37415 4
-3.85364 -1.91756 4.93571 4
-1.74528 -0.448346 2.14928 4
0.050173 -0.030329 -0.025798 4
-0.190109 0.339817 -0.338512 3
-0.0149193 0.00173978 0.00974584 3
1.20268 1.90599 -0.977588 3
0.242827 1.09929 -0.475597 3
0.120576 0.334025 -0.109616 3
0.388944 0.566028 -0.28395 3
4.34101 -2.76106 -3.32517 4
3.24555 -2.36796 -2.92429 4
-0.0491644 0.0154125 0.246436 3
-0.1651 -0.206925 0.988225 3
-0.784563 -0.318808 1.24526 3
-3.01145 -1.46622 4.66889 3
-3.0145 -1.80337 3.6703 3
-3.05477 -1.92172 3.9322 3
0.38221 1.32798 -1.00562 3
0.0406343 0.264636 -0.258362 3
0.62648 -0.501171 -0.787951 3
0.398688 -0.233289 -0.568936 3
-0.0266161 -0.234016 -0.261861 3
-0.0494642 -0.258181 -0.11581 3
0.0232601 0.00804342 -0.0109726 3
0.49922 -0.449956 -0.503205 3
