# 1 = ball
# 2 = lepton
# 3 = photon
# 4 = PID > 100
# 5 = neutrino
# 6 = other
0.166777 0.0798984 -11.285 3
-0.396934 1.36653 -3.02416 4
-0.48651 -0.618713 0.302079 4
-0.0257595 0.459243 -0.930327 4
-0.0586285 -0.0109401 -0.301991 4
0.143823 -0.0473372 0.0608043 4
-0.0637666 -0.502714 0.707286 4
0.511654 -0.400434 1.60515 4
0.0610358 -1.09447 5.39816 4
0.138492 -0.377571 2.33316 4
0.0484571 -0.322635 0.511042 4
-0.136646 0.66925 -0.8213 4
-0.0522218 -0.101814 -0.138317 4
0.0399696 0.65243 -1.60546 4
0.0872001 -0.3724 0.00420528 4
-0.37166 -0.0424683 0.391124 4
-0.105619 -0.167543 -0.201749 4
-0.0205093 0.121542 0.827336 4
-0.142986 -0.510783 0.540105 4
-0.214496 0.229823 1.11122 4
0.34311 0.318022 0.494015 4
0.297449 -0.573568 1.3744 4
0.220372 -0.5909 0.481072 4
0.121043 -0.412904 0.985422 3
0.0532309 -0.0471968 0.285554 3
0.378117 -0.486158 0.763094 4
0.156781 -0.0927887 0.387326 4
0.0126528 0.00100736 0.0227467 3
0.0243869 -0.100627 -0.17588 3
-0.154405 -0.67838 2.47356 3
-0.0124563 -0.558438 2.15774 3
-0.557234 2.40666 -6.97226 4
-0.273263 1.44056 -3.80805 4
0.256083 -0.377077 1.80302 4
0.216101 -0.0147268 0.719757 3
0.26723 -0.139281 0.703248 3
1.15958 -0.733245 2.89661 3
0.192925 -0.167163 0.649766 3
0.016157 0.339627 -0.600858 3
0.0970169 0.830013 -1.93718 3
-0.312172 1.21014 -1.80778 3
-0.020991 0.0943767 -0.21731 3
0.0806057 -0.177744 0.0186891 1
-0.036389 -0.537812 0.171691 1
0.0623004 0.380102 0.327404 1
-0.626526 0.425055 0.370512 1
0.0657189 -0.671125 0.435167 1
0.110599 -0.392687 0.270921 1
-0.0233367 -0.0805308 0.113322 1
-0.19411 -0.588738 -0.0329265 1
0.361616 0.0130642 0.599708 1
-0.00159178 -0.112322 0.116416 1
-0.157413 0.112333 -0.32396 1
-0.00676085 0.0450611 -0.0957562 1
0.00105249 0.672845 -0.520518 1
0.0911775 -0.163735 0.123649 1
0.74551 0.344126 -0.321631 1
-0.38317 0.414328 1.64921 1
-0.577237 -1.24672 0.696919 1
-0.0152287 -0.436393 0.159479 1
-0.491853 -0.0620624 -0.318255 1
-0.585915 -0.599392 0.106786 1
0.0294623 0.0788292 0.254583 1
-0.839456 0.612494 0.188207 1
-0.320663 0.26697 0.00967739 1
0.208266 0.664942 -0.476859 1
0.0570828 -0.189538 0.0617356 1
-0.181932 0.0543922 0.298549 1
0.0803273 -0.113911 0.0064529 1
-0.196508 0.407551 0.36769 1
0.154411 -0.488934 -0.298142 1
-0.265115 0.121419 0.285629 1
0.440333 0.49313 0.173903 1
0.104722 -0.142776 -0.287982 1
0.77515 -0.0225802 -0.19324 1
-0.0685136 0.243529 -0.0984596 1
