# 1 = ball
# 2 = lepton
# 3 = photon
# 4 = PID > 100
# 5 = neutrino
# 6 = other
-0.00307219 0.00197834 0.00579911 3
0.223987 -1.1785 -4.37102 4
0.272662 1.64517 4.41066 4
0.931226 -1.7191 4.07833 4
1.21896 -1.36983 5.83045 4
-1.70397 -2.78722 -11.3911 4
0.219985 -1.25924 -2.98381 4
0.0672875 -0.629899 -0.97867 4
-0.0311746 -0.0397661 0.0831136 4
0.330795 -0.136572 0.449787 4
-0.319385 -0.295272 -0.217231 4
2.18313 10.187 18.2456 4
0.0390804 0.0684104 -0.237606 4
-0.0269064 0.453159 0.202945 4
-0.193427 0.601353 0.324699 4
-0.120144 0.151214 0.322422 3
-0.793698 1.00816 1.53763 3
-0.0447611 0.0266726 0.0292872 3
-0.213681 -0.0214419 0.508553 3
-0.0285919 -0.597834 -1.90952 3
-0.127885 -0.381311 -1.2968 3
-0.238718 -0.443712 -1.87974 3
-0.740858 -0.993141 -5.05518 3
0.0645875 -1.35208 -3.94838 3
0.0105995 -0.357703 -1.27736 3
-0.0933894 0.080985 -0.126818 3
-0.142545 0.27859 -0.639436 3
-0.0351324 0.253685 -0.0330159 3
0.0367861 0.164145 0.0707445 3
0.0547726 -0.00146222 0.0244243 1
0.0200582 0.00590307 -0.0154675 1
-0.113672 0.112603 0.065238 1
-0.277535 0.151029 0.124907 1
-0.152873 -0.165559 -0.09961 1
-0.126463 0.00067776 0.244262 1
-0.0204648 0.122102 -0.0209345 1
0.0451778 0.0350624 -0.172457 1
-0.0160445 -0.00726732 0.0508111 1
-0.0932717 -0.0945596 0.13627 1
-0.0563862 -0.014129 0.0667899 1
-0.071036 -0.116222 -0.272721 1
0.0116406 0.0597742 0.0081738 1
0.0611427 0.176717 0.134186 1
0.103382 0.0196203 -0.0607703 1
0.102815 0.0265996 -0.0476865 1
0.00177696 -0.165507 -0.136808 1
0.13271 -0.258221 -0.125512 1
-0.0154491 0.0531514 0.275113 1
-0.123878 -0.0945227 -0.0155152 1
-0.0393219 0.222464 -0.011213 1
0.124462 -0.0563437 -0.0198734 1
-0.316455 -0.156909 0.391668 1
0.029985 0.112999 0.0629846 1
0.0396105 -0.0368367 0.000899005 1
-0.0871439 0.03462 -0.0423744 1
0.190773 -0.164886 -0.282568 1
-0.389508 0.0184931 0.0818231 1
0.0227726 0.0137169 -0.0316197 1
-0.075036 0.0309368 0.0068904 1
0.0869545 0.015174 -0.0093253 1
0.119804 0.129529 -0.0179824 1
0.233028 -0.378223 -0.000359182 1
-0.100071 -0.088099 0.12698 1
-0.058787 -0.135648 -0.10548 1
-0.00935884 -0.433626 -0.299945 1
-0.116859 -0.13885 0.0113849 1
0.134075 -0.111659 0.193552 1
0.0973225 -0.119184 -0.0173096 1
-0.0944006 0.0386517 0.0449124 1
