# 1 = ball
# 2 = lepton
# 3 = photon
# 4 = PID > 100
# 5 = neutrino
# 6 = other
0.0107321 0.00857486 -0.133322 3
-0.550874 0.218696 0.686432 4
0.25001 -0.0156572 0.0141735 4
-1.20228 0.191867 -0.456271 4
0.401886 0.677337 0.110651 4
0.625482 0.430738 0.577249 4
0.0385066 -0.708649 0.448921 4
0.626036 0.0581703 0.387988 4
-0.103517 0.107476 -0.0597898 4
0.60976 0.25278 -0.117824 4
-1.31878 0.42729 -0.714684 4
0.0316907 0.0874867 0.0132313 4
-0.258105 0.149718 -0.150862 4
-0.28099 0.662839 0.213064 4
0.180607 -0.771469 -0.20445 4
0.289264 0.322642 -0.708251 4
0.592729 -0.575554 -0.493829 4
-0.206216 0.154505 0.115238 3
-0.353405 0.106831 -0.158273 3
-0.66055 0.395466 -0.383275 3
0.365154 -0.131599 -0.0783542 3
0.192727 -0.0337641 0.0502471 3
0.228656 -0.247289 -0.172643 3
0.0838342 0.766056 -0.119201 3
0.0880959 0.480417 0.0260635 3
2.47098 -3.39818 -1.45005 4
-0.0144549 -0.0247907 0.0402667 3
-1.61287 1.76062 1.02811 3
1.20876 -1.21374 -0.480072 3
3.26952 -3.15414 -2.19277 4
3.06819 -3.36174 -1.90203 4
-0.299627 0.358979 0.1832 4
-3.76538 5.10851 3.45029 4
-6.97242 7.78213 4.25305 4
1.33865 -2.14556 -0.761976 4
0.232057 -0.366201 -0.116116 4
1.15801 -1.21534 -0.914343 3
0.899693 -0.813796 -0.580868 3
0.277079 -0.350311 -0.153858 3
-0.0109993 0.00158727 0.00139671 3
0.226656 -0.526253 -0.400388 3
0.292328 -0.450829 -0.265713 3
-5.25195 4.29753 3.89758 4
-0.0519166 0.0929504 0.0594402 3
-0.674394 0.663458 0.206688 3
0.139105 -0.141236 -0.0772464 3
3.45033 -3.61484 -1.24081 3
1.64866 -1.47519 -0.595714 3
1.00643 -0.842758 -0.452463 3
0.00933984 -0.0580043 -0.0651323 1
-0.255544 -0.197723 -0.182234 1
-0.19588 0.193741 -0.222621 1
-0.332437 -0.300019 -0.188759 1
-0.102382 0.0552489 -0.00466433 1
-0.0885308 0.0758077 0.0852219 1
-0.121933 -0.27564 0.257413 1
0.0153287 -0.111452 -0.00702674 1
-0.102041 0.0165993 -0.286492 1
0.303309 0.0637156 0.0828844 1
0.176458 -0.00836671 -0.00915892 1
0.149427 -0.0167463 0.203508 1
0.0641945 0.0299903 -0.0190833 1
-0.0654685 -0.10469 0.373144 1
-0.0823781 0.143673 0.0558962 1
0.455624 0.0701525 -0.206031 1
-0.0399574 0.273164 0.153958 1
-0.0724929 0.150465 -0.177266 1
-0.110236 0.0428409 0.288022 1
-0.118181 -0.0963148 -0.102277 1
-0.22978 -0.107458 0.0892449 1
-0.253955 0.0402357 0.0471811 1
-0.387981 -0.514226 0.15469 1
-0.0662867 0.231159 0.439064 1
-0.0345182 0.121595 0.0797288 1
0.0705157 -0.0472547 -0.0155338 1
0.189114 0.0473793 -0.129922 1
-0.00426284 0.0954708 -0.228243 1
-0.00866335 -0.172392 0.0321257 1
-0.475922 0.374236 -0.557075 1
0.00265232 -0.000951027 -0.168386 1
