# 1 = ball
# 2 = lepton
# 3 = photon
# 4 = PID > 100
# 5 = neutrino
# 6 = other
-0.0925462 -0.394859 -1.19415 4
0.0675879 -0.144122 0.13424 4
0.40177 -0.384666 -0.92806 4
1.26414 -1.57717 -0.912924 4
-0.667447 1.09052 0.767882 4
0.690762 -0.674443 -0.45962 4
-0.975403 1.02496 0.449973 4
-0.724256 -0.225805 0.407303 4
0.0226166 0.0271259 0.201871 4
-0.051982 0.365136 0.0950869 3
0.0586426 0.182991 0.00338663 3
0.139487 -0.281751 -0.164792 3
-0.243744 0.350098 0.194474 3
-0.00928273 0.213646 -0.0186138 4
-0.131931 0.547892 0.347056 4
0.03507 0.0481432 -0.027746 3
-0.0129604 -0.263262 0.0319875 3
0.212246 -1.67791 0.0330302 3
-0.212858 1.15804 0.498833 3
-0.0110953 0.0845171 0.079367 3
-0.302931 0.572343 0.0422229 3
-0.288915 0.333625 0.0784517 3
0.397194 -0.367259 0.00410277 4
-0.137025 -1.03618 -0.245315 4
3.74424 -5.39248 -4.24629 4
-0.349333 1.30414 0.747124 4
-1.96606 4.81202 1.95071 4
-4.10977 5.73039 2.34341 4
2.48408 -3.46042 -1.80574 4
3.07232 -4.05973 -2.34695 4
0.20333 -0.390723 -0.145727 4
0.39612 -0.56778 -0.304798 3
1.54735 -1.78396 -1.05961 3
-0.233802 0.263575 0.198468 3
-0.494933 0.322851 0.248204 3
-2.61386 4.04862 2.36842 4
-3.61657 4.87117 2.06846 4
0.764449 -2.22715 -0.636866 2
1.44082 -1.64817 -1.38083 5
1.26993 -2.90864 -0.824349 4
-0.826479 1.54813 0.832741 4
-1.22047 1.31329 0.424035 4
-0.468451 1.26621 -0.397162 1
0.243694 -0.0672345 0.291717 1
0.175541 0.0784656 0.0842844 1
0.0840346 -0.36517 -0.0485349 1
0.352269 -0.0492879 0.625313 1
0.0701517 -0.381015 -0.174799 1
0.0625159 -0.085039 0.0252974 1
-0.600795 0.399174 0.00854418 1
0.678772 -0.288868 0.312085 1
-0.55947 -1.24844 1.23163 1
0.158156 -0.341767 0.014146 1
-0.27393 -0.530573 -0.274521 1
0.621165 0.254359 0.771805 1
0.360394 0.383784 -0.031188 1
0.177471 0.22865 -0.28709 1
