# 1 = ball
# 2 = lepton
# 3 = photon
# 4 = PID > 100
# 5 = neutrino
# 6 = other
-8.18894 3.68959 6.29478 4
-0.974968 0.00215924 0.281364 4
0.530004 0.101883 -1.14516 4
1.41406 -0.214782 -1.65145 4
10.7712 -4.84961 -7.16323 4
4.72213 -2.1248 -3.61638 4
-9.79567 4.2359 7.27291 4
-3.43376 1.58395 3.18867 4
-0.130269 0.287746 0.176992 4
-0.036772 0.324647 0.129408 4
-4.71447 2.18982 3.58373 4
-2.69322 0.81937 2.215 4
-0.567732 0.316483 -0.231805 4
0.258067 -0.0470509 0.0613454 3
0.0396521 0.0404562 0.0512801 3
1.33548 0.154729 -1.16756 4
0.197379 0.0365822 -0.0871979 3
6.59193 -3.6684 -5.41482 3
0.640729 -0.393126 -0.505243 3
1.33037 -0.404403 -1.01818 3
4.13105 -1.50402 -3.26109 3
-0.191101 -0.121064 0.152933 3
-0.035859 -0.125668 0.0403542 3
-0.0847146 -0.259501 0.0862647 1
1.07962 0.39378 0.366517 1
-0.0403563 -0.163207 0.412983 1
-0.165614 0.0598753 0.281971 1
0.286284 0.0339837 -0.251302 1
-1.04811 -0.12702 0.724028 1
-0.174351 -0.0934243 -0.0131365 1
-0.364461 -0.186292 -0.0020228 1
-0.687549 0.0114169 0.208051 1
