# 1 = ball
# 2 = lepton
# 3 = photon
# 4 = PID > 100
# 5 = neutrino
# 6 = other
0.00413019 0.00101585 -0.0392543 3
-0.000533158 -0.00129771 -0.000930482 3
-0.725325 -1.22956 -1.63365 4
-0.10698 0.496329 -1.03585 4
-0.566302 -0.615108 -0.969598 4
-0.256882 -0.0850683 -0.0128383 4
1.09968 0.651477 0.60941 4
1.80438 1.12052 2.92723 4
3.37637 2.6673 6.77868 4
1.23649 0.627155 1.01547 4
3.99256 3.48022 6.57263 4
-1.41486 -1.93561 -0.278157 4
-6.02447 -2.20434 -7.10022 4
-0.252498 -0.0750371 -0.150452 4
-0.172893 0.260956 0.0798581 4
0.124272 0.124285 -0.280981 4
0.681265 0.334015 1.98488 4
-1.97706 -0.154647 -2.16436 4
-0.334063 -0.130445 -0.128028 4
-2.51955 -1.41854 -4.11596 4
-0.846978 -0.43432 -2.03582 3
-0.969602 -0.57824 -2.12724 3
-0.102739 0.428184 -0.0321899 3
0.0180827 0.0053261 0.00909 3
0.0661136 0.0466086 0.145969 3
0.142432 0.471475 0.717668 3
1.08736 0.38766 1.133 4
0.246453 0.258829 0.493566 4
0.0928806 -0.0382925 0.0615981 3
-0.0345321 0.00873076 0.0837912 3
-0.222721 0.259301 -0.184048 4
-0.533675 -1.24549 0.0141162 4
-0.691445 -0.921129 0.122798 4
-0.498605 0.0932258 -0.937355 3
-0.555941 0.0263402 -0.800663 3
0.0325591 -0.116494 -0.196634 3
-0.119348 -0.247547 -0.340525 3
0.0201196 -0.107307 -0.00766759 3
0.207715 -0.484991 0.241025 3
-0.0845522 0.208574 0.20425 3
-0.0168883 0.0802068 0.230431 3
-0.019282 0.0296082 0.0682839 3
0.0832333 0.236879 0.0863199 3
0.118711 0.0315041 0.16449 3
1.62153 0.966389 2.66315 3
-0.333415 -0.384381 -0.00631524 1
-0.0400221 0.0205398 0.181984 1
-0.018972 -0.0311626 -0.057938 1
0.135474 -0.0597367 -0.0699025 1
0.136676 -0.40546 -0.57207 1
0.279831 -0.289428 -0.0912357 1
-0.0284955 -0.0487623 0.0383629 1
0.214118 -0.0700431 -0.0294998 1
0.24641 -0.322195 0.144189 1
-0.118787 -0.788047 -0.331276 1
-0.0980593 0.02804 0.201537 1
0.0897921 -0.198806 -0.177905 1
-0.480952 -0.049431 -0.686683 1
0.0747657 -0.0195764 -0.170198 1
0.405974 0.416 -0.119356 1
0.362585 0.289067 0.101756 1
0.0672062 0.437565 -0.536782 1
0.472335 0.366535 0.512536 1
0.305931 -0.319895 -0.120939 1
-0.390872 1.07499 -0.265777 1
-0.000535677 -0.261045 -0.526926 1
0.00158697 -0.148813 0.144791 1
0.185526 -0.217473 -0.195832 1
-0.0628618 0.253184 -0.07618 1
-0.489634 0.0369336 -0.299624 1
0.771708 -0.206029 0.469149 1
-0.32978 0.711014 0.359122 1
0.317101 -0.057644 -0.39094 1
0.496349 0.262463 -0.241342 1
-0.156961 -0.847645 0.983274 1
0.0173517 0.0384618 0.0312793 1
0.0599874 0.124805 -0.374043 1
-0.360112 0.22029 -0.196944 1
0.465161 0.134135 -0.16602 1
0.111192 0.164857 0.0218112 1
0.278203 -1.14909 0.00269332 1
0.0756161 -0.00709215 0.519484 1
0.329949 0.02422 0.156463 1
