# 1 = ball
# 2 = lepton
# 3 = photon
# 4 = PID > 100
# 5 = neutrino
# 6 = other
1.89606 2.39497 -1.45747 4
0.674208 -0.790098 0.62606 4
-0.313644 -0.541703 0.0496063 4
1.02777 3.08444 -1.0243 4
0.306734 0.237676 -0.0137222 4
0.678743 1.24592 -0.534892 4
2.40277 3.59419 -1.86467 4
1.08835 0.478302 -0.505376 4
0.348619 1.84264 -0.0573867 4
0.129733 0.222767 -0.24806 4
-0.75385 -0.224466 -0.163283 4
-0.818634 1.32785 -0.370703 4
-0.194509 -0.00372107 0.162969 4
0.169045 0.422859 -0.0262922 3
0.94648 1.68716 0.0038105 3
0.465059 -0.0694853 0.190826 3
0.0178533 0.181624 -0.144599 3
0.784186 0.271079 -0.249326 3
0.455062 0.224686 -0.066482 3
0.899479 -0.1599 0.319957 4
0.225161 0.0460367 0.00870048 4
0.116381 0.427497 0.122235 3
-0.0197245 0.0679737 0.063128 3
0.229323 -0.180346 0.103417 3
-2.00279 -0.913624 0.160125 4
-1.61426 -0.909735 0.240778 4
-0.0496162 -0.0535414 -0.0705762 3
-0.442334 -0.425943 -0.144346 3
0.946055 0.936239 -1.29877 3
0.336798 0.200544 -0.344855 3
0.227371 0.138216 -0.103245 3
-0.0184572 -0.00184065 0.00392269 3
0.188556 0.0885027 -0.150787 3
0.0281656 -0.0509359 -0.00768953 3
0.0701059 0.080372 0.0398425 3
0.0721303 -0.00556645 0.158345 3
0.0171956 0.102338 0.087389 3
1.49803 -0.623034 0.660983 4
-2.1291 -0.942999 0.254701 4
-2.06026 -0.573782 0.372746 4
-5.3937 -1.46093 1.60457 4
-0.847375 -0.299372 0.0373727 4
0.0362269 0.395265 -0.270138 3
0.0272333 0.254797 -0.0559922 3
2.08479 -1.29136 0.644361 4
-0.189155 0.0324168 -0.000809672 3
-0.955745 -0.136343 0.0405019 3
1.70023 -1.8273 0.871868 4
0.860939 -1.22296 0.621107 4
0.794482 -0.335173 0.32416 3
6.34801 -3.06042 2.48193 3
-5.16559 -1.8445 0.413175 4
-1.5107 -0.1888 0.100234 4
-1.27075 -0.360353 -0.0257892 3
-2.86433 -0.963132 0.0845345 3
0.00237659 0.0481752 -0.00740761 3
-0.131271 -0.0134081 0.0808841 3
0.572294 -1.24007 0.322268 4
0.00980857 -0.124794 -0.124856 4
0.1628 0.198038 -0.125971 1
0.0306137 -0.00731816 -0.00933531 1
0.325719 -0.269909 -0.378586 1
-0.0382389 -0.00916544 -0.0424182 1
0.0842627 -0.0794063 -0.0737034 1
-0.160273 0.301689 0.308609 1
0.0142192 -0.0555456 0.300298 1
0.233152 0.0133166 -0.0955504 1
-0.173763 0.137851 -0.019364 1
-0.078656 0.0780889 -0.0889773 1
-0.190391 -0.384995 -0.0505546 1
-0.0109594 -0.0744403 0.0697142 1
0.0400044 0.0582479 -0.0345012 1
-0.114963 0.0468696 0.163354 1
0.0339191 -0.0704886 -0.0738136 1
0.107766 -0.238725 -0.206853 1
0.0438347 0.0329717 -0.161116 1
0.0149183 -0.00148743 0.0186078 1
-0.0565274 0.0558104 -0.0638186 1
0.0618374 0.222846 -0.181229 1
-0.0432312 0.0577506 0.0558174 1
-0.119631 0.0382674 0.0822674 1
0.100097 0.33558 -0.0830451 1
0.135931 -0.00753697 -0.0875989 1
-0.00080858 0.00633672 0.0113669 1
-0.0276943 0.137246 -0.0785513 1
0.0683288 0.101295 -0.0575788 1
-0.16369 -0.153484 -0.323827 1
0.0759081 0.178134 0.00273524 1
-0.127529 0.0585133 -0.0125987 1
0.0672856 0.118253 -0.0163357 1
-0.138964 -0.00165291 -0.0786772 1
0.0470513 0.0440664 -0.00894528 1
-0.148634 -0.262298 -0.0233489 1
0.02969 0.0716901 0.049716 1
-0.0891981 -0.0391593 -0.10973 1
0.143904 0.244007 -0.257678 1
-0.00355438 0.0467231 -0.290971 1
-0.020223 0.00923037 0.0223965 1
-0.0502254 -0.130715 0.0218349 1
-0.000109969 -0.00138386 0.00330818 1
