# 1 = ball
# 2 = lepton
# 3 = photon
# 4 = PID > 100
# 5 = neutrino
# 6 = other
0.00217988 0.016884 -0.170918 3
0.0928918 0.322493 -1.63529 4
0.468121 0.448105 -1.10922 4
0.22005 1.19224 -1.50846 4
1.97438 4.84661 -5.86166 4
0.543693 0.384549 -1.82244 4
0.491161 1.02605 -0.32697 4
1.47483 -0.259379 -0.557523 4
-0.333861 0.253585 0.274061 4
-0.411884 0.183129 0.514262 4
0.291235 -0.136376 -1.33575 4
-0.731034 1.76716 -2.31438 4
0.0995485 0.268383 -0.00461941 4
-0.180801 0.460804 -0.113296 4
0.500011 0.922398 -1.60067 4
0.154739 0.4615 -0.588137 4
0.0040126 0.0598801 0.142232 4
-0.144831 -0.557646 -0.863332 4
1.10472 -0.236165 -0.177367 4
-0.206169 0.207944 -0.0465622 4
0.855226 0.0342688 -0.644732 4
-1.48064 -0.923125 1.53232 4
-0.105829 -0.31101 0.814184 4
-0.229204 -0.200866 1.21814 4
-5.74433 -6.16253 13.2427 4
-1.80538 -2.53094 4.94069 4
-0.0929983 0.590007 -1.34397 3
0.0407716 0.285148 -0.559684 3
-0.267696 -0.173774 -0.43724 4
0.595397 -0.627834 -1.51656 4
0.0949979 0.0614695 0.0480854 3
-0.0746344 -0.0263224 0.0494642 3
0.0606229 -0.0247079 0.0526012 3
-0.0643605 -0.0366946 0.173902 3
-0.393326 -0.672354 2.31064 3
-1.90104 -2.18685 5.09473 3
-0.407067 -0.381795 0.947713 3
-0.14454 0.262472 -0.882517 3
-0.0198066 -0.00930346 -0.0218817 3
-0.193376 0.839818 -0.928078 3
-0.0366549 0.198431 -0.324811 3
0.527039 0.291289 -0.793635 3
0.100228 0.00594855 -0.0845436 3
0.0679554 0.144766 0.0594439 3
-0.00234511 -0.0200885 0.048091 3
0.00389506 0.0084732 0.0085202 3
0.205955 -0.167606 -0.347862 3
0.031013 -0.0124373 0.000626903 3
0.590482 0.34615 0.113797 3
-0.707547 -0.457336 1.22818 3
-0.391062 -0.148797 0.677049 3
1.59051 0.587908 -1.95186 4
0.714325 0.311749 0.0517489 4
0.982 0.100333 -0.221533 4
-0.238538 -1.34757 -2.65211 4
0.145169 -0.0496252 -0.184497 3
-0.027445 0.00970663 -0.0493771 3
-0.28553 -0.132478 -0.0513976 1
0.423401 -0.00640159 -0.176412 1
1.23101 0.613474 0.39092 1
0.262036 0.421766 0.303349 1
0.163777 -0.14609 -0.764876 1
0.190653 -0.0415374 -0.261279 1
0.737978 -0.254379 -0.408228 1
-0.414075 0.307119 0.406253 1
