# 1 = ball
# 2 = lepton
# 3 = photon
# 4 = PID > 100
# 5 = neutrino
# 6 = other
-1.06014 1.80552 0.000168238 4
-10.4608 14.9212 6.08564 4
3.78963 -4.40054 -1.25871 4
1.67119 -2.19697 -0.985787 4
0.0889949 -0.879805 -0.306856 4
-1.38616 -0.828827 -0.807982 4
-0.826671 0.804737 0.164248 4
-1.63734 2.80838 1.18954 4
0.0183296 0.101512 0.0893503 4
-0.224149 0.301831 0.0946784 4
2.2502 -2.65894 -1.16093 4
1.91333 -3.02717 -1.01851 4
-0.231651 -0.366978 -0.450351 4
0.284742 -0.180214 0.124767 4
-0.559667 0.394366 -1.01979 4
-5.4326 7.73083 2.78549 4
13.1286 -15.1486 -5.13957 4
-0.591408 0.879817 -0.265686 3
-0.227573 0.00628663 0.0880887 3
-0.0376083 0.0485158 0.0419116 3
0.0926463 0.065497 -0.00828803 3
0.0410183 -0.0846447 0.0372804 3
0.425274 -0.251045 0.072304 3
-0.109981 0.268247 0.600432 1
-0.348752 -1.19644 0.251366 1
0.105499 0.270082 0.0784336 1
-0.235798 0.641893 0.124855 1
-0.344848 -0.0571267 -0.0786434 1
-0.208404 -0.3119 -0.916611 1
0.0303399 0.50961 0.0945067 1
0.498648 -0.228249 -0.419378 1
-0.0959886 -0.342643 0.361904 1
0.17834 0.248323 0.0564345 1
-0.161004 -0.246533 0.629971 1
-0.826038 0.572338 0.637082 1
-0.219389 -0.166066 0.0424958 1
-0.168204 -0.191217 0.341622 1
0.653053 0.329739 -0.100759 1
0.224305 0.0551633 -0.0547089 1
