# 1 = ball
# 2 = lepton
# 3 = photon
# 4 = PID > 100
# 5 = neutrino
# 6 = other
-4.13735 -5.58348 -5.48896 4
-0.641421 -0.0664182 2.15706 4
0.523492 0.566077 0.637143 4
-0.0265173 0.00624239 0.353391 4
0.0830961 0.21356 0.697036 4
1.40053 2.85571 0.150494 4
0.79856 1.42912 0.587218 4
0.1542 -0.126606 -0.0676003 4
-0.0721194 -0.243758 0.259964 4
-0.282494 0.0961904 3.34083 4
0.429137 0.110847 2.74006 4
-0.215486 0.121827 3.4773 4
0.306059 0.10993 0.82228 4
0.338003 1.08705 0.0474688 4
-0.241327 0.141057 0.0368466 4
2.88639 6.7277 0.701165 4
-0.633669 -1.11985 -0.787368 4
-3.74726 -7.01013 -5.65688 4
-1.07621 -2.06907 -1.57631 4
-0.218382 -0.893176 -0.82699 4
-0.00632535 0.0506347 0.0790759 3
-0.289016 0.0886364 0.469379 3
-0.0341717 -0.152098 0.211771 4
0.0947297 0.397525 0.512459 4
0.165166 0.262276 0.426999 4
-0.016351 -0.0382679 0.0364348 4
0.429906 1.61109 -0.280564 3
0.608766 1.7912 -0.249122 3
0.462831 1.41212 0.417581 3
0.362154 1.54754 0.424646 3
-0.0127742 0.199229 0.00958495 3
0.128161 0.22618 -0.0282041 3
0.14921 0.203862 -0.0295255 3
0.233007 0.702799 -0.110573 3
-0.373649 -0.513561 -0.470031 3
-0.836359 -1.40994 -1.4095 3
-0.489764 -1.40342 -0.512136 4
-0.00510796 -0.0203151 0.0125679 3
-0.0226815 0.222706 0.115893 3
0.0612045 0.0598386 0.0517297 3
0.482245 0.0566406 0.380613 3
-0.353298 -0.867276 -0.924384 3
-0.0397138 -0.055142 -0.121916 3
0.11193 -0.908884 -0.073132 1
0.120109 0.0648711 -0.226773 1
0.476921 -0.164253 0.245101 1
-0.448757 0.587735 0.161604 1
1.32929 -0.464439 -0.726166 1
-0.41639 0.0652905 -0.298557 1
-0.0778636 0.0389783 -0.304415 1
0.137094 -0.489434 -0.2232 1
-0.013324 -0.352009 -0.172232 1
0.476406 -0.635947 -0.279663 1
0.435729 0.457623 0.334005 1
-1.31433 -0.113603 0.468183 1
0.0725793 0.0457839 0.142752 1
0.677749 0.346854 0.681478 1
-0.231546 -0.182931 -0.333285 1
-0.233172 -0.0648634 -0.215235 1
0.321163 0.065551 0.370212 1
0.357102 -0.0482559 0.382796 1
0.00576821 0.244877 0.145942 1
-0.188349 0.127759 -0.0205563 1
0.228462 0.436508 -0.255407 1
0.377801 -0.514078 0.313684 1
-0.325054 -0.0747094 -0.258165 1
-0.15165 0.103122 0.101695 1
0.153399 0.0204179 -0.220778 1
0.289303 0.161439 -0.28074 1
0.1207 0.0151048 0.0066774 1
0.377543 0.344297 -0.0173064 1
-0.146027 -0.826695 0.336058 1
-0.195124 0.82778 -0.220207 1
0.271896 0.271285 -0.220613 1
0.228084 -0.0771645 -0.0559557 1
0.0877566 -0.0832448 0.000287932 1
-0.0591923 -0.0636665 -0.0208188 1
-0.00352387 0.158465 0.187319 1
0.587589 -0.126794 -0.0093452 1
0.241724 0.0807361 -0.0633906 1
-0.00720314 0.00142133 0.00120935 1
