# 1 = ball
# 2 = lepton
# 3 = photon
# 4 = PID > 100
# 5 = neutrino
# 6 = other
-0.52849 -0.00270338 -2.37785 3
0.0210416 -0.0191303 1.31692 3
0.0040385 -0.00609855 0.938415 3
-1.18535 -0.458738 -0.38945 4
-1.32 -0.526396 -0.645068 4
5.13937 1.07652 2.18168 4
8.277 0.266644 3.03895 4
-7.50972 -0.156557 -3.62331 4
8.55344 1.54722 4.40424 4
5.48306 0.74136 2.51276 4
-5.17375 -0.225881 -2.12204 4
-14.0355 -0.563842 -6.05586 3
-1.23255 -0.0848729 -0.512207 3
-1.02321 -0.127063 0.0166742 3
-1.43796 -0.260565 -0.114986 3
-0.359992 0.0834804 -0.0226068 4
-0.182005 0.118591 -0.234771 4
-0.352018 -0.258615 -0.785031 3
-0.134833 -0.160047 -0.237203 3
-0.0939953 -0.581141 -0.0616608 4
0.0944228 -0.201193 -0.188363 4
-0.274416 -0.824047 -0.443055 4
0.00575436 0.0379813 -0.00245616 3
0.563123 0.0333554 0.10304 3
0.271923 0.103292 0.0123485 3
2.66537 -0.0739195 1.00358 4
1.24174 -0.0614596 0.652608 4
-0.520263 -0.260142 -0.0925093 3
-0.117664 -0.0745792 -0.0916082 3
-0.157225 -0.0189222 -0.150773 3
-0.0822829 -0.0562909 0.00821773 3
2.68628 0.244826 1.05664 3
1.08496 0.0945659 0.335866 3
-0.375482 0.151869 0.545894 1
0.18218 -0.203947 -0.104558 1
-0.17555 -0.369233 -0.00509531 1
0.323279 0.00044353 -0.137829 1
-1.23548 0.0032211 0.373388 1
0.00263581 0.155835 0.0112739 1
0.649949 0.655146 0.0168151 1
0.244394 -0.0935193 -0.232827 1
0.0131733 0.355614 0.102727 1
0.000599569 -0.00105952 -0.000921077 1
