# 1 = ball
# 2 = lepton
# 3 = photon
# 4 = PID > 100
# 5 = neutrino
# 6 = other
-0.69623 1.04579 -0.919607 4
-0.856848 0.301751 0.215292 4
-0.313525 0.19831 -0.589278 4
1.10537 -1.31031 0.783139 4
-0.426113 0.0332727 0.0508071 4
1.40497 -0.990796 0.670437 4
-0.15498 0.155912 -0.115699 3
-0.825882 1.15596 0.100744 3
-0.0140558 0.0110253 -0.0137202 3
-1.08143 2.04578 0.282575 4
-1.42827 1.68243 -0.743025 4
0.127968 0.0293654 -0.0415421 3
0.0846668 0.160038 -0.111315 3
0.242194 -0.310221 0.183748 3
-0.052066 0.121451 -0.0320921 3
-2.02772 3.19507 -0.52005 3
-0.684895 1.04379 -0.103512 4
-0.822545 0.471149 -0.0557327 4
-0.247124 0.314677 -0.0823397 3
-0.296374 0.186853 -0.0305459 3
1.32313 -2.12016 1.16086 4
-0.610334 0.601432 -0.74185 3
-0.260349 0.171816 -0.125348 4
-4.7726 4.40247 -0.936549 4
-0.920191 1.08197 0.00931949 3
-0.287758 0.248833 0.0412494 3
-1.3988 1.33686 -0.357364 3
-0.0321321 0.0632384 -0.00309569 3
0.538467 -0.553755 0.218252 4
8.08319 -9.75771 4.85566 4
3.38928 -4.36352 1.9824 4
0.779741 -0.951505 0.174634 4
-1.57266 1.3002 -1.27077 2
-0.290728 0.589959 -0.444072 5
-1.61513 2.12417 -1.31213 4
-0.603689 0.0343802 -0.0651936 4
-0.848078 0.35484 -0.612914 4
2.58225 -2.5176 1.52656 4
0.0905727 -0.151978 0.0546554 3
0.336791 -0.190832 0.0947747 3
0.138421 -0.214186 0.0258092 3
0.297657 -0.266335 0.176263 3
1.25442 -1.34957 0.685528 3
0.360712 -0.306564 0.219349 3
-1.58384 2.45051 -2.60621 4
-2.38772 3.72041 -3.80593 4
0.875997 -0.563359 0.276033 4
2.88019 -2.98145 1.55009 4
1.21606 -1.73388 0.301709 4
