# 1 = ball
# 2 = lepton
# 3 = photon
# 4 = PID > 100
# 5 = neutrino
# 6 = other
1.64761 15.4491 -20.1502 4
-0.358684 0.604747 -1.83828 4
-0.371628 0.533029 0.249342 4
-1.04226 -2.84148 4.29428 4
-0.440851 -1.99368 3.56904 4
-0.525209 -1.60169 1.91483 4
0.500191 0.857283 -0.779391 4
0.223109 0.682919 -1.14682 4
-0.0663896 0.178441 -0.362378 4
1.26768 1.30533 -2.42955 4
-0.0798157 0.0347936 -0.360193 4
0.251796 0.0514967 -0.0399372 4
-0.41386 -1.27175 0.979232 4
-0.120497 -0.521086 1.15275 4
0.388443 1.15083 -1.47859 3
0.124607 0.164356 -0.772132 3
-0.641289 -3.43273 5.17906 4
-0.360503 -2.96498 4.83739 4
0.0344589 -0.0983976 0.0956488 3
-0.103291 -0.145653 0.265844 3
0.0589241 0.692239 -1.08963 3
0.0832037 0.455516 -0.554712 3
0.594005 0.969749 -0.686678 3
0.0129435 0.0775698 -0.0265984 3
0.246138 -0.00986454 -0.144331 3
0.036759 -0.0254894 -0.11317 3
0.056994 -0.535983 0.830967 3
0.575004 -2.78583 4.64474 3
-0.0361204 -0.097087 -0.14967 3
-0.060596 -0.0355028 0.0118927 3
-0.0640536 -0.00366675 -0.0292359 3
-0.29035 -0.332815 -0.305146 3
-0.00326039 6.80042e-05 -0.231419 3
-0.0435532 -0.0377003 -0.0215369 3
-0.495464 -1.8503 2.65976 3
-0.144573 -0.860645 1.14882 3
0.0686704 -0.135375 0.217151 1
0.0955524 0.409089 0.473656 1
-0.454109 0.839381 1.2365 1
-0.0375859 -0.0243195 -0.076548 1
-0.292163 -0.033168 -0.109768 1
0.0630562 -0.111315 0.074686 1
-0.683738 -0.565754 -0.796086 1
0.0297384 -0.801755 -0.0390884 1
0.736965 -1.05382 -0.833667 1
-0.642842 -0.0837889 0.170147 1
-0.047298 0.0280068 -0.0311983 1
0.221706 -0.358937 0.301733 1
0.0756072 -0.121062 -0.0368398 1
-0.239767 0.310311 0.000884518 1
-0.147196 -0.156428 0.355787 1
0.100629 0.0783727 0.144215 1
0.713152 0.0194027 -0.175551 1
