# 1 = ball
# 2 = lepton
# 3 = photon
# 4 = PID > 100
# 5 = neutrino
# 6 = other
-1.71227 5.53607 -13.2483 4
-0.132318 0.356768 -0.419656 4
0.081484 0.338851 -0.773369 4
0.255642 0.0108572 -0.144486 4
-0.838379 -0.687597 -0.429736 4
0.0770883 -0.299357 0.257545 4
-0.238119 -1.12617 0.382032 4
-0.0777502 -0.694279 0.40729 4
-0.87088 -5.05817 5.03399 4
0.906157 -0.532534 -0.13835 4
0.0911802 -0.192669 0.369317 4
0.319321 0.216163 0.752554 4
1.45249 2.64778 0.776736 4
0.101201 1.61089 0.40441 4
-0.393147 2.02901 -4.8162 4
0.291391 0.686685 -1.83702 4
0.127619 -0.214066 -0.523531 4
0.173303 -0.0118307 -0.0107419 4
-0.337345 0.104663 -1.08823 4
-0.738377 -1.23343 1.92668 4
-0.657005 -1.33967 1.21079 4
0.294006 -0.772831 1.11868 4
0.844801 1.00236 0.330783 4
0.969053 0.973296 -0.447992 4
0.441036 1.73801 0.439288 4
0.414717 0.288383 0.156923 4
-0.0112067 -0.0750137 -0.306983 3
0.0494289 0.0334669 -0.542812 3
-0.144553 -0.0295141 -0.319908 3
-0.295999 -0.235912 -0.564018 3
-0.0147891 -0.128901 0.165837 3
-0.281233 -0.370962 0.487482 3
0.0406231 -0.969721 1.9317 4
0.0164015 -0.154528 0.485477 4
-0.410367 -0.794262 1.23203 4
-0.369861 -0.435531 1.22581 4
0.0808123 -0.534748 0.88463 4
-0.243408 -0.621231 1.39065 4
0.015141 0.241569 0.0575438 3
0.00853007 0.0832092 0.118996 3
0.327788 0.64457 0.188332 3
1.34095 3.26661 1.00852 3
0.227436 0.401539 0.214798 3
0.0729744 0.36247 0.207668 3
-0.459163 0.839868 -2.60449 3
-0.525502 1.16883 -3.1534 3
-0.0497872 -0.00112157 0.0561373 3
-0.240155 -0.111237 -0.0224232 3
-0.00459694 -0.497669 0.301381 3
0.0311214 -0.0320943 0.00388144 3
0.0816133 -0.828623 0.747218 3
-0.0443089 -0.519557 0.53451 3
0.186316 -1.07358 0.718444 3
0.371109 -1.64965 0.944109 3
-0.0623364 -0.245804 0.477801 3
-0.255286 -0.727326 1.02909 3
-0.00240932 0.00531333 -0.000792617 3
0.00165258 -0.57407 0.731694 3
-0.190132 -0.867725 1.36567 3
-0.0917047 -0.945852 1.31605 3
