# 1 = ball
# 2 = lepton
# 3 = photon
# 4 = PID > 100
# 5 = neutrino
# 6 = other
-0.00673833 -8.28719e-06 -0.0738644 3
-2.74716e-05 -1.49154e-06 -0.000418716 3
3.37383 6.36348 -16.9661 5
1.4188 1.28425 -5.31844 2
1.83699 3.61256 -10.0302 5
-8.28848 -8.43752 22.0466 5
-3.00014 -3.07608 10.5129 4
-0.0133272 -0.051685 0.297973 1
-0.0229788 0.420604 -0.233928 1
0.756287 0.724788 0.491716 1
-0.0225151 -0.486515 0.509955 1
-0.118245 1.04987 0.156146 1
-0.109444 -0.0635617 0.00665388 1
0.0213666 0.52347 -0.36192 1
0.306164 -0.295783 -0.218035 1
-0.0262778 -0.160976 1.23138 1
0.608165 0.342815 0.0732807 1
0.98802 -0.0219457 -0.177692 1
0.188946 -0.145072 0.238853 1
0.214426 -0.256789 0.114466 1
-0.0937029 -0.747523 0.265926 1
0.565497 -0.282869 0.353566 1
-0.284096 -0.0316591 0.129076 1
0.326747 -0.325595 -0.266586 1
0.216857 -0.158096 0.333028 1
0.750554 -0.0633631 -0.186954 1
-0.452802 -0.411312 -0.442237 1
-0.482172 -0.744559 -0.654882 1
-0.141325 -0.120656 -0.0638994 1
-0.144619 0.165783 0.104455 1
0.141266 -0.0420927 -0.432741 1
-0.477197 -0.348167 0.287091 1
1.07092 1.08329 -0.139139 1
1.32911 0.0805724 -0.637734 1
0.0115534 0.0287069 -0.313026 1
-0.432243 0.592139 -0.63561 1
-0.00914613 -0.000496577 0.000334198 1
