# 1 = ball
# 2 = lepton
# 3 = photon
# 4 = PID > 100
# 5 = neutrino
# 6 = other
1.02928 -0.882255 -20.803 3
-0.148636 0.117347 -0.470923 3
-0.072304 0.0388421 0.80876 3
-3.09717e-06 3.08339e-06 -0.000150659 3
0.0927776 -0.13103 -0.247435 4
0.408949 -1.01556 0.434746 4
-0.627403 1.11532 1.50829 3
-1.10742 1.63924 2.40209 3
-0.484963 0.122012 0.845829 3
-0.391158 -0.0229024 0.642553 3
0.223395 0.679116 0.668567 4
0.209178 0.201558 0.703177 4
0.0379457 0.171685 0.102402 3
0.27855 1.20785 0.333217 3
2.0104 -3.57015 -1.48798 4
0.930043 -1.53159 -0.262519 4
-0.763228 0.598692 0.817498 2
-3.11511 3.77084 6.0329 5
-0.0309324 0.0136691 0.0992905 3
-0.400066 0.507806 0.801591 3
0.126028 0.353792 0.175065 3
0.0621338 0.0231893 0.0210931 3
-0.011528 -0.0253479 0.0184291 3
0.230991 -0.409848 -0.0552431 3
-0.0128112 -0.170388 0.0210857 3
0.0582836 -0.225639 0.178904 3
-0.000685134 -0.178017 0.0493003 3
0.0547073 -0.00734642 0.0356462 3
2.4051 -4.18186 -1.10341 4
-4.13912 5.06026 9.81901 4
0.479814 -0.445197 -0.26583 3
1.21649 -1.37924 -0.60643 3
0.202576 0.0852722 0.319785 1
-0.294405 0.233064 0.0576863 1
0.510105 -0.292815 -0.229209 1
-0.0920637 -0.190885 0.316314 1
0.198181 0.00179703 0.555855 1
-0.534688 0.539758 -0.317642 1
0.129845 0.0738629 -1.37409 1
-0.101381 0.0148817 -0.0314606 1
0.0872106 -0.108229 -0.0306541 1
0.112355 -0.0590313 0.0497496 1
-0.199448 0.130757 0.00602043 1
-0.622039 0.231909 -0.241335 1
0.065724 0.0763431 -0.0521864 1
-0.0152236 0.613622 0.401591 1
-0.37621 0.179679 -0.179942 1
-0.14549 -0.391893 0.32502 1
0.0189043 0.321835 0.184385 1
0.748731 0.056862 -0.224589 1
-0.700355 -1.04003 0.126171 1
0.803046 -0.0510332 0.0970677 1
0.505013 0.208594 0.398212 1
-0.122542 -0.747803 -1.13377 1
0.135985 -0.307765 -0.697117 1
1.11631 -0.385821 0.298173 1
-0.0457763 -0.134861 0.330277 1
-0.36669 0.0369232 0.214056 1
0.320624 -0.256833 -0.0883555 1
0.0060052 1.01565 0.284279 1
-0.147733 -0.854333 -0.298313 1
0.223052 0.000438884 -0.652763 1
0.0316632 -0.444752 0.370221 1
