# 1 = ball
# 2 = lepton
# 3 = photon
# 4 = PID > 100
# 5 = neutrino
# 6 = other
-0.889309 -0.107195 3.47424 3
8.25332 -13.3912 -8.80404 4
1.6847 -2.33329 -2.18387 4
1.44803 -3.22717 -1.7825 4
0.0681212 -0.155583 0.0457968 4
-0.260809 -0.573674 -0.428146 4
-0.574137 -0.197013 0.419461 4
-1.0538 1.93687 -0.186355 4
-1.00555 1.3991 0.0330923 4
-0.530344 0.577741 0.476339 4
0.518742 -0.459915 -0.521987 4
-0.00132488 -0.0971327 0.519239 4
-0.200344 -0.373207 -0.016424 4
-10.6947 22.5588 10.413 4
0.865047 -0.947319 -0.504536 3
1.57048 -1.94625 -0.865856 3
0.0348181 -0.0192444 0.0213887 3
0.0527163 -0.508504 0.165492 3
0.415722 -1.2418 -0.194448 3
0.00620819 -0.0939956 0.0129815 3
-0.0331263 0.0369252 0.00653348 3
-0.487616 1.71959 0.153264 3
0.286987 -0.371658 -0.185841 3
2.12743 -3.38908 -1.65815 3
-0.345858 0.700687 0.304384 3
-0.880077 1.73331 0.989332 3
-0.191036 0.216808 0.0555608 1
0.0819672 0.151776 0.198282 1
-0.00445458 0.0876915 -0.0102085 1
0.202409 -0.101217 0.0820304 1
0.00506955 0.0540247 0.0230326 1
-0.0651544 -0.196722 0.0604252 1
0.0481821 -0.0443584 0.238258 1
0.0523147 0.0679509 -0.166751 1
-0.0252836 -0.152208 0.124227 1
-0.0229324 -0.0575713 -0.0734223 1
-0.00977956 -0.190368 0.0575179 1
0.125347 -0.101956 0.089907 1
0.199982 -0.103053 -0.0230837 1
-0.0132051 0.0226152 0.00289731 1
-0.0273034 0.0240927 0.00475848 1
-0.0953064 -0.106399 -0.158176 1
-0.0576859 0.0406653 0.00660261 1
-0.197645 -0.271921 0.0689856 1
0.124913 0.0178008 -0.0222139 1
-0.118517 -0.117119 -0.0560216 1
-0.0278596 -0.0646191 0.159414 1
0.0193054 0.0110403 0.0944535 1
0.0162176 -0.0901127 -0.175185 1
0.0415714 0.060036 -0.00678305 1
0.11363 0.03442 -0.0179485 1
-0.0982447 0.0510111 0.127986 1
-0.00545303 -0.332999 -0.184445 1
-0.101758 0.0101038 -0.025323 1
-0.0751412 -0.0506652 0.00223929 1
-0.208931 0.175434 -0.63498 1
0.0562712 -0.0137083 0.089702 1
-0.0317642 0.0339789 0.0500704 1
-0.0255211 -0.0238853 -0.00993505 1
-0.0443583 -0.147237 0.15609 1
0.122327 0.102272 0.191346 1
-0.0524003 0.0896713 -0.00219282 1
0.154415 -0.160862 -0.118975 1
-0.0118683 -0.0213504 -0.00251199 1
-0.0547684 -0.0945313 0.0897171 1
0.141345 0.177027 0.0110974 1
-0.211534 0.0308147 -0.072975 1
-0.117595 -0.167004 -0.0499969 1
0.0149437 -0.0791653 0.124102 1
