# 1 = ball
# 2 = lepton
# 3 = photon
# 4 = PID > 100
# 5 = neutrino
# 6 = other
13.4741 -11.5074 -11.8239 4
3.90018 -3.44941 -3.62975 4
1.20565 -0.39601 -0.3766 4
-1.25972 0.286116 0.581685 4
-0.727821 0.694517 1.5276 4
1.64251 -1.10616 -1.48255 4
1.78377 -1.02752 -0.825969 4
0.308767 0.159865 0.270363 4
-2.91731 3.10413 2.58925 4
-3.34348 3.23764 2.93764 4
0.47902 -0.423584 -0.13067 4
-5.29076 4.93779 4.99855 4
-0.246038 0.182883 0.581329 3
-0.0759558 -0.163416 -0.0319767 3
0.115181 -0.139236 -0.416006 3
0.108649 -0.0681612 -0.108053 3
-0.0251871 0.0690126 0.00150303 3
-0.231943 0.570862 0.424612 3
-3.66077 3.559 2.9573 3
-3.23768 3.181 2.77448 3
-0.371323 -0.163701 -0.0144857 1
-0.217437 -0.0259544 0.17066 1
-0.10492 -0.165709 0.0514451 1
-0.00255191 0.665141 0.450472 1
-0.769477 -0.889024 -0.832399 1
0.227239 0.529628 -0.260959 1
0.0836754 -0.375264 -0.423195 1
0.0029163 0.0760988 0.547679 1
0.527667 -0.000740582 -0.213118 1
0.165393 -0.427997 0.273287 1
0.610063 -0.621707 -0.00162993 1
0.0662826 0.0374847 0.0971107 1
0.478218 0.106908 -0.366184 1
-0.434803 0.62835 0.46256 1
-0.160602 0.0182838 0.0624393 1
0.155957 0.0815638 -0.365592 1
0.129102 0.47872 0.341477 1
-0.0317504 -0.0020507 -0.0444682 1
-0.20883 -0.0176802 0.0494106 1
0.0421928 0.237521 -0.203745 1
-0.0835786 -0.113573 0.0976151 1
-0.142976 0.120511 -0.025937 1
-0.0925922 0.21486 0.10373 1
0.540273 0.227067 0.826571 1
-0.21628 -0.263907 -0.041117 1
0.0100866 0.0705707 0.0747198 1
-0.959503 -0.7349 -0.162015 1
1.0537 -0.505853 -0.545368 1
-0.283058 0.135887 -0.378575 1
-1.50277 -0.754325 0.057488 1
0.1615 -0.104954 0.16103 1
-0.0168104 -0.37515 -0.275631 1
-0.158535 0.0318316 0.143326 1
-0.242315 0.513972 -0.0756069 1
-0.255293 -0.333804 -0.559801 1
