# 1 = ball
# 2 = lepton
# 3 = photon
# 4 = PID > 100
# 5 = neutrino
# 6 = other
-0.000946155 0.00137635 -0.272997 3
-0.615401 0.0436896 1.96345 4
0.282468 -0.545503 -0.0578256 4
0.946248 0.252014 -1.67823 4
1.04663 -1.08673 -5.73984 4
-0.588951 0.288205 0.838037 4
0.512158 -0.317478 -1.83108 4
0.259309 -0.211315 -1.43303 4
0.379907 -0.255461 -1.52529 4
-2.11554 1.12923 8.78918 4
-0.169994 0.369829 1.15561 4
-0.864332 0.49472 2.45319 4
0.0820579 0.0881676 -0.173729 3
0.484986 0.393993 -0.469815 3
1.58364 -0.781065 -5.35528 4
-1.00411 0.61281 4.00175 4
-0.714389 0.232741 1.69789 3
-0.0599746 0.00132933 0.0701745 3
-0.152797 0.149818 1.30525 4
-4.12931 3.71661 18.2845 4
1.71277 -1.63985 -7.36774 4
0.140412 -0.226352 -0.996746 3
0.746095 -0.739395 -3.53752 3
1.17627 -0.506563 -4.2284 3
1.49413 -0.811155 -5.54343 3
-0.494121 0.379193 0.104654 1
0.593191 0.137125 0.417923 1
-0.870801 -0.905444 -0.533934 1
0.229576 -0.302695 -0.0175287 1
-0.0409709 0.397083 0.0219277 1
0.38037 -0.278029 0.123841 1
-0.484935 -0.110392 -0.152707 1
0.256362 0.029497 -0.312274 1
