# 1 = ball
# 2 = lepton
# 3 = photon
# 4 = PID > 100
# 5 = neutrino
# 6 = other
-0.784049 1.55613 29.7739 2
-12.3856 -10.163 -31.2551 2
0.121138 -0.0557524 0.0885293 4
13.3025 8.69744 2.19558 4
0.326544 0.0450798 -0.439515 1
0.0827426 -0.202421 -0.478112 1
0.126216 0.0450423 -0.0254312 1
-0.391004 0.0203798 -0.0695871 1
-0.0738596 -0.0251536 -0.103058 1
0.0922541 -0.121955 0.0484015 1
0.0511345 -0.0517987 -0.0132605 1
-0.258175 0.185691 -0.0920532 1
-0.00862568 0.0511926 0.0165805 1
-0.0691469 -0.00720614 -0.03589 1
-0.171942 -0.0795683 -0.0958428 1
0.0402696 -0.037473 0.117662 1
-0.00727203 -0.01893 -0.0235108 1
-0.0233879 -0.0449505 -0.146809 1
-0.0583231 0.00871332 0.155493 1
-0.0625312 0.0574567 -0.206074 1
0.00526464 -0.107623 0.00616306 1
-0.0451845 -0.00240008 -0.083971 1
-0.094941 0.00837161 0.112143 1
0.000617233 -0.0763915 -0.0602813 1
-0.0910112 0.0183764 -0.161232 1
0.0336651 -0.0166516 -0.0150686 1
0.0807955 -0.0274002 0.323203 1
0.0127777 0.00854493 0.0622373 1
-0.574331 -0.0209593 -0.400196 1
-0.0320999 -0.0113828 0.134842 1
-0.0460385 0.00258163 0.0403444 1
0.618113 0.174937 0.208075 1
-0.00765999 0.0257495 -0.0104637 1
0.0956978 0.0507977 0.198775 1
-0.0217573 0.0439877 0.110402 1
-0.0420436 0.202325 -0.084321 1
0.0848827 0.0366487 0.00648003 1
0.0109194 -0.12324 -0.0342255 1
0.0189446 -0.000993607 0.169131 1
-0.00622273 -0.0621211 0.027442 1
0.0169578 0.0098399 0.0104342 1
-0.00423623 0.0889056 0.114089 1
0.115665 -0.110678 -0.0337604 1
0.0219441 0.0297991 -0.0535149 1
0.000436502 5.98483e-05 0.00138006 1
