# 1 = ball
# 2 = lepton
# 3 = photon
# 4 = PID > 100
# 5 = neutrino
# 6 = other
-0.000111497 -0.00117738 -0.0182091 3
-0.357871 -0.37901 1.11518 4
1.10056 10.3883 -12.3302 4
0.726014 10.13 -11.9217 4
-0.178425 1.69722 -1.90151 4
1.31245 1.41882 -1.42398 4
0.0393308 0.539802 -0.0358524 4
0.590568 -0.616288 0.154975 4
-0.339018 -1.98612 1.88354 4
-1.75706 -6.02175 5.71627 4
-0.830571 -5.61439 5.42765 4
-0.0563612 0.833 -0.78158 4
0.256916 -0.0226808 0.121179 4
0.280968 0.415866 -0.261722 4
0.0472293 -0.0667308 0.132777 4
0.585182 0.457799 -0.154157 4
-0.140467 0.168643 -0.0076693 4
-0.214322 0.353956 0.182846 4
-0.106822 -0.173076 0.215096 4
-0.0375627 -0.136915 0.0943627 3
0.0986906 -0.654819 0.563599 3
-2.44362 -9.00929 9.76909 3
-0.487644 -1.84189 1.90828 3
-0.0101251 -0.077472 0.045026 3
-0.112661 -0.862589 1.10549 3
-0.0616834 -0.0644168 0.298184 3
0.0128656 -0.0514698 0.0202721 3
0.0186762 -0.0285209 0.0840618 3
0.197054 -0.537432 0.453715 3
0.250941 0.216605 -0.0244705 3
0.94035 1.05643 -0.314647 3
-0.300418 0.691085 0.3382 1
0.335382 -0.0702934 -0.404063 1
0.518076 0.247479 -0.256918 1
-0.112292 -0.878213 0.951344 1
0.0224362 0.0349823 0.0276448 1
0.0745573 0.114773 -0.384481 1
-0.343692 0.209103 -0.208661 1
0.48358 0.121418 -0.17923 1
-0.0010954 -0.000760307 0.000187781 1
