# 1 = ball
# 2 = lepton
# 3 = photon
# 4 = PID > 100
# 5 = neutrino
# 6 = other
-0.0356176 -0.0499829 -0.350513 3
6.23252 2.25657 -0.478832 4
3.92944 0.825979 0.0713142 4
0.874567 -0.0499314 -0.0767637 4
-1.07584 -0.448187 0.452417 4
2.88517 1.00633 -1.89129 4
2.14447 0.973383 -0.62962 4
0.722724 0.459844 0.68921 4
2.23851 1.98773 -2.72374 4
-0.167388 -0.0892715 0.0469651 3
0.272797 0.223219 -0.4194 3
0.467469 0.182263 -0.542161 3
0.305022 -0.0137998 0.107159 3
0.271002 0.112346 0.0662836 3
0.412104 0.12621 -0.337818 4
-13.7466 -5.85469 5.95599 5
-6.17372 -3.94156 2.82095 2
2.26658 1.23002 -2.92553 4
0.988744 0.28293 -0.866319 4
0.0675711 0.0206165 -0.118563 3
0.597179 0.379498 -0.587068 3
0.349492 0.17648 -0.310028 4
1.90908 1.10479 -1.66908 4
1.09543 0.320518 -1.06696 4
0.287091 0.114377 -0.162531 3
0.561151 0.152977 -0.12167 3
0.0600887 -0.0798925 -0.140543 3
0.208913 -0.019729 -0.154231 3
-5.58646 -2.75152 4.22729 4
-2.06373 -0.649127 1.06779 4
-4.26708 -1.18974 2.77759 3
-0.546904 -0.145057 0.141615 3
2.86885 2.02291 -2.81636 4
0.902341 0.366371 -0.660794 3
0.594166 0.276806 -0.322366 3
-0.116266 0.0256247 0.0733692 1
0.10119 1.36109 -0.0926812 1
-0.0569244 0.571143 0.405293 1
0.260234 -0.38173 0.912425 1
0.0814191 -0.175441 -0.0233549 1
-0.312307 -0.397926 -0.0255812 1
-0.0307404 0.0146172 0.173558 1
-0.0126896 -0.035208 -0.063692 1
0.1443 -0.0654495 -0.0780271 1
0.0925913 -0.23641 -0.333673 1
