# 1 = ball
# 2 = lepton
# 3 = photon
# 4 = PID > 100
# 5 = neutrino
# 6 = other
-0.0863028 -0.0957809 -0.381876 4
1.65615 0.9431 0.289367 4
-0.324426 0.0367504 0.148124 4
0.439811 0.256049 0.527955 4
-2.51874 -1.33776 -0.386366 4
-0.376739 -0.0766428 -0.202763 4
2.61675 0.474359 0.428485 4
0.315724 -0.0243657 0.0699695 4
1.67013 -0.324711 0.547677 4
0.922226 0.360076 0.563751 4
1.47822 0.556357 -0.081737 4
0.0676255 0.0851014 -0.167159 4
-0.509746 -0.257852 -0.18051 3
0.196171 0.122641 0.0242199 4
0.415857 0.353316 -0.282759 4
0.343875 0.106527 -0.0105109 3
0.731139 0.282176 -0.216998 3
0.869799 -0.326361 0.480914 4
0.239088 -0.318625 0.323388 4
0.0598245 -0.00330047 0.0140947 3
2.13963 0.143129 1.33379 3
0.866412 -0.334065 0.238761 3
0.210585 -0.0601747 -0.00662354 3
0.370152 0.157529 0.154738 3
1.26575 0.788627 0.703851 3
0.0409591 0.0768446 0.0479604 3
-0.388455 -0.421204 -0.267834 3
-0.116836 -0.10945 -0.00251709 3
0.47819 0.0303918 0.351271 3
0.601394 0.186396 0.410502 3
-3.48219 -1.79175 -1.13645 4
-4.04638 -2.25453 -1.7457 4
-1.13992 -0.498559 -0.49537 4
0.216 0.0509176 0.00104529 3
0.131473 0.155347 -0.0206539 3
0.0997325 -0.112798 0.1834 3
0.129831 -0.0162114 0.334644 3
0.965159 0.553913 -0.151799 4
2.10577 1.05518 1.55313 4
-7.16192 -3.58638 -2.40595 4
-8.53627 -3.71951 -3.35181 4
-2.31172 -1.72994 -0.874904 4
-0.943004 -0.0784347 -0.138055 3
7.0656 7.29595 2.32408 4
-1.71206 -0.609051 -0.778866 4
-0.996656 -0.126415 0.0659292 4
1.83443 1.46486 0.371654 4
1.97829 1.82817 0.876361 4
0.829831 0.54504 0.247627 3
0.563012 0.486829 0.251951 3
0.0794002 0.183394 -0.10495 1
0.0761436 0.460963 0.477902 1
-0.150398 -0.134957 -0.0312118 1
0.00330909 -0.381751 0.0027272 1
0.0364185 0.0934942 0.114952 1
0.0937873 0.0173516 0.0134944 1
0.0316054 -0.245794 -0.0506802 1
0.0837917 0.0928912 -0.0766688 1
-0.00330304 0.0334755 0.201909 1
-0.0453345 0.0193094 -0.0942677 1
-0.129705 0.0114739 0.103133 1
0.083736 -0.075865 0.00176395 1
0.353606 -0.31328 0.0640075 1
0.0146068 0.0651976 -0.228245 1
0.14379 -0.0424486 0.0690328 1
-0.13709 -0.18615 0.0623323 1
0.0629594 -0.032255 0.0465987 1
0.139454 0.253252 -0.153261 1
