# 1 = ball
# 2 = lepton
# 3 = photon
# 4 = PID > 100
# 5 = neutrino
# 6 = other
-1.42365 -0.0438045 2.32281 4
-0.364173 0.418218 -0.0718879 4
-0.507356 1.42213 0.578865 4
2.27288 -0.572124 -5.1502 4
1.58585 -0.772054 -1.48897 4
2.25305 -0.35516 -1.03401 4
-6.9025 -1.83784 10.6012 4
-0.242547 0.0919048 0.370214 4
-5.34709 -1.57 7.4183 4
-0.2609 0.107015 -0.144079 4
0.110187 0.902009 0.725746 4
1.35031 -0.378446 -3.99234 4
1.22699 -0.25255 -2.98309 4
0.151523 -0.373847 -1.59064 4
0.344931 -0.0697441 -0.735541 4
-0.388511 -0.115802 0.559272 3
-1.40845 -0.397395 2.48676 3
-0.195695 0.401798 1.24553 3
-0.0788422 0.122288 0.229983 3
0.0219227 0.529383 0.496776 4
-0.0998698 0.345798 0.194511 4
-0.217966 0.191244 0.0336995 4
-0.515208 0.456029 0.338505 4
-0.615534 0.661928 0.584247 3
-0.247372 -0.0383197 -0.0123671 3
0.0815332 0.0892216 -0.897109 4
0.5353 -0.511299 -2.01596 4
0.301029 -0.0186747 -0.653412 4
0.00307904 0.0327064 -0.159989 4
0.190504 -0.0385598 -0.379037 3
0.353495 0.0727445 -0.485979 3
0.228856 0.113751 -0.119141 4
0.760428 -0.175257 -0.133348 4
2.11774 -0.0681115 -0.885118 3
1.73683 0.0218395 -0.828956 3
-0.601492 -0.266385 0.545352 3
-0.300808 -0.137494 0.411155 3
0.642071 0.110728 -1.28079 3
0.60973 0.0316402 -1.4598 3
0.502375 0.416862 -0.650297 3
0.139045 0.131089 -0.100434 3
-0.320087 0.385646 0.952906 3
0.00389172 0.0432115 0.0444016 3
-0.189348 0.361915 0.150417 3
-0.00922886 0.136227 -0.00461615 3
0.0771698 0.0105345 -0.213109 3
-0.00395334 -0.0464184 -0.572005 3
0.0300333 0.00147908 -1.57185 3
0.0607434 0.00667723 -0.266662 3
0.507296 0.0160732 -0.0984605 3
1.29358 0.0130598 -0.472783 3
-0.261933 0.22938 -0.0360385 1
-0.120472 -0.0355409 -0.0731364 1
-0.878815 0.260225 0.0347522 1
1.10115 -0.782896 0.584778 1
-0.626043 0.711961 -0.0249752 1
-0.141703 0.133983 0.607375 1
1.04153 0.000191287 0.758927 1
0.828006 -0.398815 -2.04087 1
0.129914 -0.0703051 -0.00448407 1
0.0647264 -0.301658 0.246528 1
0.0509998 0.160152 0.0142187 1
-0.0115552 -0.048531 0.0599247 1
-0.450336 0.56147 0.0912763 1
0.0240417 -0.0247953 -0.0566471 1
-0.00128608 -0.000677469 -0.000277339 1
