# 1 = ball
# 2 = lepton
# 3 = photon
# 4 = PID > 100
# 5 = neutrino
# 6 = other
0.0011995 0.000639206 0.0116176 3
-0.123404 -1.59894 -0.0070106 4
-0.779613 0.707959 0.350344 4
-0.101062 0.28454 -0.595701 4
-0.844733 0.600845 0.194296 4
-0.506996 -0.0445255 -0.127069 4
-0.238669 0.752575 0.0477773 4
-1.22649 10.204 -2.85634 4
1.02229 -2.7292 0.832356 4
-0.0616473 -0.168534 -0.186442 4
0.0491855 -0.937928 0.629411 4
-0.11505 0.00546881 0.15504 4
-1.53916 1.45785 -0.292221 4
-2.47483 3.10927 0.0323943 4
5.04486 -15.3083 5.3351 2
1.19874 -5.97378 2.0669 5
0.136874 -0.178138 0.14114 3
0.00158521 -0.195818 0.146664 3
-0.257149 0.138587 -0.131599 4
0.0944222 -0.262691 -0.0818366 4
0.199746 0.0934824 0.204023 4
0.106997 0.00552785 0.00550429 4
-0.26277 -0.844254 -0.972702 3
-0.0212691 -0.0354498 -0.0985691 3
-0.676684 3.99944 -1.65248 3
-0.0777232 0.473447 -0.170458 4
-0.0673951 0.0361938 -0.00304756 3
-0.632504 0.759685 -0.350673 3
1.71318 -6.02545 1.69591 4
0.0207202 -0.306705 0.0576426 3
0.382881 -1.37503 0.264595 3
0.0307781 -0.262271 0.106077 3
0.502115 -2.2683 0.591865 3
0.287194 -0.766375 0.24436 3
0.026875 -0.105991 -0.0153399 3
0.0308187 -0.0387797 -0.0300688 3
0.0232248 0.102735 -0.00953953 3
0.174977 -0.0322645 0.0790155 3
0.131426 -0.0595656 -0.0524082 3
0.0519404 0.185102 -0.141295 3
-0.0555664 0.800869 -0.631065 3
-0.202078 2.16556 -0.912035 4
-0.144757 0.969265 -0.230334 3
-0.453377 3.14871 -0.500441 3
-0.369111 9.51653 -3.14336 4
