# 1 = ball
# 2 = lepton
# 3 = photon
# 4 = PID > 100
# 5 = neutrino
# 6 = other
-0.00162866 -0.00111921 0.00983079 3
6.87972e-05 -0.00184478 -0.0613427 3
-0.562283 0.537061 -0.360823 4
0.265661 0.27602 -0.226425 4
0.787909 -1.1865 -2.13899 4
0.615881 -0.422919 -0.378273 4
0.354296 -0.305326 -0.235215 4
-0.194436 -0.490622 0.0435666 4
-1.10845 -0.758734 -0.621055 4
0.540562 0.354953 0.295528 4
0.00650341 -0.116382 -0.764984 4
0.157266 -0.0521819 0.193439 4
-1.28382 -1.11799 -0.0363396 5
-5.69283 -1.92932 -1.90402 2
0.0640422 0.051487 0.0702277 3
0.138005 0.44514 0.300063 3
0.113875 0.752531 0.342983 3
0.602892 0.33017 -0.365835 3
0.123494 0.133003 -0.0555288 3
-0.302233 -0.115234 0.0449566 3
-0.312567 -0.054661 -0.0752262 3
0.409761 0.331552 -0.120229 3
1.67873 1.02387 -0.456954 3
-7.03409 -3.95379 -0.750392 4
2.17254 0.340569 0.963616 4
-1.07684 -0.679635 -0.271834 4
0.441058 0.656087 0.438518 2
4.40653 2.55363 2.33846 5
5.12453 3.02092 1.67758 4
-6.46138 -3.93841 -1.6627 4
-2.96837 -1.944 -0.869249 4
-4.05825 -3.27208 -0.941365 4
3.0968 1.34978 0.845511 4
10.0971 6.79641 5.84154 4
0.0226804 -0.072522 0.218979 1
0.575437 0.378839 0.309717 1
0.126871 0.0215333 0.0631043 1
0.357528 -0.00387473 0.480946 1
-0.183294 0.268352 -0.456944 1
-0.0347295 -0.0661941 -0.123597 1
0.540344 -0.0096315 0.311472 1
-0.65607 0.505121 -0.489346 1
-0.277488 -0.130042 -0.125025 1
-0.0517487 -0.440692 0.171056 1
0.000181267 0.0256289 -0.0938918 1
0.197945 -0.092387 -0.19413 1
0.0615789 -0.0245989 -0.280259 1
0.119438 -0.126737 0.0545647 1
0.000436265 -0.259203 -0.202933 1
-0.295814 0.39582 -0.197415 1
0.309974 0.106295 0.0474744 1
-0.175385 0.504534 0.0739839 1
-0.0789522 -0.355645 -0.0215136 1
-0.854958 0.893189 -0.758181 1
0.15546 -0.127822 0.100993 1
0.000241199 -0.00238503 0.00190626 1
