# 1 = ball
# 2 = lepton
# 3 = photon
# 4 = PID > 100
# 5 = neutrino
# 6 = other
-0.00145578 0.00152273 -0.00893719 3
0.864262 0.103888 -0.0591548 4
4.32169 1.46769 -0.113732 4
0.573092 0.27669 0.151542 4
0.981081 0.952818 -0.00955384 4
0.149337 0.741486 0.835996 4
0.717207 1.91963 1.40966 4
-1.16481 4.03201 2.26861 4
-1.55592 -0.224374 -0.0598549 4
-3.36028 -3.01169 -2.52409 4
-1.8476 -1.6548 -0.27256 4
5.56541 1.95019 1.03497 4
0.00680565 0.8767 0.137723 4
0.0484754 1.66841 0.951683 4
-0.391369 0.616637 0.279199 4
-6.80008 -4.46399 -2.18879 4
-2.14458 -1.48782 -1.11335 4
-9.74229 -7.35842 -2.58472 4
4.38254 1.07338 0.103074 3
7.81615 1.88278 0.361309 3
1.03945 0.202954 0.478069 4
0.751156 -0.0646762 0.0950407 4
0.317571 0.183329 0.174987 3
0.872808 0.276715 0.526901 3
-0.186432 -0.737455 -0.359208 3
0.022879 -0.12846 -0.0501072 3
-0.491943 0.361091 -0.106542 3
-0.125992 0.0833819 -0.0983581 3
0.200977 0.0070623 -0.00476121 3
1.31286 0.395879 -0.0358454 3
0.535023 0.795171 0.335052 3
0.366402 0.401364 0.257562 3
-1.19449 -0.766153 -0.542438 3
-2.08454 -1.48387 -0.837438 3
0.987395 0.208673 0.185348 3
0.559179 0.18415 0.0272885 3
-1.62962 -0.271733 0.938727 1
-0.0396712 0.126405 0.0692339 1
0.166868 -0.0785635 -0.0427982 1
-0.101926 0.279846 -0.138731 1
0.0351914 0.0156617 0.279956 1
0.0234936 0.00709762 0.036545 1
-0.19666 0.193475 0.262839 1
-0.0869771 -0.0279663 0.0438912 1
-0.0865133 0.246839 -0.0816772 1
0.595795 0.0616707 0.165704 1
0.0385162 0.0231739 -0.265289 1
0.105862 0.0846025 0.0443745 1
-0.124332 0.0575947 0.042592 1
