# 1 = ball
# 2 = lepton
# 3 = photon
# 4 = PID > 100
# 5 = neutrino
# 6 = other
-0.996083 0.113146 0.0578274 4
0.140998 0.244885 0.340757 4
-1.2002 -0.442423 0.838554 4
-0.245786 0.110063 0.50125 4
-1.93241 0.094843 1.44526 4
-2.67214 -0.776324 1.08541 4
-4.81242 -0.836178 1.71161 4
-6.00993 -1.00815 3.56707 4
-0.378528 0.10088 0.0507702 4
-0.282065 0.0444744 0.264467 4
0.56789 -0.00493663 -0.223408 3
0.300309 -0.0960226 -0.161888 3
-0.0876378 0.0601428 0.0159434 3
0.705024 -0.134348 -0.122368 3
0.000436909 -0.00312134 -0.00921676 3
-8.55277 0.529866 2.83662 4
-3.69738 0.115482 0.972813 4
0.00642921 0.00655483 0.0247995 3
-0.350414 0.0864835 0.100025 3
-0.110758 -0.026975 0.0586153 3
-1.14288 0.112522 0.386855 3
-2.16939 -0.0266144 1.14839 3
-0.0738714 0.118777 0.0501601 3
-0.0220013 0.177639 0.270134 3
-0.0771599 0.19282 0.122363 3
9.88869 0.803852 -4.49397 4
9.61174 0.338866 -4.75162 4
1.88048 -0.0355366 -0.883127 4
-5.82291 -0.00279952 2.34754 4
1.2162 -0.107635 -0.586804 3
2.64038 0.0900628 -1.39429 3
0.107374 0.0163613 -0.0471452 2
0.197318 0.0293533 -0.0828948 2
0.582192 -0.0402485 -0.151464 3
0.189201 0.0450378 -0.105698 3
5.31686 0.366282 -1.56277 4
0.86068 -0.122008 -0.224044 4
1.23387 0.0183921 -0.619094 3
5.19067 -0.15347 -2.77744 3
