# 1 = ball
# 2 = lepton
# 3 = photon
# 4 = PID > 100
# 5 = neutrino
# 6 = other
-0.0161256 0.971348 34.0801 3
-0.0111731 -0.00266046 -0.0135587 3
1.1086 2.07372 -3.59705 4
-0.350374 0.381264 -0.441045 4
0.760494 0.764287 -1.4237 4
-0.0742589 0.712513 -4.10423 4
-0.101149 -0.121766 -0.698056 4
0.00946396 -0.652631 -6.99682 4
-0.301813 -0.389586 -2.05465 4
0.0335946 -0.665672 -3.4448 4
-0.00357047 -0.0166144 -0.0205252 3
-0.252601 -0.121338 -1.87397 3
-0.258949 -0.31073 -4.22636 3
-0.0392645 -0.0408095 -0.892432 2
-0.0644474 -0.104257 -2.12227 2
-0.0124148 -0.0336551 -0.416797 3
-0.207636 -0.195727 -0.997505 3
-0.0565287 0.0151814 -0.411071 3
0.0515472 -0.0676624 -0.788436 3
-0.122412 -0.0963042 -0.4558 3
0.0256968 -0.0909868 -0.273689 3
0.0519955 -0.285037 0.29871 1
-0.392106 0.122137 -0.172939 1
-0.185119 -0.262075 -1.06296 1
-0.282569 0.014379 0.232623 1
-0.29685 0.0108779 -0.0440559 1
0.245083 -0.665519 0.400667 1
-0.133454 0.856415 0.725015 1
-0.0107944 -1.19171 -0.121863 1
-0.752716 -0.318766 -0.232847 1
-0.0881916 -0.971608 -0.736666 1
0.0911998 -0.0717736 0.0655507 1
0.0212813 -0.140507 0.00698265 1
0.0659503 -0.206462 0.349479 1
-0.460126 0.509731 -0.231891 1
-0.0659668 0.297411 0.102922 1
0.542369 -0.21667 -0.395505 1
0.0148468 0.0742325 0.21306 1
0.243293 0.0538409 0.759453 1
-0.0401535 0.1319 -0.0753988 1
0.46625 0.514952 -0.0975497 1
0.0788228 0.133192 -0.012012 1
0.203084 -0.130013 -0.101556 1
0.258026 0.12059 -0.100437 1
0.478993 0.501544 0.18224 1
-0.0288756 0.04932 -0.111683 1
-0.451503 -0.470063 0.0398295 1
-0.17992 -0.0327375 0.194752 1
0.106287 0.159408 0.208221 1
-0.0483473 0.0323046 -0.0104339 1
-0.0213594 -0.603982 0.109201 1
0.430883 0.0641936 1.00821 1
-0.0420801 -0.118743 -0.402296 1
-0.186439 -0.0923221 0.0336482 1
-0.166551 0.0458626 0.029054 1
0.432043 -0.122794 0.557839 1
0.275165 0.328754 -0.252118 1
-0.289128 -0.128184 -0.182609 1
