# 1 = ball
# 2 = lepton
# 3 = photon
# 4 = PID > 100
# 5 = neutrino
# 6 = other
-0.00162712 0.00138728 0.000191467 3
-2.30096 -2.17686 8.88417 4
-1.28883 -1.5797 4.59532 4
-1.25808 -0.896582 4.00204 4
-0.162903 -0.166552 0.425741 4
0.241427 0.234855 0.535282 4
0.556815 0.319871 -0.196896 4
0.922437 0.559907 -3.24591 4
1.18065 1.3584 -5.6342 4
5.09284 5.19649 -24.5794 4
-2.44205 -2.51616 10.8212 4
-1.40289 -2.39955 8.31962 4
0.538615 -0.186213 0.438272 4
-0.156119 0.520178 0.747977 4
-0.0558843 -0.316368 0.426871 3
0.0112962 -0.113499 0.313228 3
0.0105622 -0.00512499 0.0266308 3
-0.294048 0.0702195 0.163858 3
0.225748 0.0103351 -0.370268 4
-0.212054 0.210686 -0.726783 4
0.098284 -0.0488932 -0.422326 3
-0.0113493 0.0417186 -0.338911 3
0.361051 0.724868 -1.89249 4
0.0577795 0.0209737 -0.311775 4
0.0283441 -0.0208294 -0.0143548 3
0.0581964 -0.0518596 -0.491025 3
0.0700868 0.319716 -1.56326 3
0.124494 0.212544 -0.814706 3
-0.952264 0.558167 -0.0997705 1
0.257564 0.0225168 0.234517 1
1.34549 0.213822 0.166441 1
-0.0094321 0.131006 0.105301 1
-0.244289 0.10581 0.125524 1
-0.169497 0.0799639 0.101521 1
0.322578 0.128168 -0.297997 1
-0.541987 -0.563416 0.566396 1
