# 1 = ball
# 2 = lepton
# 3 = photon
# 4 = PID > 100
# 5 = neutrino
# 6 = other
0.0224389 0.0119256 -0.0607963 3
0.428085 0.548082 -0.731967 4
4.2879 3.42775 -5.932 4
2.71656 1.60263 -1.52782 4
-0.857935 -0.727696 1.60093 4
-0.450773 -0.301704 1.68393 4
-2.46332 -2.3863 5.34129 4
-2.24581 -3.36547 5.1649 4
1.18221 1.33448 -1.81971 4
-0.310847 0.0371012 -0.231228 4
-0.837476 -1.86693 0.480157 4
3.05364 2.27367 -3.30975 4
1.07254 0.770769 -1.18323 4
2.51581 2.39711 -3.31969 4
0.0456712 -0.0509543 -0.0807472 4
-0.212879 0.16319 -0.387374 4
-0.00306778 -0.0284316 -0.00281038 3
-0.820839 -0.674608 0.0732457 3
-0.163992 -0.109227 0.0738598 3
-0.23016 -0.369659 0.0807005 3
-0.764044 -1.19113 0.956291 4
-0.279844 -0.35439 0.141377 4
-0.35011 0.0339988 0.273007 4
-0.43254 -0.0298736 0.0750136 4
-0.487118 -0.525931 0.0564741 4
-0.278625 -0.128323 0.257572 4
-0.923283 -1.02071 1.32077 4
-1.45001 -1.34617 1.50772 4
-0.523123 -0.799167 0.468791 3
-0.11066 -0.0354535 0.109944 3
-0.130381 -0.244531 0.254945 3
-0.912585 -0.6278 -0.0261669 3
-0.483595 -0.284673 -0.101252 3
0.378194 0.260383 -0.435886 3
3.34768 2.66498 -4.46537 3
-0.180874 -0.117744 0.0528613 3
-0.0333634 -0.0730003 -0.0504958 3
0.0515522 -0.157221 -0.0223229 3
-0.0429797 -0.0637843 0.0542266 3
-0.100501 0.0764561 -0.00516695 3
-0.19597 -0.0447466 -0.00929734 3
0.00472808 -0.0208651 0.0162395 3
-0.619591 -0.560644 0.620769 3
-0.133936 -0.0368674 0.235888 3
-0.0243099 -0.113327 0.148297 3
-0.197716 -0.195169 0.594947 3
-0.396502 -0.336785 0.748032 3
0.278083 0.0913154 0.177313 1
0.425357 -0.123748 -0.339165 1
0.0161501 0.0810102 0.286295 1
-0.0368761 -0.304775 0.282957 1
-0.616737 -0.38286 -0.0225025 1
0.173669 0.414573 0.575717 1
-0.542529 0.36082 -0.549878 1
0.385852 0.587183 -0.103519 1
0.247451 0.262647 -0.113313 1
0.0928052 0.585956 0.264017 1
0.188234 0.0823012 0.174116 1
0.196363 -0.0512604 -0.0382514 1
-0.015869 0.943802 0.292498 1
-0.405749 -0.105971 0.0783394 1
-0.133408 0.004562 -0.160112 1
-0.127748 0.156329 0.0227245 1
0.0525767 0.275447 -0.264815 1
0.414583 0.211799 0.341154 1
-0.361382 -0.34346 0.230631 1
-0.495013 1.10652 -0.434893 1
0.373309 -0.229129 0.00713025 1
-0.937499 0.513051 0.746718 1
0.0148518 0.0776921 -0.209839 1
0.18352 -0.00494367 0.382338 1
0.239526 -0.0478902 0.270597 1
-0.776888 -0.249897 0.512269 1
1.00487 -0.984654 -0.830794 1
0.0591498 0.112749 -0.130721 1
-1.20415 0.609538 0.0895484 1
-0.795334 -0.315278 0.0665575 1
0.385127 -0.37661 -0.293816 1
0.259474 -0.370055 0.00159172 1
