# 1 = ball
# 2 = lepton
# 3 = photon
# 4 = PID > 100
# 5 = neutrino
# 6 = other
-2.19878 1.69271 -25.0421 3
-1.91736e-05 -1.10874e-05 -0.00044303 3
-3.4321 -1.08656 1.30272 5
-7.21657 -0.919269 3.6632 4
13.105 0.12464 12.5517 5
3.64102 0.192881 3.28424 4
-0.953512 -0.111017 0.403592 3
-3.1271 -0.609643 1.30717 3
-0.933 -0.189185 0.496926 3
-3.06117 -0.86771 1.60797 3
0.299418 -0.0499111 0.382686 3
0.465046 0.0907141 0.598758 3
0.306143 -0.0784286 0.471345 3
0.0486141 0.0430292 0.108869 3
0.0272813 0.291641 -0.0371534 1
0.174591 -0.0752373 -0.605215 1
0.36482 -0.0219784 -0.330272 1
0.258822 -0.0550965 -0.171415 1
0.380679 0.559008 -0.371206 1
-0.141879 0.53248 0.113068 1
-0.173833 0.0737087 0.309038 1
0.636638 1.15116 -0.346488 1
0.122445 0.178083 -0.171165 1
-0.355301 0.57269 -0.789673 1
0.00721516 -0.000857592 -0.00227287 1
-0.330508 0.169779 -0.0746331 1
0.492558 -0.451278 0.591847 1
0.38301 -0.955351 0.214794 1
0.304583 0.487856 -0.190449 1
0.974615 0.128468 -0.269167 1
-0.0363345 -0.0620707 -0.324083 1
-0.135101 -0.553705 -0.789609 1
0.571845 0.090015 -0.0929262 1
0.462567 -0.110711 0.0398503 1
0.148368 -0.0180253 0.0164436 1
-0.105207 -0.288584 0.314649 1
-0.235772 0.09618 0.0707748 1
0.0820064 -0.186384 0.1153 1
-0.681083 -0.578972 0.46518 1
0.0499188 -0.0140304 -0.0469077 1
-0.291585 -0.41381 0.985419 1
0.951322 0.528059 0.710338 1
0.339492 0.0485967 -0.470277 1
-0.487801 -0.200308 -0.284665 1
-0.0780203 0.211127 -0.118734 1
-0.501734 0.631699 0.264121 1
-0.121611 0.00360312 0.138911 1
