# 1 = ball
# 2 = lepton
# 3 = photon
# 4 = PID > 100
# 5 = neutrino
# 6 = other
-0.00057043 -1.87029e-05 -0.000475125 3
0.891092 -1.60458 -1.05673 4
0.221789 0.495371 -0.511866 4
-0.522757 0.611567 0.200283 4
0.157208 0.250596 0.216933 4
1.81404 -2.26293 -0.738052 4
1.70506 -2.04509 -1.43408 4
1.58592 -2.68032 -1.00282 4
-0.0633444 -0.0250723 0.0392188 4
0.323147 -0.221927 -0.875147 4
-0.197962 -0.220291 -1.58129 4
0.0734288 -0.402622 -0.347376 4
0.627128 -0.21793 -1.94952 4
-0.342282 0.896809 0.224788 4
-1.93421 2.67993 1.76719 4
-16.9498 22.1258 17.1787 4
4.58244 -5.56683 -2.78588 4
-0.0413683 -0.110448 -0.290877 3
0.108841 -0.298379 -0.722673 3
-0.261685 -0.303393 -0.129645 3
-0.0883348 -0.0124773 -0.0175815 3
3.36795 -4.33696 -2.09663 3
4.61035 -6.13395 -2.81869 3
0.305483 0.225776 -0.737137 3
0.0547194 0.0693188 -0.352052 3
-0.112423 -0.0367559 -0.179511 3
-0.0305268 -0.0381382 0.0160839 3
0.0580808 -0.0536533 0.329685 1
0.10721 0.0189593 -0.0147064 1
-0.0567791 -0.0399005 -0.0381289 1
-0.105088 0.0291239 0.0590718 1
0.0734189 0.0685111 0.0818658 1
-0.212561 -0.0679302 0.120766 1
0.0283657 -0.147587 -0.0961732 1
-0.0280029 -0.0329702 0.00264105 1
0.0113823 -0.125503 -0.201277 1
-0.192749 -0.133593 -0.0777037 1
-0.0332035 0.098525 -0.090708 1
-0.0422086 -0.0984961 -0.077979 1
0.0577668 -0.139 0.0806505 1
0.0197534 -0.0987333 -0.0515979 1
0.0947963 0.213219 -0.0189889 1
-0.169855 -0.0889701 -0.572715 1
-0.0365521 0.13276 0.0266227 1
-0.238558 -0.183059 0.0161976 1
0.163898 0.0993306 0.257045 1
0.0270746 -0.0114108 0.0648014 1
0.318749 -0.310466 -0.139866 1
-0.100886 -0.138096 0.244041 1
0.204488 0.145859 -0.0492895 1
0.219981 -0.0353102 0.0515207 1
-0.0659729 0.0173961 -0.0659263 1
-0.00689199 0.13648 0.207203 1
0.0710758 -0.0647082 0.0208126 1
0.0458227 -0.0194138 -0.039665 1
-0.0231886 0.0136729 0.0209588 1
-0.253318 0.0390449 0.127051 1
0.148528 -0.148633 -0.0959674 1
-0.0129113 -0.125174 -0.00623392 1
-0.00938679 0.0883283 -0.0717772 1
-0.0265434 -0.0135183 0.230626 1
-0.0372858 -0.113396 -0.146403 1
0.0160094 -0.00431584 -0.019299 1
0.102934 0.160256 0.0762008 1
-0.172096 0.11782 -0.0671755 1
0.0511378 0.171 -0.130509 1
0.120449 -0.194982 0.0391778 1
-0.000200561 0.00143883 2.60002e-05 1
