# 1 = ball
# 2 = lepton
# 3 = photon
# 4 = PID > 100
# 5 = neutrino
# 6 = other
-0.705536 0.33179 3.39798 3
0.000526108 0.000258402 -0.000594496 3
0.767521 0.254897 -0.676534 5
12.9202 2.46962 -16.5732 4
-17.5989 -3.50121 19.0408 5
-1.37349 -0.581871 1.75519 4
10.578 1.4161 -13.9244 3
1.44458 0.165768 -1.82948 3
-7.91837 -1.84346 9.05247 4
-0.0453209 0.347404 0.40679 1
0.0794114 -0.0974349 0.10644 1
0.0951145 -0.137624 0.238546 1
0.0374081 -0.224387 -0.121834 1
1.68205 0.646724 -0.123319 1
0.206278 -0.313454 -0.266414 1
-0.350676 0.181923 0.0655177 1
0.363001 0.750363 -0.376335 1
0.0274065 -0.0138477 -0.0204329 1
-0.209227 0.148442 -0.151136 1
