# 1 = ball
# 2 = lepton
# 3 = photon
# 4 = PID > 100
# 5 = neutrino
# 6 = other
2.64631 -8.06221 36.9713 2
-2.47518 0.476105 -35.6481 2
-0.0218649 0.00420732 -0.314887 3
0.00262867 -0.00801005 0.0367342 3
0.000247384 -0.000752362 0.00345138 3
-1.94863 3.31299 -1.77596 4
-0.763521 1.49395 -0.096616 4
-0.0124353 0.784217 0.0321654 3
-0.0685572 0.427103 -0.0611781 3
-0.165921 0.0381949 0.0137175 1
0.88104 0.544426 -0.798407 1
-0.461622 0.0993117 -0.0515648 1
0.0772886 0.077912 0.0845357 1
0.290248 -0.182501 0.518152 1
0.194488 -0.141653 0.0894119 1
0.387239 0.0311178 0.206598 1
-0.0766099 -0.430516 -0.112215 1
0.61037 0.123581 0.112266 1
0.0246005 -0.102658 -0.288037 1
0.267151 0.137602 0.0623784 1
0.603893 -0.0900382 0.291291 1
-0.0774064 0.0342594 -0.164168 1
0.309991 0.404198 -0.440888 1
-0.105239 0.471398 0.523119 1
-0.0851701 0.669711 1.00333 1
0.256999 -0.0712769 -0.209819 1
0.0398466 -0.084405 -0.0271871 1
-0.00157533 -0.316191 -0.233631 1
-0.328614 0.359929 0.274192 1
