# 1 = ball
# 2 = lepton
# 3 = photon
# 4 = PID > 100
# 5 = neutrino
# 6 = other
1.54531 -0.744858 0.821205 3
-0.588913 0.370395 0.229685 4
0.770941 -1.81859 1.76873 4
0.00824792 -0.0983461 1.40864 4
1.52623 -0.515953 -0.327836 4
0.393806 0.313506 -0.0599263 4
-0.487127 -1.30642 1.25526 4
0.314206 -0.854611 1.10722 4
2.14141 0.00100766 -1.76846 4
1.10096 0.801925 -0.595078 4
-0.0452455 -0.0103673 0.0644054 3
-0.323958 -0.239074 0.286004 3
-2.2621 -1.2728 1.99736 3
0.000506133 0.254762 0.299899 3
0.0277658 0.00279463 0.00423883 3
0.283551 -0.0460485 0.0224403 4
0.596799 0.309833 0.286001 4
0.327084 0.210179 0.150022 3
0.526535 0.0790516 -0.530122 3
0.546903 -0.0548665 -0.565942 3
0.476482 0.484831 -0.677284 4
2.62988 2.28166 -3.37816 4
2.62951 2.08784 -2.99149 4
-0.183188 -0.854919 1.46113 3
-0.232256 -0.691717 1.04987 3
-0.113523 -0.244609 0.548945 3
0.0265319 -0.0120861 0.106113 3
0.151666 0.102027 -0.322378 3
0.144398 0.0761323 -0.648848 3
-0.80654 -0.212621 -0.352421 5
-2.59657 0.0114556 2.32176 2
-0.0216671 -0.140665 -0.0297752 3
-0.00262227 0.0137911 -0.0604764 3
-0.0309963 0.0180809 -0.0357358 3
-0.0991611 -0.118398 0.0506801 3
-0.075983 0.0202647 -0.0406234 3
-0.255017 -0.164304 -0.169685 2
-0.0406421 -0.0265451 -0.0288278 2
1.27522 1.23928 -2.34909 4
2.2335 0.68819 -2.28489 4
0.298891 0.0121312 -0.326539 4
3.55767 3.19927 -4.21167 4
0.284812 0.245628 -0.509531 3
0.102023 0.0765397 -0.0676244 3
0.885599 0.864576 -1.17923 3
0.81052 0.722081 -0.879334 3
-2.20384 -0.462164 1.5125 4
-0.686961 -0.260407 0.292005 4
-0.078175 -0.0628343 0.0568644 3
-0.772843 -0.153011 0.396864 3
-11.0487 -2.55406 5.28013 4
-0.221938 0.0208802 0.151955 3
-0.4109 -0.142671 0.343251 3
-1.0422 -0.207593 0.479115 3
-0.168626 -0.0240115 0.139625 3
0.0833678 -0.00135832 0.0924731 1
0.065745 -0.0121092 -0.0378098 1
0.0928739 -0.171381 -0.00404272 1
0.270178 -0.105641 0.0548387 1
0.0448742 0.090759 0.0412366 1
-0.0113608 -0.080152 -0.0171555 1
-0.00804591 -0.0555628 -0.0257566 1
0.113328 -0.205154 0.111179 1
-0.11812 0.163776 0.0434761 1
0.0663858 0.080621 -0.204037 1
-0.283195 0.058246 0.0105604 1
-0.12135 0.105894 -0.0209894 1
-0.63507 -0.223178 0.381521 1
-0.0232558 0.129256 -0.139665 1
0.0403658 -0.0125416 -0.00995745 1
0.0496773 -0.226636 -0.108192 1
-0.114638 -0.0736686 0.2959 1
0.0638089 -0.0709158 0.0768748 1
-0.17713 -0.0824229 0.170979 1
0.0431333 -0.0882311 0.109329 1
0.0305074 -0.0859875 -0.173177 1
-0.0948376 -0.0748019 -0.272373 1
-0.0867831 0.127976 0.000671236 1
-0.0228922 0.189107 -0.0284615 1
0.0758412 -0.160634 0.014003 1
0.019292 -0.12535 0.0781059 1
-0.305002 0.0153175 0.0910224 1
-0.315585 -0.133873 0.284862 1
-0.0111765 0.0550361 0.0230227 1
0.198063 -0.0764785 -0.159499 1
0.065363 -0.00799594 -0.289458 1
-0.103155 0.0432982 0.0246715 1
-0.057891 0.0416584 -0.00121422 1
0.066661 -0.164224 0.1649 1
-0.0280321 -0.054769 0.185021 1
0.0782203 -0.0975909 0.0486417 1
0.0362055 -0.0355101 -0.132854 1
0.103307 -0.00616196 -0.0851967 1
0.0519557 0.0121521 -0.0855999 1
0.0396721 0.103582 -0.00795666 1
0.00140479 0.00208592 -0.000857764 1
