# 1 = ball
# 2 = lepton
# 3 = photon
# 4 = PID > 100
# 5 = neutrino
# 6 = other
-0.00834595 -0.0249907 0.273836 3
-0.00959994 -0.00324727 -0.0211733 3
-3.95257 9.48522 15.1653 4
-1.22186 1.44588 3.27233 4
-0.117508 0.892237 0.970049 4
-0.277805 -0.183886 0.480376 4
-0.499315 2.26914 3.0001 4
-0.550401 -0.402274 0.0484764 4
0.212863 -0.830021 -2.11123 4
0.914014 -1.91841 -3.28187 4
2.31045 -4.27886 -7.83244 4
-1.16024 1.67946 2.43637 4
0.361514 -1.12696 -1.42727 4
-0.0522972 0.0254595 -0.29839 4
0.619193 -1.63699 -3.76085 4
-1.24126 3.19904 5.55571 3
-0.349442 0.836634 1.59636 3
0.331786 -1.1624 -0.697794 3
-0.0126347 -0.0311739 -0.0135853 3
0.0432287 -0.0652333 -0.140107 3
3.65527 -7.7603 -14.0253 3
0.11132 0.050611 0.267228 1
-0.0247722 -0.596379 -0.145584 1
0.233164 -0.283453 -0.291102 1
0.265957 0.149949 0.212318 1
-0.288905 -0.544221 0.326948 1
1.30733 0.397136 -0.175077 1
0.0191502 -0.0304319 0.0192317 1
0.142767 0.502731 -0.439182 1
-0.392497 0.137155 0.280865 1
0.00411284 -0.297943 0.0227731 1
-0.145832 -0.190838 -0.111927 1
-0.276808 0.438992 0.441202 1
-0.0458515 -0.118745 0.083049 1
0.0162338 0.0914631 -0.0565688 1
0.876142 -0.688494 0.0463169 1
-0.12877 -0.071891 0.122802 1
-0.0381691 0.0220178 0.272851 1
0.127542 0.42177 0.232523 1
-0.755436 0.201551 -0.296177 1
-0.00172735 0.000701835 -0.00139414 1
