# 1 = ball
# 2 = lepton
# 3 = photon
# 4 = PID > 100
# 5 = neutrino
# 6 = other
-0.00933333 0.0013672 0.430723 3
-3.12556e-05 -0.00131586 -0.00899052 3
-0.373801 0.316953 -0.105851 4
0.111235 -0.0818098 0.517822 4
-1.36167 0.773199 -3.66519 4
-0.2431 -0.104626 -1.08542 4
-0.00281709 0.118574 -0.768236 4
-1.06949 0.337492 -1.36488 4
0.110769 0.0629609 0.0118524 4
-0.0273476 -0.00019077 0.265465 4
0.924194 -0.833194 2.97669 4
2.12189 -2.27046 8.13689 4
-0.0545934 -0.394439 0.947389 4
0.54693 -0.882923 0.411316 4
1.01802 0.033099 0.678146 4
0.536505 -0.676776 3.80554 4
0.0408596 0.0647159 0.0464221 3
0.0658853 -0.0222343 -0.0537557 3
0.404645 -0.435362 1.83687 3
0.0584709 -0.0668861 0.232559 2
0.691115 -0.783464 2.71738 2
0.828474 -1.64839 5.49861 2
1.20661 -0.729729 3.39604 5
-0.0756227 -0.211191 -0.567265 3
-0.105488 -0.0398747 -0.247879 3
-0.501606 0.0674423 0.00717025 3
-0.577839 -0.0388331 -0.0778333 3
-0.00950952 -0.00638242 0.0153874 3
0.3699 0.138029 0.746148 3
-1.63484 2.68078 -7.52604 4
-2.26579 2.35003 -7.65024 4
-0.858796 1.55151 -3.57349 4
-2.89784 3.39607 -11.1343 4
0.494206 -0.767432 2.23632 4
0.206824 -0.313368 1.15692 3
0.680765 -0.967018 2.94577 3
0.0335458 -0.51779 -0.332643 1
0.50726 0.111237 -0.141184 1
0.0463492 -0.264482 0.131248 1
0.034962 0.0316156 -0.288933 1
0.0552926 0.0296028 -0.247458 1
0.719158 0.0589723 0.24298 1
0.218552 0.0107202 -0.86036 1
0.237615 -0.0399759 0.254844 1
-0.0386529 0.138664 -0.0837482 1
0.336715 -0.281302 -0.0687529 1
-0.49859 0.10642 0.205942 1
