# 1 = ball
# 2 = lepton
# 3 = photon
# 4 = PID > 100
# 5 = neutrino
# 6 = other
0.377065 -0.206151 -0.0159808 4
-3.73771 1.94488 -2.53143 4
4.2472 -2.12235 1.30818 4
2.51964 -1.00549 0.868853 4
-0.0665508 -0.0527229 0.121031 4
1.56666 -0.28376 -0.0324487 4
-0.0211975 -0.328579 -0.308157 4
0.455115 -0.272532 -1.20359 4
-0.296289 0.912561 -1.04121 4
0.486071 0.136411 0.288202 4
-0.0221661 0.546233 -0.366513 4
-0.216688 -0.00365335 0.359456 4
0.0538237 -0.164045 -0.0384431 3
0.0518225 -0.12846 -0.177218 3
-0.0833713 0.0590301 -0.0107973 3
0.290992 -0.202229 0.185409 3
-0.0709687 -0.162338 0.00761483 4
-0.0978079 0.0825405 -0.156018 4
0.222398 -0.0506454 0.192452 3
0.18745 -0.0708877 0.0482676 2
0.0789912 -0.0337153 0.0307118 2
-0.053387 -0.00721398 -0.0294098 3
-0.0149071 -0.0680603 -0.310398 3
0.293848 -0.438374 -0.141585 3
0.0242868 -0.00299042 0.0144105 3
0.0311059 -0.101886 -0.147909 3
0.0784697 -0.259341 -0.0985954 3
-1.00458 0.609301 -0.65591 4
10.8573 -7.06977 7.24388 5
1.44349 -1.32862 2.54698 2
0.214688 -0.0607733 -0.049959 3
0.100417 -0.145775 -0.0324379 3
-0.981211 0.418083 -0.926239 4
-4.80855 2.09029 -1.7078 4
-2.78724 1.08629 -1.88713 4
-3.6558 2.17131 -1.95056 4
-0.811961 0.271076 -0.940145 4
0.314483 -0.180893 0.193097 4
-8.00648 4.14347 -3.75344 4
-0.0796312 0.0950187 -0.0934206 3
-0.206006 0.02579 -0.0595485 3
-1.61545 0.977014 -0.473814 3
-0.656396 0.303449 -0.157331 3
0.243701 -0.250927 0.0683127 4
0.596598 -0.399623 0.4052 4
0.740888 -0.492078 0.67506 4
1.22354 -0.844072 0.526749 4
2.00603 -1.41337 1.14844 3
0.233043 0.0255481 0.148854 3
0.0529363 0.636443 4.77055e-05 1
0.291347 -0.216658 0.34119 1
0.605518 0.184749 0.102108 1
0.13845 -0.392177 0.134549 1
0.244137 -0.0740787 -0.0452544 1
0.982516 1.19367 0.562176 1
-0.204421 0.173893 0.81902 1
0.0346355 0.163477 0.00984644 1
0.257638 0.0744869 0.26019 1
-0.659808 -0.507167 -0.502705 1
-0.0380004 0.16091 0.0354208 1
0.181721 0.0423974 -0.449022 1
-0.387283 -0.0144518 0.195473 1
-0.201972 -0.480521 0.403604 1
-0.502195 0.564631 0.814012 1
-0.439351 0.747295 0.240646 1
-0.000610631 -0.0038726 -0.00501264 1
