# 1 = ball
# 2 = lepton
# 3 = photon
# 4 = PID > 100
# 5 = neutrino
# 6 = other
-0.00189176 0.00145822 -0.0633752 3
-0.813572 1.17675 -0.8596 4
-3.89197 5.04345 -6.74907 4
-1.31918 3.7847 -3.40262 4
11.389 -17.4209 20.9714 4
-0.828766 2.24042 -2.81845 4
-0.31831 0.521073 -0.512721 4
0.194323 0.323709 -0.249984 4
-0.257232 0.0891059 0.158567 4
-0.116893 -0.175851 0.0954916 4
2.41657 -3.84158 3.2417 4
-1.43469 3.25166 -2.77243 3
-0.498372 0.98493 -0.922019 3
-0.348074 0.721212 -0.486114 4
-0.348844 0.959737 -1.15631 4
-1.74394 1.06857 -1.86571 3
-0.118113 0.0549475 -0.163882 3
-0.618713 0.618941 -1.16023 4
-0.260018 0.11585 -0.163912 4
-0.0925788 -0.198794 0.251252 3
0.765545 -0.992549 1.65246 3
-0.0140613 0.0215013 0.000405382 3
0.00480611 -0.0422683 -0.308759 3
-0.122409 0.0222495 -0.34052 3
-0.142776 -0.125707 -0.579851 3
-0.37899 0.388597 -0.358323 3
-0.495612 0.311348 -0.360055 3
-0.0205154 0.130244 -0.407381 3
-0.0106612 -0.0345803 -0.130695 3
0.510174 -0.274164 -0.0828247 3
0.0898698 -0.0111013 -0.0575305 3
0.512265 -0.863598 1.39658 3
0.485266 -1.09396 1.59218 3
-0.883435 2.41131 -2.14183 3
-0.0200172 0.146173 -0.114574 3
-0.652137 0.401837 -0.663028 3
-0.805527 0.455378 -1.00195 3
-0.138309 0.213148 -0.20399 1
-0.00304807 0.00556394 -0.00276718 1
0.0185403 0.0503106 0.0359798 1
-0.023755 -0.0270009 -6.45359e-05 1
-0.0511839 -0.019549 -0.0435624 1
-0.00421625 -0.0287314 -0.0142549 1
-0.0339365 -0.110086 -0.118324 1
-0.0083235 0.0914953 -0.0144261 1
0.0225585 0.187746 -0.105181 1
0.124431 -0.0191222 0.0255872 1
0.132306 -0.0627612 -0.0173657 1
-0.0602568 0.0494598 0.0906999 1
0.2035 0.0865225 -0.016676 1
0.113016 -0.00289126 0.201523 1
-0.0121415 -0.131026 -0.0393755 1
-0.0684776 -0.188003 0.219987 1
-0.18264 -0.0487933 0.135546 1
0.00972281 0.00882206 -0.00432018 1
0.145759 0.093123 0.0530559 1
0.141861 -0.091421 0.203907 1
0.088254 -0.0143693 0.0249034 1
-0.119876 -0.121359 0.0501972 1
-0.103989 -0.0914563 0.0734986 1
-0.000306811 0.000275422 -0.000864158 1
