# 1 = ball
# 2 = lepton
# 3 = photon
# 4 = PID > 100
# 5 = neutrino
# 6 = other
-0.00712794 0.00259372 0.060931 3
0.000488893 0.000731766 -0.000151935 3
-4.19692 0.461462 -5.9987 4
-5.36196 0.0671982 -6.53653 4
-1.64743 0.157243 -2.51262 4
2.9697 0.0667424 3.45726 4
2.88169 -0.0639827 2.8483 4
1.00081 -0.138238 0.800609 4
-5.38161 0.628484 -8.266 4
-4.18737 1.555 -6.97669 4
0.330557 0.368588 1.36855 4
5.28744 -0.996505 5.51977 4
-1.14726 -0.360249 -0.650317 3
-0.172468 -0.0816852 -0.0526154 3
-0.779399 -0.0727261 -1.18417 4
-0.503599 0.150431 -0.416278 4
0.387242 0.158118 0.0661117 3
0.244841 0.178909 0.140247 3
0.111902 0.0044284 0.222983 3
2.71689 -0.25399 6.80021 3
0.3274 -0.166129 1.87372 4
0.244921 0.0543686 0.434564 4
0.390839 -0.213857 0.257739 4
0.225118 -0.0994078 0.579248 4
0.779404 -0.186173 0.931795 3
1.87371 -0.490668 2.29748 4
1.64481 -0.2718 1.76954 4
1.4704 -0.459408 1.87338 3
0.649386 -0.240802 0.979137 3
-1.16895 0.219602 -1.48158 3
-0.24847 0.0487937 -0.224769 3
-0.0474514 -0.219302 0.308985 3
0.0210459 -0.031931 0.187125 3
-0.0755203 0.0486438 -0.126512 3
-0.0237669 0.141759 -0.514667 3
-0.0654749 0.0465202 -0.332195 3
-0.0288416 0.0222845 -0.00129314 3
-0.081727 0.131888 -0.137783 3
0.00716788 0.273787 -0.373113 3
-0.214373 -0.126929 -0.207499 3
0.00868931 -0.032365 0.00224369 3
-0.0498894 0.0899333 0.343828 3
-0.0220661 -0.0500795 0.217554 3
0.06285 0.0145644 -0.00316465 3
0.336835 0.0669816 0.253938 2
0.15583 0.0317136 0.116868 2
0.768082 -0.463764 1.88325 4
0.513626 0.0292217 0.401281 4
