# 1 = ball
# 2 = lepton
# 3 = photon
# 4 = PID > 100
# 5 = neutrino
# 6 = other
-0.0821218 0.0334166 9.38856 3
-1.46257 -2.78332 -4.0937 5
-2.52802 -6.81861 -11.6029 4
2.8103 6.95544 8.6469 5
1.54566 4.54502 5.41183 4
-1.28977 -2.58325 -3.91801 3
-1.40081 -2.54983 -4.07168 3
-0.884138 -1.6854 -2.79168 3
-0.531994 -1.13346 -1.67412 3
0.0193972 0.125191 0.142052 3
1.19424 3.17441 3.75958 3
0.171473 1.10611 1.08428 3
0.127353 1.47435 1.60342 3
0.609765 0.482781 0.295783 1
0.683796 -0.556541 0.412222 1
-0.0410064 -0.0450396 -0.0136671 1
0.24761 -0.226223 -0.174716 1
-0.512006 -0.201721 -0.21924 1
-0.423117 0.497524 -0.637182 1
0.937495 0.471209 0.525084 1
-0.12536 0.411962 0.271334 1
0.149444 -0.227313 0.0520725 1
0.041033 -0.226295 0.329011 1
-0.00604091 0.0672157 0.0471528 1
0.05032 0.190776 -0.0987009 1
-0.17139 -0.000126396 0.133166 1
0.403735 0.717145 -0.159503 1
-0.235171 0.259454 0.587517 1
-0.16067 0.355954 -0.174247 1
-0.341771 -0.344143 0.317852 1
0.101032 -0.670498 -0.725429 1
0.490101 0.0158969 -0.661904 1
0.567646 -0.484405 -0.60275 1
-0.907277 0.0831626 0.0447694 1
0.424382 0.585107 0.805472 1
0.340744 -0.202594 -0.546379 1
0.220959 -0.460052 -0.690311 1
-0.174721 -0.249598 -0.300068 1
0.461072 -0.164324 -0.134097 1
0.467312 1.0446 -0.0613625 1
0.195368 -0.33371 -0.105667 1
-0.601405 -0.900333 -0.376632 1
-0.376344 0.250324 -0.0278257 1
-0.00453015 -0.000274288 0.00369419 1
