# 1 = ball
# 2 = lepton
# 3 = photon
# 4 = PID > 100
# 5 = neutrino
# 6 = other
-0.0963036 0.00481339 -0.0764804 3
0.00118498 0.00936857 0.041366 3
-7.43945 -0.564001 -1.71151 4
-8.30806 0.473519 -1.91622 4
-0.702672 -1.47138 0.373093 4
-0.592643 0.47739 -0.27427 4
1.66954 -0.750847 1.52245 4
5.56565 -0.192334 2.01825 4
0.746566 -0.0900227 -0.0204829 4
7.07363 0.292154 -0.482865 4
-7.2694 0.399686 -0.241749 4
-0.685363 -0.135318 0.0334383 4
-0.895051 -2.03749 1.61519 4
-0.068147 -0.0988497 -0.120395 4
0.267933 0.137155 0.252605 4
4.07036 1.22016 -0.268116 4
0.438793 0.0845574 -0.232352 4
5.73466 0.602169 -0.58742 4
8.57619 1.27386 -1.4573 4
3.42369 0.215587 -0.542268 4
-0.0812053 -0.182679 0.726395 4
-4.52508 0.358054 -1.27698 4
-4.7206 0.75954 -0.956242 4
-2.46584 -0.257054 0.136139 4
-0.337776 0.124665 -0.168027 4
1.26681 -0.545064 1.18382 3
0.372951 0.0747425 0.602583 3
0.414972 -0.191983 0.717201 3
0.822622 -0.406237 1.11498 3
-0.00730602 0.0540774 0.183647 3
-0.0530342 -0.0644122 0.118105 3
0.171275 0.212078 0.0314503 3
0.170656 0.0585433 0.0677647 3
-0.562074 0.0533481 -0.0928473 3
-0.357759 0.0290201 -0.171844 3
-1.38875 0.0661096 -0.0732413 3
-0.230979 0.00707345 -0.0678699 3
