# 1 = ball
# 2 = lepton
# 3 = photon
# 4 = PID > 100
# 5 = neutrino
# 6 = other
-1.1599 -0.887275 1.93508 4
1.50694 1.58986 -2.69588 4
-0.501514 -0.430303 0.842792 4
-0.57284 0.620249 0.278952 4
0.962729 0.726948 -1.40924 4
-5.26239 -4.00492 7.52975 2
-8.28129 -7.0724 10.9021 5
-0.517988 -0.508076 0.620664 3
-0.776325 -0.949223 1.20229 3
-1.89395 -1.27222 1.69043 3
-0.277038 -0.15715 0.293576 3
0.328026 0.256943 -0.226423 3
0.283165 0.121692 -0.0765839 3
-0.151654 0.230774 0.00664784 4
0.209926 0.222113 -0.213881 4
1.1941 0.92345 -1.70735 4
-0.438615 -0.624348 1.30983 3
-0.0994933 -0.254005 0.380236 3
0.47814 0.473786 0.00162012 3
0.302988 0.444629 -0.0616136 3
-3.66636 -3.04805 5.92535 4
0.0320932 -0.0694199 -0.0328297 3
-0.100956 -0.0331566 -0.0580086 3
15.2524 10.7651 -22.2106 4
1.65084 1.58986 -2.32789 3
1.49897 1.34515 -1.899 3
