# 1 = ball
# 2 = lepton
# 3 = photon
# 4 = PID > 100
# 5 = neutrino
# 6 = other
0.0680434 0.145447 -0.161017 3
-0.00853634 -0.0347417 4.34954 3
0.00551424 -0.0167467 -5.24706 3
0.121142 -0.270114 0.418388 4
0.181025 -0.309426 -0.0018671 4
-0.0966645 -0.195817 -0.222773 4
0.0279406 0.044527 0.0339628 4
-0.185415 -0.00404701 0.0988908 4
-0.296159 -0.0527725 -0.534914 4
0.527747 1.26458 -2.64536 4
-0.672867 1.11165 -1.23337 4
-0.130008 0.539226 -1.38955 4
-0.627501 0.341849 -1.65106 4
0.0960985 -0.272725 -0.354308 4
0.0750448 -1.26773 0.62241 4
0.206884 0.451152 -0.135857 4
0.121574 -0.0829945 0.34782 3
0.271291 -0.333827 1.00367 4
0.146341 -0.367156 0.524352 4
-0.0982905 -0.300908 0.0136087 4
-0.287503 0.140627 0.0128014 4
-0.0113107 0.688585 -1.16966 3
0.166833 1.51324 -2.4727 3
-0.20272 0.152673 -0.176671 4
0.0928619 0.0149687 0.212602 3
-0.0388363 0.0291217 0.242531 3
-0.00735687 0.464894 -0.707327 3
0.11049 0.430011 -0.787531 3
0.0486915 0.164061 -0.304869 3
0.436545 0.560038 -1.11361 3
0.0964077 -0.0710416 0.186263 3
1.18803 -1.45851 2.48898 3
-0.0753044 -0.0272651 0.135919 3
-0.224368 -0.0546988 0.082228 3
-0.673778 1.12736 -0.924903 5
0.15855 -0.169427 0.287313 4
-0.0242017 -0.306373 0.50464 4
1.10965 -0.693521 1.9493 3
0.253623 -0.248334 1.21611 3
0.405496 -0.276016 0.67613 3
0.00864367 0.000994909 0.0748735 3
0.630387 -0.699048 2.27406 4
-1.1372 -0.507355 -1.34736 5
-3.684 1.158 -4.25934 4
-0.499818 0.227047 -0.496035 4
1.35898 -0.791125 2.44923 4
1.13447 -0.835199 2.41784 3
0.555584 -0.363045 1.31743 3
0.150109 -0.0657416 0.110031 3
0.0455312 -0.109488 0.187204 3
1.54977 -1.35012 4.58085 4
1.37062 -0.481796 3.00176 4
0.193671 -0.09087 0.37762 3
0.0729872 -0.155843 0.24578 3
-0.106402 0.0439298 -0.277916 3
-0.411671 0.15383 -0.533153 3
-2.55509 1.01811 -3.68445 4
-0.179724 0.0985125 -0.391565 3
-0.0427478 0.0662208 -0.0845014 3
-1.80375 1.68403 -2.02733 3
0.0160308 -0.0494071 0.0770119 3
1.32152 -1.51607 2.57598 3
-0.162968 -0.0795985 0.0556082 1
-0.0672198 0.108902 0.113416 1
0.0111603 0.0540322 -0.0479372 1
-0.0456089 0.024691 -0.0244952 1
0.0572037 -0.0389053 -0.0197033 1
-0.111166 -0.0019524 -0.037388 1
0.214459 -0.187711 0.0550288 1
-0.0450281 0.00178025 0.0244776 1
0.0194328 0.0158681 -0.0443451 1
0.0406353 -0.0391382 0.028556 1
-0.117387 -0.00889411 -0.241593 1
-0.14463 -0.114029 0.0568219 1
-0.0200279 0.0309688 0.0240247 1
0.11404 -0.204564 -0.0711012 1
-0.138308 0.147467 -0.00184874 1
-0.0220894 -0.0534366 0.0234467 1
-0.123883 0.227098 -0.0983512 1
-0.151898 0.0587658 0.00922902 1
0.271805 0.0537374 0.14156 1
-0.0228376 -0.0466198 -0.0779748 1
0.201037 0.246479 -0.629731 1
0.000393263 -0.000315126 0.00123227 1
