# 1 = ball
# 2 = lepton
# 3 = photon
# 4 = PID > 100
# 5 = neutrino
# 6 = other
-0.270717 -6.3156 -0.378497 4
-0.0672559 -5.09399 -0.153228 4
0.545688 -4.29349 0.244045 4
-0.291803 -1.28136 -0.2366 4
0.875667 -1.63407 0.644206 4
0.44559 0.0189513 -0.00624041 4
-1.03751 8.53197 -0.814994 4
0.0514303 0.488441 -0.138123 4
-0.271127 8.50001 -0.154415 4
-0.041732 -1.6491 -0.57271 4
0.577954 -2.29275 -0.449094 4
0.157636 -0.922939 -0.418503 4
0.102746 0.0573147 -0.275116 4
-0.00406044 -0.448316 0.42107 4
-0.821438 6.40687 -0.887272 4
0.0138405 -2.67557 -0.364953 4
-0.578296 -4.38967 0.917013 3
-0.158311 -1.68845 0.29608 3
0.0495206 -0.0717255 0.0101445 3
0.937018 -2.58806 0.0402414 3
-0.224058 0.135558 -0.0533145 3
-0.135033 0.115079 0.0717164 3
0.12292 -0.19356 0.304865 3
0.0108283 0.0176483 0.0783029 3
-0.0238907 0.1583 -0.0427086 3
-0.432728 0.817106 -0.345782 3
0.0240072 0.02084 0.0201941 3
-0.38822 0.227355 -0.301899 3
-0.0636271 0.116675 -0.0682709 3
0.22525 -0.258951 -0.111116 3
0.0798477 -0.0671153 0.0388669 3
-0.136031 -0.282288 0.0591745 3
-0.00885465 -0.313772 0.0927195 3
-0.251703 -0.169837 -0.155688 3
-0.23622 -0.0936371 -0.0153892 3
0.124325 -0.779941 0.238493 3
0.118386 -0.593568 0.0645907 3
-0.349067 9.5066 -0.459332 3
-0.118018 1.84061 -0.057538 3
0.258175 0.451002 -0.268364 4
-0.323534 0.814617 0.397124 4
-0.363488 0.0865526 -0.120797 1
0.393485 -0.515539 0.641442 1
0.117916 -0.376439 0.722572 1
-0.418487 0.11328 0.658676 1
1.71287 -0.458856 0.196036 1
0.00514692 0.572534 -0.00671686 1
0.190562 0.428916 0.408825 1
-0.104399 1.3196 -0.298574 1
0.789371 -0.860567 -0.192458 1
-0.588139 -0.319059 0.43261 1
-0.0670822 -0.562339 0.12946 1
-0.155345 0.444723 0.219227 1
