# 1 = ball
# 2 = lepton
# 3 = photon
# 4 = PID > 100
# 5 = neutrino
# 6 = other
0.134254 0.200082 -0.328342 4
-0.368528 -0.00649819 0.0717556 4
0.2983 -1.04608 -1.22694 4
-0.501719 -0.708501 -0.193998 4
-0.6644 -1.16865 -0.920643 4
-1.50655 0.0512795 -2.37932 4
-3.14684 1.28091 -2.98883 4
-4.44776 1.87085 -5.2671 4
4.34574 -1.41919 5.65513 4
1.04082 -0.246436 2.08441 4
0.962265 0.222212 1.48806 4
1.83449 -0.0812877 1.4745 4
-0.29102 -0.954728 0.00617046 4
0.11009 -0.555711 -0.228328 4
-0.616843 -0.768608 0.128476 4
-8.23878 4.20938 -9.73013 4
8.52059 -0.853048 10.784 4
0.106488 0.0391126 0.381292 3
2.97488 -0.382291 4.19604 3
0.207805 -0.189522 0.224906 3
0.438291 -0.200238 0.271005 3
-0.0284398 -0.0345358 0.00141721 3
-0.0275034 -0.000989847 0.227296 3
-0.0891646 0.147809 -0.250001 3
-0.613735 0.822237 -2.11286 3
-0.021889 0.00586071 -0.0048281 3
-0.904378 0.552771 -1.26626 3
-0.630814 -0.0424668 -0.660807 3
-0.225779 0.0134058 -0.138846 3
1.94844 -0.414214 2.47557 3
0.968288 -0.213702 1.08637 3
0.0171522 -0.0144413 -0.00706572 3
0.0332761 -0.394144 0.371087 3
0.0925585 -0.132448 -0.843881 3
0.0233221 0.0341149 -0.185681 3
-0.133182 -0.124029 -0.0860507 3
-0.232321 -0.44006 -0.412699 3
-1.92213 0.675453 -2.10391 3
-0.156197 0.0502984 -0.118934 3
0.347545 0.566047 -0.0705246 1
-0.00506615 -1.20303 0.00555071 1
0.0746145 -0.438714 0.146346 1
-0.268789 -0.0753622 -0.240149 1
0.130977 -0.0254823 -0.0890525 1
0.745305 0.61995 0.773727 1
-0.313648 0.772633 0.0020777 1
