# 1 = ball
# 2 = lepton
# 3 = photon
# 4 = PID > 100
# 5 = neutrino
# 6 = other
1.64665 6.17774 17.4242 4
0.214097 1.18428 2.85687 4
0.57468 1.66832 2.71641 4
0.580273 0.211562 0.662628 4
0.0412201 0.088399 0.138558 4
-0.0806916 0.00368823 0.344664 4
0.102649 -0.0107593 0.189308 4
0.92132 -0.807231 -4.53015 4
-1.58816 -1.18495 -3.23683 4
-0.820658 -1.17705 -4.13753 4
-0.973594 -2.94697 -5.82832 4
-1.70574 -5.68508 -8.63984 4
0.0976389 -1.25823 -1.91289 4
1.26456 3.73419 10.0409 4
0.0736233 0.216209 -0.283932 4
-0.206945 0.512849 0.0757078 3
-0.0817219 0.52449 0.0197403 3
-0.0285248 0.512904 -0.206168 4
0.0361432 -0.0855105 -0.0742509 4
0.00189083 -0.106968 -0.190193 4
-0.0968664 -0.586632 -2.38447 4
0.252398 -0.324515 -1.06983 4
-0.0875339 -0.328028 -0.401842 4
0.0218952 0.0739223 -0.000985827 3
-0.0858125 0.843091 0.297908 3
-0.08507 -0.0507295 0.0667559 3
0.0220348 0.0433412 0.0163129 3
-0.00635324 -0.0506977 -0.0437454 3
-0.0205255 -0.547142 -1.24273 3
-0.00205485 -0.648119 -1.3663 3
0.000403928 -0.00289186 -0.00586947 2
-0.0645952 -0.159006 -0.31282 2
-0.153367 -0.0967625 -0.0887528 1
0.0504874 0.132741 -0.121127 1
0.00892366 0.0535412 0.177182 1
-0.000728149 -0.249174 0.125173 1
0.315174 -0.00333965 -0.0032226 1
0.169618 -0.260324 0.003219 1
0.0264783 0.0307849 0.0544329 1
0.0725689 -0.0469036 -0.237911 1
-0.323687 -0.463531 0.113039 1
-0.0372574 0.0370043 -0.092475 1
-0.17875 0.0489367 -0.14034 1
-0.182971 -0.0858963 0.0289636 1
0.0145454 -0.200108 0.196726 1
0.0830752 0.235132 0.10026 1
0.0164815 0.0244981 -0.00326482 1
-0.173965 -0.0469801 0.020147 1
0.0148478 -0.00335878 0.151556 1
-0.0879945 -0.0947514 0.0849052 1
0.310316 0.345731 -0.319537 1
-0.0338507 -0.203345 -0.0916067 1
0.00457723 -0.000399955 -0.0139854 1
-0.281746 0.217439 -0.0404022 1
0.0720815 -0.0456354 0.0509028 1
-0.0216002 0.208084 -0.0362403 1
-0.084853 0.0656639 0.100372 1
0.157983 0.0532383 -0.0546485 1
0.0449865 0.00623629 -0.0402322 1
-0.236869 0.0554624 0.133091 1
0.21801 0.11571 -0.0245769 1
0.0310629 0.0874857 0.21727 1
0.0840163 0.0154844 0.0974251 1
0.151265 0.237978 0.33043 1
0.0022399 0.0976862 0.476944 1
0.0174497 -0.0169877 -0.170953 1
0.00244498 0.00573459 -0.00709648 1
0.0731158 -0.180432 0.109061 1
-0.0607451 0.0888922 -0.0660231 1
