# 1 = ball
# 2 = lepton
# 3 = photon
# 4 = PID > 100
# 5 = neutrino
# 6 = other
0.812182 -0.217227 0.60554 4
-0.326047 0.0207701 0.708443 4
0.196686 -0.450774 0.503139 4
0.298714 -0.167931 0.647733 4
-0.96634 -2.1655 -2.1956 4
-1.00758 -0.779581 -0.934253 4
0.0738237 -0.0997693 -0.00611604 4
-1.4033 0.0107556 -2.80995 4
0.0699675 0.572096 -0.706014 4
-0.722035 -0.473351 0.148898 4
0.385551 -0.120146 0.209338 4
-0.566074 0.169138 0.0706337 4
-0.577155 0.114899 -1.00319 4
-0.417989 0.0579673 -0.749196 4
-0.0721642 -0.0526472 -0.199543 4
0.0770438 0.0196761 0.211661 3
-0.0322188 -0.0331504 0.0146211 3
0.136163 -0.113637 0.0080583 3
-0.139114 0.0865522 -0.372543 3
-0.0231337 -0.0606621 0.0250046 3
-0.0714407 -0.124298 0.36869 3
-0.24259 -0.80917 0.0207139 3
-0.241261 -0.44391 0.0057235 3
0.773233 -0.0132213 1.87745 4
-6.83845 1.52092 -11.1939 5
-3.84809 1.26358 -8.09556 2
1.50273 -0.130217 3.25627 2
1.55593 -0.461739 3.37189 5
0.474825 0.016184 0.652827 3
0.413216 -0.0912122 0.709845 3
1.74468 0.383888 3.79884 4
3.20401 0.32417 5.98611 4
-0.361521 0.262109 -0.79302 4
-0.113149 0.357748 -0.783205 4
2.40204 -0.318082 3.4121 4
1.27096 -0.143646 2.46958 4
-0.474043 0.57305 -1.92817 3
-0.412184 0.151972 -0.448745 3
-1.30118 1.68642 -3.76721 4
-0.361033 0.104134 -0.647047 3
-0.102614 0.0555247 -0.385627 3
1.31152 -0.276712 2.67951 4
1.25328 -0.0418145 1.5836 3
2.66415 -0.163159 3.67265 3
