# 1 = ball
# 2 = lepton
# 3 = photon
# 4 = PID > 100
# 5 = neutrino
# 6 = other
0.0221268 -0.0069575 -0.220989 3
3.05578 0.219126 -0.0848464 3
8.39324 1.66279 -0.886449 4
1.4375 0.423687 -0.928275 4
4.34116 0.544989 -1.1794 4
9.23551 -0.159419 -2.73455 4
2.04077 1.07016 -0.287739 4
0.685326 0.617087 -0.385443 4
-4.85656 -1.42752 0.722665 4
-1.94374 -0.729495 0.129898 4
-3.7227 -0.36672 0.065727 4
-5.06236 -1.19984 0.714485 4
-8.28678 -0.356901 0.197995 4
-4.32635 0.0759587 -1.21495 4
-3.22654 0.355319 -0.111135 4
-0.765982 -0.31607 0.354993 4
-0.977075 0.0168989 0.206142 4
-0.206812 -0.146782 0.139164 4
-2.56384 -0.505073 2.52781 4
6.31567 0.715794 -0.624958 4
-1.78253 0.170264 0.835515 4
1.57711 0.259223 -0.158963 3
2.68501 0.399501 -0.442456 3
0.172026 -0.140854 0.0924853 3
0.98031 -0.486892 0.275108 3
0.016162 -0.0134551 -0.0407982 3
0.567685 -0.665762 -0.428094 3
-0.0159742 0.0245805 0.128023 3
-0.291775 -0.0284854 0.442121 3
-0.0604768 0.0015605 0.147735 3
-0.509326 0.0547428 0.511553 3
-0.0954552 -0.0307224 0.0900557 3
-0.693483 0.102175 0.427204 3
-1.2607 -0.269896 1.25431 3
-0.876928 0.136988 0.466059 3
