# 1 = ball
# 2 = lepton
# 3 = photon
# 4 = PID > 100
# 5 = neutrino
# 6 = other
-0.966506 1.63036 1.13976 4
-6.77266 0.958392 -8.11811 4
-0.519747 -0.283697 -1.13879 4
-1.26771 -0.0933319 -2.10062 4
0.321387 -0.745884 -0.267048 4
1.62749 -1.95822 -0.492994 4
2.3147 -1.39286 -0.61691 4
-2.36801 3.48511 2.84816 4
-3.79989 5.71758 5.1464 4
-2.18122 2.58387 2.98753 4
-0.938362 0.585872 1.25808 4
-0.602656 0.767457 0.889865 4
-0.687689 0.347082 0.797127 4
-0.519951 -0.43793 0.0155432 4
0.369194 0.0654164 -0.0301169 4
-1.27732 -0.593639 0.317771 4
2.4073 -1.08236 -0.217557 4
1.83674 -1.38425 0.081023 4
5.82922 -3.77592 -0.958037 4
12.1831 -7.23212 -1.97468 4
-2.02729 2.6449 1.76679 3
-0.526219 0.731823 0.552234 3
-0.180638 -0.0364167 0.290104 3
-0.440846 -0.232198 0.50754 3
-2.06387 0.384531 -1.62383 3
-0.367442 0.0928196 -0.229879 3
0.939145 0.200634 -0.247027 4
0.0802339 -0.238068 -0.214551 4
-0.15184 -0.349396 -0.0202135 3
-0.160669 -0.233223 -0.120588 3
0.0249274 0.012523 0.0065249 3
0.275888 -0.30968 -0.0299861 3
-0.0385594 -0.00244279 0.201557 1
0.225073 -0.0561729 -0.102728 1
-0.108353 0.159654 -0.0287966 1
0.0201387 0.0311003 0.0302952 1
-0.0420309 0.0219643 -0.0574104 1
-0.00327943 0.0948608 -0.0221552 1
0.0084271 0.0888283 0.0391221 1
0.235882 -0.0651663 0.0989962 1
0.00514724 -0.101567 -0.128258 1
-0.261974 0.272237 -0.155978 1
-0.148885 -0.159766 -0.090739 1
0.164366 0.0181091 0.0165543 1
-0.0526265 0.015176 -0.116678 1
0.0771825 -0.0439501 -0.180629 1
-0.491735 0.202095 0.348736 1
-0.0585093 -0.285038 0.0023114 1
0.111699 0.011754 -0.0762381 1
0.0938769 0.100254 -0.0116016 1
-0.125303 -0.130822 0.0298137 1
0.000629575 -0.000276599 0.000329488 1
