# 1 = ball
# 2 = lepton
# 3 = photon
# 4 = PID > 100
# 5 = neutrino
# 6 = other
0 0 0.000125999 3
-1.85766 0.966462 0.510414 4
-0.524861 0.218726 0.727484 4
1.3074 -0.336158 -0.531587 4
0.258708 -0.553273 -0.144443 4
0.0735208 0.513885 -0.133098 4
-0.628335 0.295762 0.469924 4
-1.29573 0.472937 2.71458 4
-2.34846 1.02741 1.57509 4
-1.58068 0.465796 0.454392 4
2.34809 -2.42298 -2.63457 4
0.184757 -0.0202294 -0.386715 4
0.314783 -0.542741 -0.286634 4
-0.107026 -0.350519 -1.14082 4
-0.463395 0.397022 1.369 4
-0.571522 0.00236156 0.784849 4
-0.248394 0.175186 0.443205 4
-0.133884 0.0885888 0.0647807 3
-0.273655 0.0314934 -0.0123896 3
0.456701 -0.122363 -0.285337 4
3.26751 -0.322047 -1.57893 4
0.502114 -0.160508 -0.540113 4
0.331466 -0.414513 -0.79389 4
0.206566 -0.541351 -0.266919 3
-0.0372129 0.0576457 -0.285675 3
0.0149531 -0.00678347 0.109382 4
0.274413 -0.22786 -0.236554 4
0.0291504 -0.0791983 0.00080007 3
0.224887 -0.0583815 0.0640532 3
-0.0717743 -0.236903 0.0367872 3
-0.0589886 -0.0440808 -0.0481311 3
-0.255638 0.211828 0.353086 3
-0.536426 0.558826 0.573639 3
-0.455564 0.101329 0.340529 3
-0.494734 0.0422782 0.22061 3
-4.48368 1.32486 2.37557 4
-8.01929 1.9165 4.72743 4
-3.99232 0.986649 1.68429 4
-4.59519 1.1023 2.37027 4
-0.451812 0.0654251 0.246144 3
-1.09545 0.372321 0.586929 3
0.812957 -0.149752 -0.312312 3
0.517994 -0.0727855 -0.314463 3
2.21026 -0.438529 -1.3479 3
0.673159 -0.199876 -0.376464 3
1.15854 -0.654179 -1.08666 3
0.0706431 -0.0790473 -0.108351 3
0.0164237 -0.0607507 -0.0307886 3
-0.197916 -0.218079 -0.0662845 3
9.35372 -1.73977 -4.4858 4
0.579595 -0.149611 -0.130111 4
7.81383 -1.09962 -4.16175 3
0.317972 -0.0273846 -0.192446 3
0.895193 -0.104276 -0.523716 3
0.564302 0.037942 -0.360506 3
