# 1 = ball
# 2 = lepton
# 3 = photon
# 4 = PID > 100
# 5 = neutrino
# 6 = other
0.000501112 0.00102394 -0.000443915 3
5.50332 -2.59355 12.4911 4
-0.511099 -0.435662 0.969519 4
-0.917604 1.60941 -0.4666 4
-0.213076 0.143969 -0.498642 4
-0.920182 0.630182 -7.73921 4
3.9632 -1.70539 8.63312 4
1.70724 -1.00017 4.8502 4
-0.802491 1.10152 -0.409111 4
-0.557632 1.07365 -0.817899 4
-1.13751 0.797737 -0.695267 4
-1.00867 -0.0776092 -0.802035 4
-0.853174 0.135779 -0.871813 4
-0.653466 0.436963 -0.283434 4
-0.0545448 -0.0134703 -0.019257 4
-0.504916 -0.151761 -3.24837 4
-0.360005 0.148201 -0.63545 4
-1.70759 0.182442 -8.74716 4
0.601229 0.0164581 0.946985 3
0.494436 0.0563737 0.676786 2
0.918081 0.10058 1.25872 2
-3.43686 -0.0691456 -2.30914 3
-0.132561 -0.000589252 -0.0588254 3
-0.270774 0.0919901 -0.263159 3
-0.577565 0.365315 -0.459854 3
-0.0264897 -0.262064 -2.96746 3
0.143964 0.128091 -0.499686 3
-0.813201 0.050497 -2.12801 3
-0.0513687 0.0470026 -1.26015 3
1.86009 -0.76067 3.80904 3
2.07196 -1.00228 4.39801 3
-0.923997 0.595258 -0.856102 3
-0.0026469 -0.00253408 -0.0177345 3
-0.055346 -0.00884128 -0.141565 3
-0.771269 0.371289 -1.83715 3
