# 1 = ball
# 2 = lepton
# 3 = photon
# 4 = PID > 100
# 5 = neutrino
# 6 = other
0.00172318 0.00119726 -0.00474335 3
3.54427 3.49517 4.85584 4
4.24105 5.17101 8.18738 4
-0.313233 0.0776668 0.246637 4
-0.543925 -0.628334 -0.431915 4
-0.0465345 0.0408616 -0.188525 4
0.276046 -0.330436 -0.659095 4
-0.314655 -0.735797 -1.61227 4
-3.9055 -3.83565 -6.16 4
5.43762 4.59986 7.28135 4
3.84696 2.73304 4.44458 4
0.504745 0.894983 1.28627 4
0.028705 0.471573 0.0553238 4
0.75298 0.730973 1.37005 4
-0.579174 -1.15783 0.709222 4
-0.888653 -0.864279 -1.86336 4
-1.29852 -0.468967 -1.36711 4
-1.36965 -0.970394 -1.6082 3
-1.9927 -1.36545 -2.53744 3
-0.269865 -0.53059 -0.460431 3
-0.572414 -0.803983 -0.885925 3
-0.0552215 -0.370205 -0.681652 3
-0.0512311 -0.0446776 -0.0675492 3
-0.29063 -0.353727 -0.52256 3
-1.15532 -1.12791 -2.13059 3
-1.54518 -1.59708 -2.61907 3
-0.47205 -0.386937 -0.731299 3
-0.608909 -0.587051 -1.03927 3
-2.73429 -2.75758 -4.34659 3
-0.011046 -0.0586329 0.0239877 1
-0.166367 0.250755 -0.0191338 1
-0.292319 0.444039 0.154675 1
-0.0387001 -0.0784296 0.00981288 1
-0.147728 -0.213257 -0.613168 1
-0.0987314 -0.640245 -0.0725178 1
0.529866 -0.729455 0.743203 1
-0.300918 -0.00183928 -0.532903 1
0.0666838 0.081527 -0.162589 1
-0.0655838 0.432091 0.270421 1
-0.357217 0.384137 0.00896764 1
-0.103957 0.524166 0.390961 1
0.378519 -0.027648 0.0478696 1
-0.00588274 -0.0185037 0.151163 1
0.582708 0.33313 0.346245 1
-0.0243776 0.107627 -0.152002 1
0.405341 -0.54725 0.449777 1
0.398926 0.0559818 -0.0870059 1
-0.0377734 0.068847 -0.0209786 1
-0.337884 0.333494 0.544181 1
