# 1 = ball
# 2 = lepton
# 3 = photon
# 4 = PID > 100
# 5 = neutrino
# 6 = other
-1.79002 7.23554 29.7189 2
-0.826439 0.630282 -30.706 2
-0.0630542 -0.00841447 1.20673 3
-1.48008 -4.36819 -0.537709 4
0.0602795 -0.689361 0.213562 4
0.258105 -2.29485 -0.438409 3
0.184639 -0.966198 -0.14081 3
-0.520743 -0.326491 0.951269 1
0.890352 0.398143 -0.0538382 1
-0.0558167 0.309594 -0.0302098 1
0.33904 0.0154428 0.238208 1
-0.214285 -0.296038 -0.23156 1
0.569502 0.308323 0.1313 1
-0.195224 -0.130666 0.0973795 1
0.316562 0.35529 0.105423 1
1.2835 -0.530527 -0.179827 1
0.317437 -0.0785397 0.0480308 1
0.561481 -0.48108 -0.528479 1
-0.494307 -0.448762 -0.336954 1
-0.190519 0.166388 0.160285 1
0.493602 0.325451 1.03053 1
0.00988716 0.00435757 -0.107223 1
0.00110037 -0.047914 0.0356718 1
0.0595193 -0.315711 0.162053 1
-0.879432 -0.435818 -0.575449 1
0.0996587 -0.0316721 0.251669 1
-0.129776 -0.138623 0.268299 1
-0.0340315 0.0072127 -0.00477917 1
-0.201936 -0.931422 -0.467028 1
0.503442 1.84549 0.652287 1
0.335033 0.0678351 -0.0282971 1
0.148006 0.27176 -0.126916 1
0.257376 -0.321312 0.139914 1
0.242792 0.492052 0.0914105 1
-0.099041 0.311182 -0.0198707 1
0.105451 0.140517 -0.265128 1
-0.0038857 -0.0625155 -0.0173452 1
0.205521 0.65469 -0.103666 1
-0.178431 -0.843069 -0.645149 1
0.121904 0.208519 0.0431127 1
-0.00716779 -0.000904042 -0.00134039 1
