# 1 = ball
# 2 = lepton
# 3 = photon
# 4 = PID > 100
# 5 = neutrino
# 6 = other
0.371083 0.179797 0.882651 4
-1.19486 -0.61414 1.87048 4
-0.303589 -0.543777 1.29699 4
-0.090377 0.23833 0.80256 4
-0.0517186 -0.0815649 -0.0243712 4
0.332636 0.373818 0.436778 4
0.139657 -0.307684 0.185825 4
0.396603 -0.0617441 0.270398 4
-3.61721 -1.17223 3.59183 4
-5.48337 -1.14084 5.5281 4
-3.5539 -1.40187 3.54381 4
0.211093 0.0419174 -0.365676 3
0.328631 0.25629 -0.513134 3
0.958511 0.526385 -1.14769 3
0.383344 -0.184672 -0.265605 3
0.112236 -0.117882 -0.179864 3
0.128398 0.371374 -0.48014 4
0.0705409 -0.0131122 0.00280659 3
0.0685636 0.0372825 -0.109838 3
-0.0427327 -0.0397518 -0.110154 3
0.0259233 0.0453786 0.0313443 3
-0.133543 0.0636224 0.178656 3
-0.165701 0.0737657 0.355882 3
-0.0112704 -0.00621641 -0.010741 3
-0.054442 0.0751234 0.187774 3
0.0569988 0.0994131 0.49541 3
-0.433425 -0.00560255 0.993358 4
0.114009 0.0221043 -0.077515 4
-1.44658 -0.865123 1.96655 4
-0.404621 0.0933809 0.85823 4
-1.46322 -0.696107 3.04699 4
-0.470465 -0.246984 1.1088 4
4.16579 1.10065 -6.1521 4
0.0182681 -0.026623 -0.0193165 3
0.310465 0.13972 -0.160418 3
3.63185 0.962956 -4.43536 3
0.361976 0.289411 -0.582649 3
1.25988 -0.51423 -1.89834 4
3.1557 0.89096 -6.33325 4
1.0989 0.702959 -1.7113 3
0.779824 0.388919 -1.24449 3
0.51885 0.223321 -0.640171 3
0.0348424 -0.0115836 -0.0847568 3
-0.0270501 0.258089 -0.292164 1
0.313492 -0.344568 0.0713689 1
0.430799 0.248842 0.306208 1
0.357856 0.148391 0.063945 1
0.0809026 -0.0611951 -0.101099 1
-0.528285 -0.110061 -0.304337 1
0.0145392 -0.323749 0.382927 1
-0.260683 0.862391 0.78897 1
0.152662 -0.152814 -0.394371 1
-0.283109 0.0932716 0.271496 1
-0.448374 0.0100575 0.512282 1
1.41429 0.471081 -0.481868 1
0.235972 0.0497976 0.0457481 1
0.492903 -0.493922 -0.0350939 1
-0.180722 0.393657 0.0232705 1
-0.145952 -0.0426756 -0.409999 1
-0.191065 0.672164 0.102798 1
0.528648 -0.67585 -0.240239 1
-0.618196 0.199452 -0.599813 1
-0.0700919 0.525832 -0.464787 1
0.589244 0.433502 -0.0924746 1
-0.0712794 0.177523 -0.0456948 1
-0.495045 0.024786 0.620784 1
-0.360938 0.403745 0.120825 1
-0.381951 -1.28224 -0.00808665 1
0.155026 -0.342275 -0.207686 1
-0.0204636 0.0888844 -0.0371174 1
-0.210661 -0.0544086 -0.0610141 1
0.248995 -0.205886 0.248044 1
0.0106232 0.021819 0.0071525 1
0.0316003 -0.437804 -0.203408 1
-0.393558 0.0135955 -0.58176 1
-0.181249 -0.0813567 -0.00691408 1
-0.026472 0.0579056 0.0403349 1
-0.27597 0.308883 -0.126566 1
