# 1 = ball
# 2 = lepton
# 3 = photon
# 4 = PID > 100
# 5 = neutrino
# 6 = other
-0.906457 -0.155645 -0.446249 4
-2.06527 -0.307592 -0.154076 4
7.69051 0.44013 -0.261668 4
-0.174102 -0.0594261 -0.107035 4
0.171757 0.14445 0.0522092 4
-0.188242 0.272718 -0.687893 4
-0.193177 0.124176 0.345659 4
-4.31395 -0.202154 0.615652 4
1.55248 0.193836 -0.109505 4
0.722151 -0.15723 -0.313508 4
0.0985035 0.0507902 0.0459818 4
-2.62053 -0.33562 0.0583747 3
-2.52283 -0.375839 0.178365 3
-2.66561 0.0485346 -0.0441777 4
-1.47966 -0.0941494 0.208822 4
-6.43827 0.323736 1.02771 4
-14.2685 -1.05881 0.608101 4
1.81083 0.289343 -0.0357578 3
2.24789 0.465591 0.0636843 3
0.485697 -0.186577 0.237193 3
0.298979 -0.205804 0.0876857 3
-0.0523827 -0.175061 -0.0310087 3
0.0647033 -0.410148 0.0162656 3
-2.03782 -0.16508 -0.469885 3
-0.473175 -0.0854077 -0.157828 3
8.55684 0.496821 -0.237073 4
16.4018 2.47329 -1.98467 4
0.419384 -0.216936 -0.00723518 3
0.5056 -0.115713 -0.0625614 3
-0.54524 0.0270925 -0.142998 3
-0.772072 0.0871889 -0.0480814 3
-0.113927 -0.145548 0.271287 1
0.102806 0.183595 0.109284 1
-0.00164161 0.136924 0.0426016 1
-0.107919 0.354827 0.607631 1
0.0825489 0.251028 0.0544926 1
0.167944 0.508083 0.0324339 1
0.706068 -1.46876 0.976331 1
-0.153208 -0.92473 -0.276996 1
0.00743951 -0.0259306 -0.0615914 1
