# 1 = ball
# 2 = lepton
# 3 = photon
# 4 = PID > 100
# 5 = neutrino
# 6 = other
0.00118984 -0.00179397 0.00209599 3
0.853717 -2.34173 2.86101 4
0.406728 -2.20591 2.23588 4
0.784576 -2.38699 1.10775 4
-0.067867 -0.340923 0.00884631 4
0.784145 2.39998 -4.72746 4
-0.306044 0.353063 -0.778971 4
-1.79438 -4.86487 13.0544 4
-0.0597333 -0.313956 0.249429 4
0.248611 -1.83483 1.40281 4
-0.0127431 -0.157519 -0.12243 4
-0.459651 1.00947 -0.372321 4
0.648119 -1.63179 2.71714 4
-0.201008 -0.676064 2.36985 2
0.26159 -0.985462 2.86477 5
-0.386432 0.383164 0.226407 3
-0.109455 0.155333 0.164685 3
-0.0516189 0.422411 -0.204951 3
-0.144761 0.659769 -1.34956 3
-0.452408 -0.481933 1.31165 3
-0.0951798 -0.0499944 0.135913 3
-0.0163993 0.00180704 0.00852006 3
-0.42469 0.57833 -0.307773 3
0.185579 -0.103468 -0.132976 3
0.27538 8.31998e-05 -0.256094 3
-0.272641 -0.587116 3.8955 4
-0.464349 -0.341618 1.19927 4
0.237831 8.3806 -16.2433 4
-0.100508 2.65843 -6.73728 4
-0.0536046 0.679019 -1.38267 3
0.0745635 0.454742 -0.924953 3
0.245856 0.850283 -1.84472 3
0.11338 0.177191 -0.380956 3
-0.0220981 -0.0952899 0.0741032 1
0.37183 0.46486 -0.0499209 1
0.174026 -0.124511 0.0809217 1
-0.1336 0.0134119 -0.305035 1
-0.142879 -0.161978 -0.131539 1
-0.0920408 0.0693371 0.0220933 1
-0.00752716 0.0337199 0.0406473 1
-0.0794889 0.182108 0.046892 1
-0.0666098 -0.0508616 -0.0369313 1
0.182406 -0.124189 0.201551 1
0.0926798 -0.0607477 0.0572184 1
-0.0991147 -0.113557 0.276366 1
0.00328745 0.342071 -0.105007 1
0.0212144 -0.0115137 -0.026359 1
0.0595485 0.0803331 -0.0357763 1
-0.0227069 -0.0267552 0.0945307 1
0.0940962 -0.120987 0.0382546 1
-0.0236959 -0.0948607 -0.0562901 1
-0.047864 0.0344705 -0.155951 1
0.090743 -0.0927568 -0.0792447 1
