# 1 = ball
# 2 = lepton
# 3 = photon
# 4 = PID > 100
# 5 = neutrino
# 6 = other
-0.00238366 -0.00285283 -0.020807 3
-0.410301 -1.17181 2.08872 4
-1.64452 -0.492055 1.09383 4
-2.0511 -0.649341 0.676154 4
0.0529735 0.0967939 0.0801906 4
-0.706794 -0.235066 0.738087 4
-1.82157 -2.02294 1.82977 4
-0.162657 -0.974464 0.912415 4
-0.875169 -0.187614 1.06776 4
-0.0493151 -0.367896 0.196676 4
-0.171668 0.573748 -1.37765 4
0.127935 -0.0226461 -0.0364759 4
0.809629 0.46435 -4.13815 4
0.102517 -0.0048326 0.419767 3
0.0441267 0.163089 0.253058 3
-0.0428408 0.0270031 0.186904 3
-0.0129325 -0.0217668 0.000415137 3
-0.636286 -0.0133766 -0.271123 3
2.07783 0.0738967 8.41749 5
0.522531 0.658939 1.49002 2
0.00319196 0.135294 -0.532151 4
0.141222 0.221197 -0.894246 4
0.5878 0.646359 -4.91392 4
0.539009 -0.792938 4.19991 4
-0.212632 0.506893 -3.78203 4
-0.201457 0.273932 -0.729164 4
0.875129 1.78087 -13.1305 4
0.0394479 0.0511295 -0.708402 3
0.0700964 0.0894263 -0.283079 3
0.204973 0.244905 -0.875913 3
-0.0216631 0.0200952 -0.0667062 3
0.6411 0.577731 -3.00849 3
0.00639633 0.0385772 -0.0971205 3
0.415272 -0.36897 1.85443 3
-0.145493 0.27262 -0.444038 3
-0.0706067 0.0117153 -0.0793053 3
0.00484726 0.0966468 -1.02993 3
-0.0406587 0.101207 -0.351573 3
0.128287 0.0988854 -0.461546 3
0.165491 0.3869 -1.35122 3
1.10381 -0.527199 5.68345 4
0.951712 -0.485779 4.21693 4
0.169809 -0.396395 1.28745 3
0.105464 -0.522737 1.29676 3
0.191483 -0.144363 0.554303 3
0.0367125 -0.00654175 0.0117938 3
-0.114018 0.457735 -0.348001 1
-0.364191 0.20831 0.14278 1
0.02258 0.479302 0.14571 1
0.304787 0.265659 0.044948 1
0.0934634 -0.0847785 -0.158374 1
0.10744 0.00896185 -0.205666 1
-0.545387 0.261646 -0.280373 1
0.00188655 -0.325224 -0.198717 1
-0.313327 0.46077 1.24152 1
-0.0319847 0.0669994 -0.356581 1
