# 1 = ball
# 2 = lepton
# 3 = photon
# 4 = PID > 100
# 5 = neutrino
# 6 = other
0.00203377 0.0335757 0.182328 3
0.00228665 0.00487555 -0.0992483 3
1.48748 3.87639 -4.5876 4
0.805227 0.468808 -1.20635 4
1.07931 2.40946 -2.25795 4
-1.01182 0.894014 1.14105 4
-0.294258 -1.6749 2.33616 4
1.48556 3.51647 -4.35872 4
0.97697 2.74686 -3.41546 4
0.963535 1.07189 -1.43001 4
0.744858 0.5889 -0.509544 4
0.591694 -0.512215 -0.73583 4
0.314554 0.129321 -0.221848 4
0.416606 0.05174 -0.0546203 4
-0.899869 -0.188952 0.0409822 4
-0.890946 -0.244576 1.69939 4
-0.737588 -0.65183 1.13811 4
4.24228 8.32035 -9.5041 4
0.246598 -0.51868 -0.17812 4
-2.83371 -4.68134 6.33401 4
-0.195971 0.797666 -1.30015 3
0.00921826 -0.129189 -0.250705 3
-0.0013565 0.0277822 -0.152413 3
0.00322216 0.0457204 -0.0170352 4
0.527501 -0.551758 -0.509358 4
-0.887138 -0.205635 1.48291 4
-0.141982 -0.171752 0.676746 4
-2.54978 -6.86236 7.73908 4
-2.94603 -7.62112 8.97853 4
0.0309635 -0.076711 -0.0691078 3
-0.129776 -0.139815 -0.176583 3
-0.191354 -0.0720615 -0.121265 3
-0.0241048 0.00702826 -0.107576 3
-0.0484364 0.0246266 -0.230779 3
-0.144628 -0.0434468 -0.163348 3
-0.0810596 -0.0926751 0.200532 3
-0.358887 -0.329893 0.388524 3
0.0143378 -0.0253372 -0.0800171 3
0.314866 0.115233 -0.569174 3
0.043977 0.0119254 -0.0262394 3
0.35457 -0.294656 -0.197566 3
-0.0988491 0.0426443 0.087685 3
-0.190125 -0.0963699 0.104654 3
