# 1 = ball
# 2 = lepton
# 3 = photon
# 4 = PID > 100
# 5 = neutrino
# 6 = other
0 0 -0.000215285 3
-1.89481 -2.69714 -0.317186 4
-1.7144 -7.8715 0.761249 4
-0.759113 -1.23857 0.0452185 4
-0.170055 -0.0630005 -0.263833 4
-0.918542 -1.53752 0.595457 4
-0.0607522 0.253806 0.00346389 4
0.462249 -0.0893823 -0.000247958 4
0.414872 0.183576 -0.134074 4
-0.244921 0.450022 -0.0874282 4
1.83325 7.80078 -0.275902 4
1.63142 3.45993 -0.213961 4
-0.670061 -1.38667 0.513735 4
-1.71434 -4.82076 -0.286741 4
-0.312952 -1.42701 0.164926 4
-0.397388 -2.42278 0.531341 4
-0.000205444 -0.641397 -0.206283 4
-0.23545 0.137214 0.443486 4
-0.0310799 -0.136737 0.195362 4
-0.139137 0.133725 0.201588 4
0.671142 0.864529 -0.0993544 4
-0.121921 0.179788 -0.19229 4
0.740641 3.08592 -0.423232 4
-0.163688 1.06247 -0.137252 4
0.28029 1.39863 0.0424842 4
5.29042 23.245 -1.25414 4
-0.333305 -1.2618 0.419217 4
-0.250741 -1.77427 0.189838 4
-0.394534 -6.22998 0.625974 3
-0.2066 -2.92083 0.20341 3
0.0736298 -1.63948 -0.407779 3
0.0600191 -1.58362 -0.258825 3
-0.243444 -0.85346 -0.00851975 3
-0.32996 -1.06616 -0.160461 3
0.0389901 0.00254013 -0.138503 3
0.0395593 -0.0766143 -0.0155261 3
-0.0225752 -0.158525 -0.0579572 3
-0.206515 -0.360706 0.00295669 3
