# 1 = ball
# 2 = lepton
# 3 = photon
# 4 = PID > 100
# 5 = neutrino
# 6 = other
-3.59143e-06 -3.33957e-06 0.000404018 3
-1.10644 0.0518758 2.72075 4
-2.89416 -1.09159 7.1533 4
-0.408579 0.802435 -3.19905 4
-0.0631871 0.931211 -1.94032 4
1.10946 1.18608 -3.09502 4
0.832242 -0.0722098 0.316554 4
0.475635 -0.760653 0.736523 4
0.131443 0.139464 1.27354 4
-0.260497 0.155497 2.1067 4
-0.574258 -0.774361 0.540518 4
0.142137 0.460004 -0.501896 4
2.07244 3.51499 -9.53015 4
1.07859 2.87317 -5.99812 4
-0.443863 0.912841 -1.03038 4
0.498941 0.0368889 -0.654792 4
0.400205 -0.537063 -0.43284 4
0.652582 -1.22143 -0.178174 4
0.206865 0.202266 0.00164689 4
0.145568 -0.214177 0.165573 4
-0.467032 0.282202 0.905727 4
-0.0622714 1.82307 -3.95486 4
1.63567 -2.26681 -0.304212 4
0.0157258 -1.37772 2.30671 4
0.495967 0.0727675 0.693988 3
0.338569 0.06925 0.311931 3
-0.0828287 0.329153 0.342581 3
-0.0530248 0.0178079 0.0735211 3
-0.0410984 -0.159723 0.0992936 4
0.205658 0.0531494 0.564075 4
-1.2033 -0.993024 0.73095 4
0.0372053 0.00805884 -0.00218335 3
0.576279 -0.374202 -0.267785 3
-0.0482807 -0.00611046 0.00910184 3
-0.0437187 -0.254089 0.099094 3
0.49094 -0.348184 0.0632475 3
0.679504 -0.568607 -0.0546203 3
-0.021468 0.00119845 0.0424657 3
0.134945 -0.230216 0.388326 3
0.155238 -0.12518 0.701928 3
0.0236374 0.03091 0.237599 3
-4.38644 -2.54077 6.32738 4
-1.10738 -0.778533 2.63228 4
0.0279126 0.0877479 0.0564527 3
-0.019931 -0.0209777 0.12318 3
0.0133044 0.178555 -0.0554525 1
0.0444979 0.574125 -0.22303 1
0.157245 0.0262897 -0.224169 1
0.242675 -0.225702 -0.0456582 1
-0.213203 -0.514217 0.18235 1
0.254548 -0.041546 -0.165111 1
-0.0449946 -0.0193184 0.0322221 1
0.134644 0.256174 -0.0152243 1
0.0585291 0.363509 0.0703921 1
-0.235405 0.0262611 0.607962 1
-0.710392 -0.680357 -0.21971 1
-0.0735595 0.255118 -0.225092 1
0.701309 -0.552421 0.399361 1
0.398598 -3.46708e-05 0.289137 1
-0.056343 0.151612 -0.236176 1
-0.308522 0.177757 0.21735 1
0.387448 -0.467641 -0.265813 1
-0.0873142 0.130447 0.0879656 1
0.347677 0.748368 -0.514241 1
-0.286341 0.286622 -0.278006 1
