# 1 = ball
# 2 = lepton
# 3 = photon
# 4 = PID > 100
# 5 = neutrino
# 6 = other
-0.0229447 0.0129957 0.0479035 3
-2.9753 -4.37068 5.72837 4
-2.03759 -3.89735 4.8583 4
-0.258354 -0.458267 0.43585 4
-5.18727 -6.82507 10.083 4
-0.896681 -2.35567 2.24389 4
-0.573931 -0.624764 0.549145 4
0.053389 -0.493776 0.372353 4
-1.34006 -1.72892 2.03583 4
0.715435 1.5649 -2.48617 4
1.27366 3.72388 -4.68473 4
1.37602 4.40516 -6.32137 4
-0.477839 0.0177057 0.123755 4
0.00897725 0.113047 0.464734 4
0.159112 0.0489823 0.0328918 4
-0.158478 0.365358 -0.319151 4
0.214343 0.435223 -0.650233 4
0.833352 0.497747 -0.193727 4
0.205919 0.414158 -0.390952 4
0.749328 1.51616 -2.80041 4
0.118258 0.635932 -0.918364 4
0.363581 0.66051 0.115393 4
-0.0683486 -0.245442 0.434308 3
-1.94423 -3.08794 3.33353 3
-0.0565898 0.0475384 0.128529 3
-0.248069 -0.0487558 0.240229 3
0.368127 0.119849 -0.0781414 4
0.135065 0.13178 0.216872 4
0.596974 0.472648 0.0287172 4
0.108066 0.0369178 -0.0125979 4
1.12373 0.535245 -0.397329 3
0.146685 0.0190948 -0.0437421 3
1.24122 0.592216 -1.12823 3
0.398875 0.124279 -0.402086 3
0.347965 1.88857 -2.74762 4
0.34999 1.10369 -1.54006 4
-0.0199697 0.0249397 -0.00434879 3
0.0562947 0.00730032 0.216762 3
2.3933 1.39102 -1.364 3
0.0339334 0.0124495 -0.0351436 3
-0.0955776 0.022471 -0.0562855 3
0.0155469 0.0991223 -0.0579692 3
0.362971 0.20643 -0.228826 3
0.481545 0.454021 -0.292135 3
0.0612904 -0.0200896 -0.0541396 3
0.412412 0.214368 -0.441367 3
0.207779 -0.0041983 -0.155145 3
0.0340249 0.00283119 -0.14531 3
0.361243 0.0789843 -0.192074 3
0.523353 0.207804 -0.459444 3
0.169808 0.559815 -0.787792 3
0.35964 1.39578 -2.30142 3
