# 1 = ball
# 2 = lepton
# 3 = photon
# 4 = PID > 100
# 5 = neutrino
# 6 = other
0.000422842 -0.000933397 -0.0188521 3
0.816172 1.04075 -0.738686 4
-0.209181 -0.349152 -0.317744 4
0.000416013 0.206441 0.118568 4
0.568603 0.170822 -0.327803 4
0.430102 0.656033 -0.0519176 4
-0.287444 -0.192329 0.442946 4
0.132747 -0.112469 0.334439 4
0.32651 -0.371772 0.127451 4
1.74499 4.46767 -4.38685 4
-0.00324946 -0.146934 -0.147125 3
-0.265257 -1.13582 -1.62371 3
0.00320695 0.00355336 0.0023128 3
0.203394 -0.212851 0.0852581 3
0.0330919 -0.18325 0.0483309 3
1.74223 3.555 -5.47946 4
1.16497 6.60976 -7.19808 4
-0.292474 -0.387559 -0.948017 3
-0.0506699 -0.214691 -0.419134 3
-0.113803 -0.124663 -0.257273 3
-0.0283042 0.022169 -0.166266 3
-0.220303 -0.299146 -0.61761 3
-0.133913 -0.415465 -0.809114 3
-1.67325 -4.28209 6.40353 4
0.245911 2.35055 -2.5492 4
0.465111 0.887741 -0.774237 4
-0.0303715 0.282002 -0.260299 3
0.101876 0.253603 -0.258217 3
-0.798348 -2.1091 2.92945 4
-3.65904 -8.32037 12.4932 4
-0.477876 -4.36301 5.93647 4
0.174238 1.88945 -1.95724 4
0.654967 2.8738 -3.0761 4
-0.855154 -2.87475 3.92882 4
0.159842 -0.298813 0.348272 3
0.0176816 -0.292367 0.313249 3
0.00840569 0.446718 -0.428099 3
0.10375 0.971475 -0.701234 3
