# 1 = ball
# 2 = lepton
# 3 = photon
# 4 = PID > 100
# 5 = neutrino
# 6 = other
-0.00303114 0.0011275 0.00134706 3
0.795808 0.518555 0.363093 4
-0.304919 2.52376 -2.37383 4
-1.15592 -0.6345 -0.558856 4
1.04263 0.794248 -0.817699 4
0.644176 0.778238 -0.316082 4
-0.333099 0.378521 -0.782544 4
-0.148663 -0.0020832 0.139675 4
-0.97293 -0.339064 0.037563 4
0.0835714 0.0745328 -0.00129379 3
0.281493 0.00372722 0.256883 4
0.436371 0.234768 -0.150155 4
0.517629 0.398015 0.357761 3
0.272795 0.324076 0.302096 3
-0.146018 -0.0557548 -0.0688952 3
-0.0856273 0.00984305 -0.172623 3
-1.38833 0.235827 -0.309123 4
-0.133495 -0.0217033 -0.0909974 3
-0.57889 -0.504217 0.36994 3
-1.3966 -0.978049 0.723092 3
-1.04985 -0.505121 0.392878 3
-1.91863 -1.49451 0.208432 3
-0.193093 -0.236701 0.132904 3
-0.525477 0.150131 0.0569327 3
-0.289988 0.193598 0.0390634 3
4.66015 1.81066 -0.672661 5
0.777179 1.3031 -0.747468 2
0.170787 0.156768 -0.0611858 3
0.329245 0.186126 0.0498693 3
-2.25387 -1.86232 2.57519 5
-4.24915 -5.114 3.13511 2
0.539313 0.479977 -0.19456 3
3.94392 2.68484 -1.34803 4
4.86393 2.64721 -1.67071 4
-4.8837 -3.62537 2.0514 4
-4.51408 -3.82186 1.27433 4
-2.78447 -2.85094 1.64182 4
-0.751256 -0.576817 0.277104 3
-0.115516 -0.157592 0.0298424 3
6.25107 4.2609 -2.69922 4
0.414771 0.244191 -0.221286 3
3.2755 2.26979 -1.55687 3
1.24149 0.975302 -0.559428 3
0.0686567 0.0438346 0.00115858 3
-0.0670339 0.0221254 -0.227257 1
-0.0645963 0.106653 0.156181 1
0.0449235 -0.209582 0.020973 1
-0.00369131 -0.128805 0.00700787 1
-0.185607 -0.253366 0.0691847 1
-0.0455801 -0.170637 0.148239 1
0.014689 -0.0544949 0.0864753 1
-0.121451 -0.0307813 0.0783037 1
0.040801 -0.00290482 0.00269123 1
-0.00875881 -0.0695045 -0.0113364 1
-0.0558105 0.0899414 0.0265365 1
0.00589763 -0.0469585 0.0859832 1
0.0369928 0.0350287 -0.0406463 1
0.0358721 -0.0135751 0.19155 1
-0.311904 0.0135977 0.397961 1
-0.0864908 -0.259716 -0.067145 1
0.104174 -0.0780986 -0.110129 1
-0.234312 -0.161759 -0.115173 1
0.0498787 0.244044 0.160005 1
0.418133 0.0677031 0.0966038 1
