# 1 = ball
# 2 = lepton
# 3 = photon
# 4 = PID > 100
# 5 = neutrino
# 6 = other
10.9379 10.4285 2.98286 4
0.548327 0.466201 -0.220768 4
-0.0864612 0.0586847 0.186229 4
-0.124176 0.299624 -0.0417566 4
0.0818654 0.985324 0.825967 4
0.225215 5.61985 3.60098 4
-0.0393762 0.842634 0.490245 4
0.169803 1.40385 2.2729 4
-0.172735 0.71638 0.760819 4
-0.619982 -0.0671318 0.316948 4
-0.249286 -0.10662 -0.323879 4
-0.832029 0.526537 0.0855094 4
-0.224917 -0.92068 -0.974382 4
0.159138 0.155989 0.340575 4
0.588291 1.023 1.36522 4
-0.562945 -0.262777 0.566979 4
-0.756504 -1.41905 -0.129572 4
-0.665167 -0.292925 -0.468036 4
-1.06198 -2.09405 -0.633476 4
-0.928482 -3.36734 -2.29451 4
-1.29068 -3.09158 -2.54634 4
-0.321974 -0.532021 -0.627255 4
-0.28572 -2.73552 -1.54054 4
-1.59529 -6.21329 -4.21741 4
-0.638713 -3.57424 -2.82098 4
0.659206 0.376618 0.220761 4
1.36131 1.29776 0.791701 4
0.51472 1.43896 1.29689 4
0.0887775 0.539587 0.416993 4
0.509222 0.973708 0.690926 3
-0.0307312 0.333444 -0.0324475 3
-0.0220574 0.0141889 0.16941 4
-0.0449296 0.0759162 -0.019712 4
0.11052 0.129875 0.59891 4
0.0212433 -0.0199872 0.0615228 4
-0.118315 0.031867 0.253733 3
-2.96273 -1.86118 -0.900585 3
-0.0778331 -0.0732254 -0.0393584 3
-0.579992 -0.347748 -0.383661 4
-1.29647 -0.933929 -0.585115 4
-0.00355097 -0.444731 -0.115087 4
-0.309699 -0.336962 -0.217636 4
0.0484539 0.0417979 0.0303561 3
0.516492 1.07283 0.22593 3
0.0534103 0.253009 0.307343 3
0.202071 0.651179 0.518968 3
-0.223834 -0.684082 -0.308594 3
-0.367222 -0.676183 -0.339088 3
0.110681 0.174748 0.062428 3
0.639843 0.661787 0.059905 3
0.190827 0.593005 0.648649 3
-0.0214923 0.0508198 0.0757192 3
-0.108637 0.25585 0.210217 3
0.0184836 0.00936688 -0.00822426 3
-0.257544 -0.441769 -0.349343 3
-0.143226 -0.246306 -0.082904 3
-0.552619 -0.611304 -0.116233 3
-0.178549 -0.148261 -0.0987078 3
