# 1 = ball
# 2 = lepton
# 3 = photon
# 4 = PID > 100
# 5 = neutrino
# 6 = other
-10.244 -8.86773 -13.104 4
0.278341 -0.01003 -0.159765 4
-0.95696 -0.546292 0.794607 4
-0.742169 -0.420856 0.160926 4
-0.139306 0.285903 0.131336 4
2.08195 -0.265806 1.05701 4
6.84114 1.77104 2.00793 4
9.00755 1.32709 1.72182 4
-3.78572 -3.02513 -4.66081 4
-0.301412 -0.5036 -0.777589 4
-0.664468 -1.04769 0.546039 4
0.0845416 -0.21683 0.0551288 4
-0.84342 -0.376423 0.771045 4
-0.560421 2.41841 0.275869 4
-0.618846 1.23908 0.574931 4
-0.586481 1.47277 -0.429157 4
-0.494959 0.840741 0.803903 4
-0.166132 -0.0604169 0.191588 4
0.0856925 0.209788 0.127141 4
0.579389 0.266344 0.675606 4
0.430452 -0.137568 -0.0360066 4
2.54349 0.0213679 1.42513 4
0.721401 -0.173883 0.575752 4
-0.0461349 0.1741 -0.0565781 4
-0.00392238 -0.0226594 -0.0844251 4
-0.698017 0.693404 0.546016 4
-0.933501 1.12895 0.619784 4
-0.0402337 -0.134027 0.231934 3
-0.230948 -0.151414 0.430861 3
0.0685751 0.0154108 0.0146152 3
0.378996 0.433895 0.273574 3
0.54855 0.0534482 0.0461206 4
1.35339 -0.173602 0.533541 4
-0.749189 1.2039 0.180825 3
-0.667774 0.970434 0.0394399 3
-0.224543 0.162954 0.168292 3
-0.109426 0.0354779 0.18412 3
-0.0471487 0.171519 0.0709734 3
-0.0975241 0.0408025 -0.00601848 3
0.515781 -0.265917 0.6866 3
0.117934 -0.0860283 0.290506 3
0.0334826 0.300421 0.268231 3
0.101265 0.196145 0.0969726 3
0.01239 0.023044 0.00287736 3
-0.250469 0.324717 0.371056 3
-0.293004 0.405099 0.267713 3
-0.398904 0.407113 0.178752 3
-0.21945 0.354844 0.273113 3
-0.114155 0.177844 0.0349486 3
-0.0489326 0.0395834 0.0223081 3
-0.35407 0.577439 0.694722 3
0.0988755 0.127323 0.107458 3
0.0961362 -0.0202323 0.0852397 3
-0.03057 0.0634244 0.0279662 1
0.0987011 -0.0689376 0.122525 1
-0.0156538 0.0706062 -0.136277 1
0.0136814 0.00448211 0.0124231 1
-0.0115261 -0.104382 -0.0498195 1
0.0145385 0.0643107 0.0182291 1
0.080174 -0.0989785 0.132181 1
-0.133644 -0.0456186 -0.0774775 1
0.142435 0.0622763 0.0543796 1
0.0469076 0.0464038 -0.00580793 1
0.132326 0.132232 0.152926 1
0.126155 0.0491266 -0.105882 1
-0.0875836 -0.668335 0.00245298 1
0.124245 0.0564372 -0.159623 1
-0.0466471 -0.193042 -0.0435366 1
-0.0401964 -0.037232 0.195863 1
0.0822755 -0.114448 -0.220594 1
-0.0751654 -0.0616799 0.108307 1
-0.241389 -0.184159 0.028301 1
-0.193438 0.291255 -0.0270316 1
0.00770554 -0.0442349 0.0307706 1
0.14461 -0.17443 -0.0242271 1
0.0751549 -0.456821 0.0571547 1
-0.0222378 -0.111767 -0.0196892 1
-0.475639 0.253288 0.262199 1
-0.0381152 0.0661458 0.0147896 1
-0.0428116 -0.187423 0.0162022 1
0.0860969 -0.0411365 0.123736 1
-0.0400063 0.0642365 0.0246716 1
-0.151484 -0.0133475 -0.211924 1
-0.00199114 0.00773521 0.0281662 1
0.185326 -0.251083 -0.128685 1
0.10061 0.0429078 0.168434 1
0.076415 0.0968812 -0.0486521 1
-0.0615329 0.0986725 -0.0465249 1
-0.0410406 0.0428894 0.0709985 1
-0.0278766 0.146133 0.308997 1
0.0383546 0.00804169 0.0401437 1
-0.137218 0.0757507 -0.0607831 1
-0.00760022 -0.250456 0.0627411 1
