# 1 = ball
# 2 = lepton
# 3 = photon
# 4 = PID > 100
# 5 = neutrino
# 6 = other
1.78838 -2.11208 35.5856 2
0.988976 -0.65322 -29.77 2
-0.01259 -0.0943028 -0.114059 3
-0.492509 0.858819 -0.709676 4
-0.246771 0.881146 -0.593508 4
-0.123409 0.0401138 -0.356585 3
-0.359947 -0.0261603 -0.577576 3
-0.419138 -0.0239288 -0.192835 3
-0.117364 0.152837 -0.680829 3
-0.153185 0.343778 -0.380706 3
-0.246594 0.339111 -0.278208 3
-0.395861 0.997122 -0.0107275 1
-0.0285806 -0.012814 0.00912248 1
-0.168328 -0.0871421 -0.253017 1
-0.504915 -0.0807793 0.293985 1
-0.566005 0.84192 -0.115698 1
0.102861 0.344714 0.227851 1
-0.00975456 -0.260978 0.0466635 1
-0.0997976 -0.0496374 -0.551368 1
-0.11125 -0.0318719 0.267608 1
0.316115 -0.218441 0.444289 1
-0.96279 0.211061 -0.389266 1
0.188496 -0.264379 -0.221236 1
-0.296736 -0.374407 -0.347368 1
-0.0803942 -0.291073 -0.185624 1
0.404394 -0.0967015 -0.240682 1
-0.220227 -0.09403 0.222948 1
0.464271 0.248888 -0.272044 1
-0.0942678 -0.111018 0.279904 1
-0.0119211 0.00709471 0.769813 1
-0.126299 -0.0518787 -0.213789 1
-0.00736355 -0.192971 0.0467144 1
-0.0467704 0.5805 -0.621606 1
-0.100703 0.182982 -0.151346 1
0.0420524 -0.198215 -0.128862 1
0.575318 -0.242426 -0.153738 1
-0.0278403 0.168057 -0.206179 1
0.312808 -0.106206 -0.493447 1
0.53072 -0.442665 -0.199964 1
0.0682649 -0.102212 0.515676 1
-0.509929 0.536695 0.392529 1
0.0640658 0.0502844 0.00383254 1
-0.113716 0.0665816 0.0104166 1
-0.553742 -0.0215267 0.0191241 1
0.413507 0.127213 -0.410178 1
0.0821711 -0.121234 -0.240761 1
-0.0952341 0.132839 -0.127204 1
0.24388 -0.908517 0.174798 1
0.716467 0.159632 -0.126528 1
0.00118761 -0.000576086 0.00378637 1
