# 1 = ball
# 2 = lepton
# 3 = photon
# 4 = PID > 100
# 5 = neutrino
# 6 = other
0.00578062 0.0026563 -0.0200661 3
-0.00744152 -0.00259383 1.64076 3
8.70097 4.8227 9.85007 5
2.26771 1.0838 2.85038 4
6.66006 2.96602 6.53255 4
8.53616 4.13527 9.62484 4
-1.16928 -0.898793 -1.308 5
-12.0523 -6.07393 -15.0068 4
-11.4125 -5.29694 -13.3325 3
-1.87459 -0.87188 -2.11186 3
-0.0227899 -0.0929265 -0.0321103 1
0.0272081 0.0381741 -0.0285051 1
0.0207504 -0.405088 -0.00234975 1
0.0167546 0.0386763 -0.0108318 1
0.0549826 0.118968 0.0731857 1
0.0652921 0.0556911 0.0157845 1
-0.00730869 0.0819914 0.0420817 1
-0.00717243 0.215459 -0.143214 1
-0.0194471 0.0019308 0.0515654 1
0.0449767 -0.0499293 0.512768 1
-0.00158117 -0.0622036 0.00194604 1
-0.068569 0.337158 0.104035 1
0.0847826 0.00548579 -0.125628 1
-0.0143751 -0.0203269 -0.000225554 1
0.0379429 0.0542266 0.129124 1
-0.0390377 0.0966478 -0.0309527 1
0.205429 -0.294349 0.139586 1
0.17382 0.039777 0.605277 1
-0.0150377 -0.00510436 -0.00130684 1
-0.190594 -0.0203434 -0.017526 1
-0.000559359 -0.000216476 -0.00207352 1
