# 1 = ball
# 2 = lepton
# 3 = photon
# 4 = PID > 100
# 5 = neutrino
# 6 = other
-3.10922 10.8396 2.9875 3
-0.146472 -0.0307049 -0.22972 4
-0.301817 -0.0262182 0.0134385 4
-0.920528 0.347394 -1.07151 4
-0.474997 -0.568355 -0.83933 4
0.149209 -1.27516 -0.455061 4
-3.02447 1.9637 -2.95056 4
-0.947927 -0.397695 -2.50322 4
-0.294933 0.0205894 -0.226851 4
-0.655721 -0.309335 -0.644992 4
0.0858442 0.0457714 -0.269593 4
0.481217 0.516569 0.434167 4
-0.177411 0.120496 -0.162153 4
1.06897 -0.758798 0.931002 4
-0.714787 0.137291 -0.637331 4
-0.201771 0.0381314 -0.443505 4
-0.0131402 0.174095 -0.0191882 3
-0.164024 0.244736 -0.126186 3
0.156328 -0.211441 0.0529836 3
0.495131 -0.648712 -0.0733908 3
-0.909104 1.09204 -1.40518 4
-0.12681 0.163575 -0.111346 3
-0.553391 0.363103 -0.478851 3
-0.329093 0.219721 -0.260073 3
-0.200187 0.280412 -0.252787 3
5.9637 -4.9419 3.09078 4
-2.00834 1.44977 -1.58225 4
12.1765 -8.47286 7.24424 4
0.696533 -0.490961 0.2443 3
0.288371 -0.169651 0.182452 3
-2.46518 1.71798 -1.50919 4
-1.51843 1.46381 -1.62718 4
0.0432695 0.200233 -0.018119 1
-0.476456 -0.0517347 -0.369165 1
0.205639 0.142439 0.664587 1
-0.0897142 -0.0118266 -0.302615 1
-0.202559 0.186193 0.0287925 1
-0.161998 0.111347 0.164352 1
-0.255972 0.105499 -0.0430085 1
0.0192675 0.0849913 0.0640421 1
-0.0929508 -0.0634829 0.549335 1
-0.331376 0.943152 0.375697 1
0.343677 -0.883289 0.122753 1
0.211771 -0.575231 -0.0171635 1
-0.0546609 -1.39543 0.175629 1
-0.128679 0.0501027 -0.0552603 1
-0.369497 -0.398386 -0.118148 1
-1.15156 0.139501 0.543439 1
1.36716 -0.132148 0.110339 1
-0.0825081 0.0242132 0.0220288 1
0.0889932 0.0608668 0.0341745 1
-0.632666 0.212037 0.0197516 1
0.328862 -0.217716 -0.0464037 1
0.184383 0.150228 -0.0354547 1
0.296823 -0.613158 -0.165194 1
-0.584945 0.636757 -0.050261 1
0.390259 -0.178931 0.291385 1
0.0805219 0.164162 0.0570073 1
-0.47094 -0.160423 -0.114403 1
-0.375061 -0.131078 0.955157 1
-0.41901 -0.0859434 0.776695 1
0.0383969 -0.168017 -0.24007 1
0.0169939 -0.07657 0.045591 1
-0.702042 -0.156476 -0.201416 1
-0.00368222 -0.0876631 -0.04448 1
0.58856 -0.42723 -0.0097461 1
0.106062 -0.21382 -0.323399 1
-0.0284566 -0.0802035 -0.14787 1
