# 1 = ball
# 2 = lepton
# 3 = photon
# 4 = PID > 100
# 5 = neutrino
# 6 = other
-0.0679483 -0.0790324 -0.66026 3
0.139635 -0.132542 0.261772 4
12.7001 -7.38792 -9.62601 4
2.2195 -1.18446 -1.61083 4
-12.0823 6.65368 9.5695 4
-9.91625 7.33906 8.89572 4
-3.72269 1.4356 2.02438 4
-0.911504 0.948157 1.69969 4
-1.07828 0.0229197 0.0474552 4
-0.285939 0.666934 0.261657 4
1.04305 -0.539132 -0.33934 4
0.3141 -0.233003 -0.689666 4
0.659539 -0.530293 -1.07665 4
3.66546 -2.5069 -2.73969 4
3.73986 -1.66013 -2.59757 4
3.32208 -1.51261 -2.99461 4
-0.471205 0.465974 0.506153 4
0.164913 -0.00173717 0.139195 4
0.858481 -0.838104 -0.535145 4
1.68871 -1.11478 -1.40105 4
-0.180471 -0.283078 0.0145221 4
-0.106338 -0.158984 -0.0933412 4
-1.4629 0.47184 0.966375 3
-0.552876 0.554078 0.655819 3
0.319274 0.0724616 -0.0985986 3
0.0074656 0.0271463 -0.0436728 3
-0.0472491 -0.0255795 -0.176245 3
0.0204284 -0.17687 -0.24333 3
0.240614 -0.275402 0.0344837 3
-0.217309 -0.0173064 -0.150716 3
