# 1 = ball
# 2 = lepton
# 3 = photon
# 4 = PID > 100
# 5 = neutrino
# 6 = other
1.95382 0.136093 35.6238 2
-3.23068 0.0702695 -35.5691 2
0.0914485 -0.184633 -3.17122 3
-0.00326976 -0.00107026 -0.00318803 3
1.13893 -0.545113 1.43101 4
0.1396 -0.607042 -0.147704 4
0.34571 0.0295657 0.503678 4
0.121184 -0.106678 0.143793 4
1.00075 -0.480074 1.13397 4
0.115921 -0.0412771 0.22363 4
0.119103 -0.00775195 -0.0210367 3
0.026727 -0.0596375 0.0670256 3
-0.0227113 -0.142305 0.225559 3
0.026978 -0.0173835 -0.0090643 3
0.0502128 -0.0646546 -0.0367081 4
0.170907 -0.0182664 0.203826 4
0.0872304 0.0363643 -0.0735743 3
0.103354 -0.0361002 0.0392116 3
0.0184417 0.079351 0.0406393 1
-0.356124 0.40916 -0.368545 1
-0.0442052 0.732895 0.00395016 1
-0.181054 -0.641817 0.136649 1
-0.284535 -0.155623 0.0434845 1
-0.0329287 -0.271446 -0.230549 1
0.0303187 -0.0875543 0.338389 1
-0.0413649 0.362024 -0.282993 1
0.331302 0.0436267 -0.090936 1
-0.313193 1.77916 0.306007 1
-0.821301 -0.0617892 0.0279312 1
-0.757407 0.472625 -0.151793 1
0.505147 -0.701351 -0.229082 1
0.0686646 -0.161789 0.352425 1
-0.694643 0.00869833 -0.063765 1
0.337665 0.233519 -0.395719 1
