# 1 = ball
# 2 = lepton
# 3 = photon
# 4 = PID > 100
# 5 = neutrino
# 6 = other
-0.000744866 0.000856318 0.00346758 3
-0.246744 1.24116 -0.0179483 4
-2.99563 6.68067 1.15119 4
-0.328695 1.51622 -0.0341352 4
-0.218921 0.422408 -0.0635171 4
-1.4886 3.47852 1.60855 4
-0.0923176 0.254204 -0.280598 4
0.27267 -0.297943 0.413023 4
-0.216819 -0.641613 -0.753109 4
2.7045 -4.45308 -3.73608 4
3.95957 -6.93851 -5.70408 4
-0.0324888 -0.551809 -0.0740465 4
0.415955 -0.0163544 -0.191334 4
-1.6593 -1.0246 1.47585 4
-0.144316 -1.03895 1.1274 4
-0.403638 -0.117102 0.851304 4
-0.433906 0.781356 0.398405 4
-1.31419 3.2577 0.762123 4
-0.0426948 0.516381 0.0632208 4
0.206742 -1.20178 -0.849076 4
0.299704 -1.31677 -1.33344 4
-0.0260933 0.000969559 0.0945419 4
-0.70299 0.0173414 1.88775 4
0.479148 -0.112654 1.69773 4
-0.0141799 0.116815 0.0254569 4
-0.399762 1.91772 0.350504 4
0.0902378 0.0352475 -0.0418442 4
-0.05526 -0.155128 -0.121298 4
0.562758 -0.827371 -0.234847 4
0.0384348 0.0247045 -0.0488752 3
-0.0589352 -0.0357163 0.000382384 3
-0.368006 -0.0335748 0.283711 3
0.161423 0.0606785 3.73432 3
0.15107 0.186378 3.4644 3
-2.45725 5.60933 0.161982 3
-0.05777 0.174158 -0.011194 3
1.67838 -2.0345 -1.56966 3
0.118269 -0.204222 -0.15336 3
-0.0558242 -0.0126556 0.0869137 3
-0.176058 -0.0952733 0.00812725 3
-0.0434819 -0.157534 1.00801 3
-0.0470422 -0.0459982 0.123538 3
-0.0897581 0.434057 -0.121915 3
-0.089837 0.180417 0.0196415 3
0.600473 -0.278859 -0.459004 3
0.0464074 -0.00718347 0.00239334 3
0.129926 -0.37232 -0.322497 3
0.370925 -1.06101 -0.642209 3
0.420719 -0.749362 -0.723782 3
0.216568 -0.381066 -0.251314 3
0.665221 -1.00774 -0.852221 4
0.387908 -0.990235 -0.702705 4
0.776101 -1.5018 -1.23531 3
0.0719956 -0.234897 -0.147608 3
-0.159093 -0.0374476 -0.037411 1
0.109692 0.145185 0.0611349 1
0.208874 0.337905 0.429079 1
-0.0538924 0.0717044 -0.0951429 1
-0.076613 0.0926821 -0.144088 1
-0.0196858 -0.166571 -0.463543 1
-0.229538 0.0884804 0.0225887 1
0.506449 0.168095 0.128734 1
-3.23817e-05 0.000251939 0.006592 1
-0.291215 0.121512 -0.00263848 1
0.0230082 -0.105319 -0.0713563 1
-0.602577 0.221849 -0.159651 1
0.0450945 -0.124682 0.209149 1
-0.145359 0.328908 -0.08443 1
0.120111 -0.150623 0.0738589 1
0.000912975 -0.00160348 0.0002055 1
