# 1 = ball
# 2 = lepton
# 3 = photon
# 4 = PID > 100
# 5 = neutrino
# 6 = other
0.0590768 0.142036 1.18366 3
-0.106507 2.40353 -0.738024 4
-1.08618 6.78309 -1.29629 4
0.202783 6.93071 -0.892264 4
0.158511 2.24304 -0.766113 4
-0.600619 0.434206 0.241954 4
0.640547 -0.0259888 1.28626 4
0.748402 -0.254359 0.256671 4
-0.136227 -0.860249 0.127679 4
0.0377528 -1.27931 -0.22829 4
2.07819 1.06598 2.95618 4
1.3893 -0.312494 1.07157 4
1.77988 0.392927 0.97807 4
1.85974 0.47577 1.90566 4
0.314488 -0.0649922 1.1274 4
1.78524 0.362173 1.1409 4
-3.86475 -10.7098 -2.99076 4
-0.592325 -2.0577 -0.400738 4
-3.78581 -10.1297 -2.73404 4
-1.17149 -3.68446 -1.13366 4
-0.203587 3.41478 -0.24608 3
-0.153129 4.00275 -0.407116 3
-0.0653657 0.0074273 0.101366 3
-0.217374 1.55817 0.149135 3
0.0130829 0.0224146 0.0154904 3
0.721445 0.665358 -0.204232 3
0.177475 -0.307974 -0.165373 3
0.253689 -0.380309 0.41857 3
-0.240173 0.0479644 -0.253605 3
0.0033496 -0.0275087 -0.0392617 3
0.698484 -0.253711 0.676982 3
0.0401023 -0.0433768 0.0230989 3
-0.0335439 0.0907961 0.0572424 1
-0.142784 -0.00633855 -0.0968617 1
-0.0114899 -0.597087 -0.00654604 1
0.00580251 -0.025699 -0.0022158 1
-0.143125 -0.460234 0.106332 1
-0.0679125 0.075699 -0.183183 1
-0.0391079 0.103897 0.256541 1
0.0078326 0.00775798 0.00509785 1
-0.0792935 0.0349725 -0.135179 1
-0.0859612 0.226499 -0.0466254 1
0.0932996 0.0470532 -0.206597 1
-0.116972 0.143719 -0.00975526 1
0.0667861 -0.0195736 0.0483886 1
-0.175103 -0.0959576 -0.125963 1
-0.075451 0.0184117 -0.10421 1
0.0607796 0.170873 -0.059013 1
-0.0192286 -0.0187475 0.125256 1
-0.100322 -0.0331681 0.114537 1
0.133872 -0.016939 -0.0663895 1
0.0193871 0.0371392 0.0300652 1
-0.254594 0.232385 0.0249304 1
-0.0272319 -0.0221433 -0.0111286 1
0.118771 0.0072391 0.0237477 1
0.00505428 -0.111473 -0.0339138 1
0.00626924 -0.00830235 0.0210219 1
0.0961368 -0.0375106 0.037053 1
0.0913364 -0.0547421 -0.0103857 1
0.129982 -0.332922 -0.0886358 1
0.0131469 -0.00613024 -0.0435036 1
-0.267647 -0.126671 0.14041 1
0.0418133 -0.0674354 -0.151426 1
0.195203 0.279922 -0.196988 1
-0.0582182 -0.0714522 -0.148678 1
0.111156 0.0587232 -0.0998775 1
0.0290862 0.050369 0.0359902 1
-0.16986 -0.0152586 -0.0590001 1
-0.0207876 0.0194818 0.0214575 1
-0.0919235 0.174751 -0.137063 1
0.00824339 -0.00830791 0.0222432 1
0.283414 -0.0500337 -0.187647 1
-0.276077 -0.154988 -0.0263173 1
0.00126849 0.000963346 0.00200208 1
