# 1 = ball
# 2 = lepton
# 3 = photon
# 4 = PID > 100
# 5 = neutrino
# 6 = other
0.00189443 0.00235387 -0.00108225 3
-1.56334e-07 3.80823e-06 0.000106766 3
0.668468 0.210483 -0.132571 4
0.233339 -0.276555 -0.415141 4
0.515285 -0.25997 0.298939 4
0.737292 0.272616 0.502089 4
-0.697602 -0.977598 -0.747946 4
-0.0721452 -0.229373 0.656553 4
-0.904233 -0.565663 -0.125347 4
-4.39522 -1.12678 0.998259 4
0.462683 0.224586 -0.337444 4
0.50464 0.217487 -0.807544 4
0.786358 0.453445 0.237974 4
3.24181 1.50276 -1.42436 4
0.655482 0.347563 -0.35159 4
2.06465 0.795992 -0.829138 4
2.99893 1.36086 -1.0719 4
-0.762407 -0.426053 -0.656416 3
0.0544862 -0.225727 -0.215952 3
-7.01072 -3.15981 2.17238 4
0.0882923 -0.19082 -0.00114762 3
-0.00122376 0.020913 -0.0114962 3
1.75288 0.472126 -0.856855 4
2.30794 1.33665 -0.552051 4
2.44396 1.08319 -1.02176 4
0.272099 0.118312 -0.0121018 3
0.173551 0.0180503 -0.0996875 3
-0.421091 -0.168807 0.172295 4
-11.7865 -2.98924 4.98529 3
-1.63178 -0.429566 0.743876 3
-0.36832 -0.00340628 0.0820684 3
-1.303 -0.121114 0.532427 3
8.85652 4.2157 -3.35739 4
1.31556 0.569266 -0.758619 4
2.4052 1.16227 -0.786247 3
1.60269 1.3053 -0.581465 3
0.935424 0.56566 -0.604033 3
0.719365 0.341097 -0.347965 3
-2.78056 -1.75205 0.454015 4
-2.65413 -0.445517 1.22272 3
-1.13421 -0.219889 0.434482 3
0.0519977 0.00789582 -0.294072 1
0.37531 -0.553001 0.937822 1
-0.235802 -0.483166 -0.00200027 1
-0.118977 -1.4318 -0.0144988 1
0.0559838 -0.388652 0.484928 1
0.0345624 0.531317 0.0468183 1
-0.0385398 -0.716239 1.45901 1
-0.000201316 0.00490397 -0.00423207 1
