# 1 = ball
# 2 = lepton
# 3 = photon
# 4 = PID > 100
# 5 = neutrino
# 6 = other
0.0397182 0.00322644 -0.0523677 3
-0.499857 0.00475134 0.187752 4
-1.18304 0.146824 -0.19205 4
-1.10328 -2.01658 -2.39904 4
-0.854528 -1.70904 -2.60629 4
1.74078 2.09649 6.5597 4
4.89618 4.23114 15.3138 4
-0.25837 0.620271 -0.741193 4
0.0386762 -0.119445 -0.353838 4
-1.50612 -2.57872 -6.48443 4
-0.339936 -1.48323 -4.05805 4
-0.616758 -0.66175 -1.59516 4
1.26197 1.41459 3.73372 4
1.29293 1.25963 6.73446 4
0.468545 0.227759 0.142076 4
-0.278621 0.245797 -0.569032 4
-0.874924 0.178324 -3.36692 4
-0.0038502 0.222019 -0.480107 4
-0.524037 0.250083 -2.31893 4
-0.0579607 -0.0563238 -0.058435 3
-0.461101 -0.0944163 -0.607949 3
0.14096 -0.09223 -0.0215629 3
-0.0245235 0.0113182 0.000908836 3
0.0653542 0.107057 0.209555 3
1.00737 1.339 3.82355 3
-0.0778947 0.162035 -0.140866 4
0.0963585 -0.206656 -0.282684 4
-1.70034 -3.43295 -8.49924 3
-0.138194 -0.208362 -0.59019 3
-0.2001 0.119286 0.455047 3
0.0199976 0.0189946 0.0277445 3
-0.0161254 0.00436249 0.0473894 3
0.172209 -0.0184783 0.0637584 3
-0.0870367 0.299886 -1.24862 3
0.0521139 0.193883 -0.826842 3
0.0120221 -0.0377068 0.00181174 3
-0.102783 0.0589606 0.0862826 3
-0.117903 -0.141367 0.0117979 1
0.132731 -0.114892 0.194082 1
0.0963751 -0.121465 -0.0169353 1
-0.115913 0.0445064 0.0550458 1
-0.106779 -0.064829 -0.0881542 1
0.02856 -0.0373194 0.0158177 1
-0.0642532 0.124245 0.084962 1
0.0272216 0.0451923 -0.0150742 1
-0.247562 -0.229133 -0.111215 1
-0.0222359 -0.00791299 0.00477298 1
-0.109965 -0.0650056 0.104096 1
0.0916922 0.0416262 0.11801 1
0.160805 -0.0870872 0.122832 1
-0.0297893 -0.218381 -0.0792126 1
0.00666622 0.119862 -0.160973 1
0.218773 0.247301 0.0154036 1
0.0446224 0.104571 -0.0350424 1
-0.341723 -0.074194 -0.198534 1
0.0250277 -0.327451 -0.0325149 1
-0.0728051 0.26112 0.117246 1
0.000640877 0.000809252 -0.000172016 1
