# 1 = ball
# 2 = lepton
# 3 = photon
# 4 = PID > 100
# 5 = neutrino
# 6 = other
0.00107145 0.00044343 -0.0106647 3
1.03973 -0.850576 0.00990748 4
0.591876 -0.469042 -1.07976 4
-6.83078 5.9714 13.3407 4
-5.22537 5.46394 10.9686 4
-2.07653 1.46565 3.41988 4
-2.14139 2.55384 3.56555 4
0.665841 -0.852805 -1.38775 4
-0.170343 -0.0829533 -0.467493 4
2.63534 -1.96344 -3.83835 4
3.8397 -4.36745 -7.93101 4
0.0997963 -0.223531 -0.0798371 4
6.435 -6.32411 -11.6571 4
-0.145889 0.260709 -0.0582333 3
-0.207856 0.835319 -0.184339 3
0.798738 -1.0246 -1.59092 3
0.822355 -1.02361 -1.82899 3
0.0685736 -0.0960944 -0.376792 3
0.0581487 0.0450034 -0.201217 3
0.0726169 0.0628061 0.0660427 3
0.0057622 -0.0123017 -0.0467217 3
0.0516505 -0.0347204 -0.0920336 3
0.200887 0.0529764 -0.0748329 3
0.0172403 0.0720675 -0.022377 3
0.0710852 0.0479926 -0.228798 3
-0.0113733 0.0162398 0.0212754 1
-0.173331 0.0691171 0.00723924 1
0.0710686 0.0403999 -0.0212619 1
0.135349 0.091639 -0.0228082 1
0.0211726 -0.0626203 -0.00228437 1
0.00386607 0.0249142 0.0615235 1
0.0733596 0.0342475 -0.0110524 1
-0.0455616 -0.0584322 0.130007 1
-0.0713532 -0.279304 -0.0431861 1
-0.259501 -0.0236907 -0.111823 1
-0.0293633 0.161319 -0.0378345 1
-0.309194 -0.151568 0.285467 1
-0.092966 -0.156796 -0.0375356 1
0.0495094 0.152936 -0.133347 1
0.00256465 -0.232833 0.0787166 1
-0.0838967 0.226154 -0.421161 1
-0.0851157 0.00415543 0.0698123 1
-0.0868987 0.0350848 -0.0271648 1
0.0394541 0.0208626 0.00516501 1
0.119707 -0.0694046 -0.176981 1
0.11086 0.0628812 -0.128159 1
0.0413297 -0.000302753 0.00374915 1
-0.151225 -0.0900972 -0.0812052 1
0.154604 -0.133881 -0.291749 1
-0.0308283 -0.103071 0.0038705 1
0.0756571 -0.00397344 0.10419 1
0.0349672 0.00823259 0.0509509 1
0.0464902 0.485146 -0.0101293 1
0.022979 0.0264273 0.356143 1
0.108782 0.0850545 -0.00144691 1
-0.143667 0.0649386 0.0453776 1
0.0959909 -0.0194982 0.0518541 1
0.00481385 0.160095 -0.155943 1
0.0405838 -0.0701407 -0.094861 1
-0.240148 0.0202629 0.0888251 1
-0.17286 0.165255 -0.320976 1
0.192344 -0.0693161 0.283671 1
0.0222684 -0.0110643 0.0777818 1
-0.0754036 -0.0375935 0.000483979 1
-0.057468 0.109634 0.146482 1
-0.0248079 0.00167035 0.0449178 1
