# 1 = ball
# 2 = lepton
# 3 = photon
# 4 = PID > 100
# 5 = neutrino
# 6 = other
0.427431 0.284586 8.44166 3
-0.0292452 0.0173822 -0.576089 3
-1.62154e-05 8.59893e-06 -0.000319195 3
0.349342 0.516641 0.517131 4
0.572228 -0.78776 0.745587 4
3.69155 -1.78208 6.62993 4
4.07245 -2.43311 5.39649 4
-1.50762 0.527865 -9.88156 4
-0.393849 0.339361 -1.37047 4
-1.41643 0.861686 -10.9184 4
-0.56337 0.547422 -3.64423 4
-0.164961 0.546371 0.391791 4
-0.34042 0.628571 0.101104 4
-1.31791 0.677093 0.710794 4
-0.300908 0.181932 0.403831 4
0.122206 0.600469 0.619784 4
-0.00460473 -0.0756718 -0.327788 3
-0.0673385 0.0444117 0.036983 4
-0.972711 0.244811 -0.529635 4
0.0662635 0.0420013 -0.000224439 3
0.107535 0.0342527 -0.195618 3
-0.0200229 0.165954 0.62335 4
-0.199875 0.686779 0.649835 4
-0.136912 0.192392 0.0534157 4
-0.110901 0.500242 0.521359 3
-0.045408 0.0247071 0.0553105 3
-1.25234 0.771136 -1.57525 4
-0.272714 0.137034 -0.726539 4
-0.10579 0.0673784 -0.0750445 3
-0.156187 0.186673 0.0312339 3
-0.0304932 -0.21161 -0.0120767 4
-0.299278 -0.0385398 0.266582 4
-1.37328 -0.505697 0.426852 4
-1.99714 -0.869805 0.694648 4
0.0414551 -0.0437938 0.0690152 3
-0.0510271 -0.127463 9.56725e-05 3
-0.0691217 -0.437438 0.400419 1
0.0540556 -0.175379 0.168329 1
-0.065793 0.0136633 -0.359073 1
0.401919 -0.0145266 0.197268 1
-0.384114 0.26029 0.247878 1
-0.0156817 -0.132248 -0.0230882 1
-0.0654796 0.182635 0.565552 1
0.115503 -0.18655 0.262023 1
-0.10921 0.236451 0.179777 1
0.244797 -0.139195 -0.245581 1
-0.388911 -0.3916 0.00655146 1
0.662107 -0.0262696 0.375838 1
-0.36297 0.778516 -0.303525 1
-0.108536 -0.0234394 0.0696101 1
0.0698292 0.243226 0.171135 1
0.0241906 0.18062 -0.0910083 1
-0.0381712 -0.0496179 0.443663 1
-0.59122 -0.123294 0.0200712 1
0.0818718 -0.232246 0.538033 1
0.504567 0.111727 0.269646 1
0.188205 -0.245736 0.184343 1
-0.320327 -0.0631409 -0.236724 1
-0.994322 -0.913738 -0.877408 1
0.325963 -0.187395 -0.135856 1
0.116551 -0.0884617 0.0178588 1
0.207458 0.0225665 -0.440682 1
0.0332743 -0.326579 -0.0602995 1
0.780148 -0.674153 0.87004 1
0.027779 -0.178275 -0.256735 1
0.401842 0.937806 -0.347082 1
0.307083 -0.395517 -0.283122 1
0.284397 -0.267285 0.142397 1
0.959208 0.221632 0.347101 1
0.158655 0.231851 0.152694 1
0.156781 -0.099891 0.116661 1
0.839915 0.127147 0.124109 1
0.176132 0.0316172 0.0846054 1
0.196001 -0.0896439 0.016676 1
-0.124089 -0.0697633 0.134337 1
