# 1 = ball
# 2 = lepton
# 3 = photon
# 4 = PID > 100
# 5 = neutrino
# 6 = other
-1.19634e-06 -1.39272e-06 -0.000195415 3
-1.18731 0.765377 0.565614 4
0.149781 0.206864 0.214626 4
-0.329157 0.448939 0.157651 4
-2.52686 1.10822 1.18674 4
-0.875414 -0.0125662 1.61835 4
-0.173481 -0.840282 1.1011 4
0.10202 0.00818981 0.510499 4
-0.19797 0.134359 0.0670218 3
-0.797389 0.549097 0.336416 3
-2.05908 1.17983 0.908039 3
-0.183055 0.00843382 0.0959477 4
-0.057485 -0.269811 0.616988 4
-0.0105757 0.00673556 -0.013305 3
0.108472 0.19596 0.243283 3
0.437816 -0.298406 -0.304319 3
-0.347821 -0.0886212 0.0446442 3
-0.205879 0.0300524 -0.0295214 2
-0.0253762 0.00290993 6.65398e-05 2
-1.29339 0.670125 0.386458 4
-1.12169 0.346534 0.483983 4
-2.5859 2.30463 1.3475 4
0.0468279 -0.0114456 0.0987242 3
0.0472218 0.106989 0.0329368 3
4.58131 -4.23423 -3.04363 5
2.24156 -0.425776 -0.873379 2
-0.00240328 -0.0140254 -0.00414184 3
-0.821353 0.796653 0.436994 3
-1.06184 0.857141 0.607159 3
-1.68799 0.535345 0.719229 4
-2.28744 1.21371 1.28205 4
-0.153927 0.0321091 0.0685746 3
-0.221587 0.0589421 0.0451406 3
-0.262979 0.225163 0.132682 3
1.35549 -0.847749 -1.03816 4
5.07575 -2.9243 -3.99309 4
0.883895 -0.641398 -0.753909 4
7.57512 -4.33707 -5.42043 4
4.2674 -2.62341 -2.69161 4
-2.46835 1.93269 2.17771 4
-4.12459 2.54744 3.21663 4
-1.20043 1.24933 0.565998 3
-0.483279 0.500091 0.319015 3
-0.000777562 -0.0102464 -0.00354083 3
1.38575 -1.02039 -1.17499 3
0.062771 -0.0644764 -0.0811465 1
0.326672 -0.138581 -0.189493 1
0.154165 -0.221058 -0.437655 1
0.0230345 -0.0394227 0.0722806 1
-0.077138 -0.213472 0.193064 1
-0.114507 0.104662 0.133582 1
0.146344 0.0302875 0.0507472 1
-0.100681 -0.0955578 -0.0722219 1
-0.143034 -0.0437171 -0.117406 1
-0.0655061 0.0254917 -0.0105161 1
0.049736 0.0414169 -0.15993 1
-0.127991 0.0466404 -0.0967341 1
-0.0395385 0.0286213 0.0423794 1
-0.00602179 0.0584037 -0.0199268 1
0.199944 0.0375649 0.208942 1
-0.0655317 -0.106193 -0.161421 1
-0.0905026 -0.317515 0.114853 1
-0.117038 -0.00468674 0.0870702 1
-0.0227953 -0.0578169 -0.00567056 1
-0.129029 -0.101109 0.0255473 1
0.0253756 0.084912 -0.0349545 1
-0.080587 0.0590244 0.188486 1
-0.0298408 -0.0553298 -0.0864541 1
-0.0114906 0.0173332 0.00369039 1
0.0114406 0.0352346 0.0089149 1
-0.0345133 0.194077 0.203929 1
0.0109547 0.0167256 -0.0285252 1
0.000568854 -0.0346849 0.0650264 1
0.0762753 -0.0260258 0.0260481 1
0.546547 0.838384 -0.344954 1
0.0646069 -0.10654 0.10176 1
-0.080037 0.157292 -0.10922 1
-0.075775 0.111553 0.0305452 1
0.0839247 0.0831616 -0.0650337 1
0.0645305 -0.065069 -0.00223549 1
0.120561 0.0984086 0.0455261 1
0.00105368 0.0255313 -0.0435453 1
-0.0131998 0.015221 0.057219 1
0.0390666 -0.0290984 0.0556095 1
0.0890702 0.0364048 -0.0837138 1
-0.126891 0.15796 0.054054 1
-0.0486248 -0.00610908 0.137929 1
