# 1 = ball
# 2 = lepton
# 3 = photon
# 4 = PID > 100
# 5 = neutrino
# 6 = other
0.195386 -0.23848 0.684621 4
1.18413 -0.687409 0.650388 4
1.68906 -2.9413 1.90317 4
-0.947118 0.0682901 -0.167556 4
-0.700826 1.34904 -0.875489 4
-0.385021 1.25906 -1.16971 4
-0.122296 3.13593 -0.0885822 4
-0.300518 0.886034 0.233393 4
-0.677663 0.33133 -0.373974 4
0.538863 -0.0853936 0.14401 4
0.594457 -0.834306 -0.0756132 4
-0.656823 3.26783 -3.16128 5
-1.66057 2.22639 -1.52179 2
-0.255621 0.556643 -0.436796 3
-1.25481 2.39394 -2.23761 3
-0.225947 0.837961 0.0592771 3
-0.130813 0.306178 0.093112 3
0.013391 -0.0520667 0.0243145 3
-0.00383302 0.0760573 -0.0191383 3
5.64001 -12.4178 9.77294 5
3.38919 -3.74676 2.97762 2
-0.27631 0.455117 -0.16113 3
-0.218454 0.237421 -0.0129811 3
0.00752371 0.0957842 0.110572 3
-0.0297388 0.283538 0.0599678 3
-0.932085 1.0396 -0.93857 4
-4.18367 4.33782 -5.60359 4
0.224228 -0.72951 0.585383 2
2.49239 -3.06521 2.10288 5
1.01867 -1.04859 1.82246 4
0.152775 -0.115409 0.1702 3
0.0932946 -0.196878 0.0770663 3
-3.8496 2.88865 -3.76393 4
-0.530079 0.551093 -0.89934 4
0.015109 0.0302539 0.0426065 1
-0.128178 0.248299 0.0432525 1
0.0896995 0.244968 0.182547 1
-0.0230024 0.00974791 0.0394213 1
0.00664088 0.0678021 0.167502 1
-0.0245912 -0.0261516 0.00236932 1
-0.0760279 0.112293 0.044376 1
-0.159297 -0.0580931 -0.188796 1
0.152639 0.0862636 0.0741244 1
-0.066888 0.0837159 -0.00326096 1
0.258512 -0.190173 -0.253965 1
0.0492764 0.00389991 -0.0798036 1
0.110324 -0.109517 0.00987952 1
0.116013 0.156836 -0.0480639 1
-0.106453 0.0753258 0.183352 1
0.116237 -0.109499 0.143915 1
0.0283227 -0.401427 -0.325818 1
0.039993 -0.135171 0.0500944 1
0.0360815 0.0734992 0.0326892 1
0.0202915 0.0316153 0.0465765 1
-0.300812 5.28076e-05 0.151704 1
0.135214 -0.120898 0.19422 1
-0.032343 0.0752634 -0.075137 1
-0.00709193 0.285083 -0.0970453 1
-0.0360948 -0.254323 -0.0377085 1
-0.215206 0.143636 0.0817491 1
0.0338906 -0.00157939 0.0961233 1
0.150519 -0.0763149 -0.309824 1
0.0339451 -0.0141258 0.0277174 1
-0.230825 -0.452875 0.0581156 1
0.0884749 -0.226366 0.0444501 1
-0.109605 0.00383189 -0.306217 1
-0.0818011 0.0740689 -0.113668 1
-0.0362896 -0.0824435 0.0005759 1
0.148494 -0.114859 -0.00260644 1
0.00233468 0.222719 -0.045697 1
0.0363882 -0.107165 0.258794 1
0.0747286 0.026469 -0.0527749 1
-0.000186383 0.000729832 -6.13764e-05 1
