# 1 = ball
# 2 = lepton
# 3 = photon
# 4 = PID > 100
# 5 = neutrino
# 6 = other
-0.00579209 -0.00362211 -0.00639157 3
0.0028801 0.00184978 -0.00810792 3
0.0873597 0.231322 0.35318 4
0.144867 0.637283 1.33049 4
0.836659 4.51511 5.2367 4
0.394984 1.39598 1.90335 4
-0.103093 -1.89278 -1.06348 4
0.622035 3.03587 3.23025 4
-0.326533 1.1698 0.927176 4
-0.0575877 1.2235 2.22256 4
0.0585827 0.0379773 0.171528 4
-0.513237 0.671614 -0.560949 4
0.155183 1.32288 -0.714577 4
-0.186226 0.69055 -0.545511 4
-0.167624 0.686021 -0.594305 4
-0.128536 1.11744 -0.497615 4
-0.296765 -0.061024 -1.10285 4
0.00745248 -0.879488 -0.556024 4
0.640242 -0.550092 -0.468381 4
-0.791931 -5.76401 -3.7628 4
-0.344998 -1.53303 -1.60961 4
0.15988 2.07925 1.90194 4
-1.11606 -2.72909 -2.27219 4
-0.107713 -2.57184 -2.06756 4
0.370321 0.90908 0.837915 3
0.395679 0.713646 0.798538 3
-0.0383854 1.02561 0.656991 3
-0.069179 0.359053 0.167874 3
-0.497796 0.236712 -0.14451 3
-0.0252235 0.0324253 0.0210397 3
-0.580893 -1.66211 -1.33812 4
-0.25317 -1.14701 -0.86925 4
0.510162 1.99867 1.47359 3
0.291303 0.817658 0.577161 3
0.0164327 0.177122 -0.385951 3
-0.0451769 0.00864118 -0.0459189 3
-0.293429 -0.0178214 0.175308 3
0.00552024 -0.0177032 -0.00629186 3
-0.0107149 -0.977542 -0.738926 3
0.133267 -1.37028 -0.966297 3
-0.0531339 -0.11521 -0.067427 3
-0.159543 -1.40601 -0.788139 3
-0.267082 -0.923049 -0.663976 3
-0.236198 -1.40567 -0.972569 3
-0.00841238 -0.35247 -0.193179 1
0.198477 0.0339457 -0.069855 1
-0.168168 -6.98795e-05 0.239308 1
-0.00944207 0.250279 0.118321 1
0.0705411 -0.0410981 0.147458 1
0.0666846 0.390954 -0.0198035 1
0.171693 -0.192727 0.216333 1
-0.0592802 0.183071 0.673531 1
0.0803577 0.184415 -0.010627 1
0.107609 -0.042277 0.0402807 1
0.120879 0.089214 -0.0888661 1
0.776721 0.0939117 -0.298899 1
-0.173317 0.0185646 0.147531 1
0.0234165 -0.0606988 0.00830433 1
-0.188191 -0.276691 0.020265 1
0.237933 -0.100123 -0.0598339 1
0.242168 0.531007 0.610097 1
0.206854 -0.1485 0.138893 1
-0.508352 -0.278552 0.376292 1
-0.096801 0.0478601 -0.0414564 1
-1.06027 0.438705 0.657021 1
-0.181755 0.034265 -0.214825 1
-0.228814 -0.0175595 0.137262 1
-0.278808 -0.310867 0.222358 1
-0.246011 0.0710722 -0.0989196 1
-0.0568847 -0.138872 -0.256789 1
-0.560438 0.910928 0.0668398 1
0.16233 0.0403406 0.19029 1
0.191959 0.133107 0.445672 1
0.441194 0.0327366 0.0349365 1
0.116489 -1.01912 -0.255911 1
0.136407 -0.0320842 0.175818 1
0.0732416 -0.39227 -0.430662 1
0.696661 -0.123497 -0.535617 1
-0.131532 -0.3344 -0.509537 1
0.461173 0.420716 -0.438067 1
0.696336 -0.209366 -0.167863 1
0.0871679 -0.399389 -0.271851 1
0.0818836 0.0744432 -0.238404 1
0.13797 -0.282471 0.0266937 1
0.213535 0.705892 0.3396 1
