# 1 = ball
# 2 = lepton
# 3 = photon
# 4 = PID > 100
# 5 = neutrino
# 6 = other
-0.183961 0.000504075 0.348141 3
0.0761525 -1.424 0.4393 4
-0.920989 0.641632 -1.15302 4
0.205194 -0.0589504 0.118623 4
0.609001 0.864474 -0.0561986 4
0.247049 0.139222 -0.938369 4
-1.3912 1.32327 -2.80799 4
-0.450591 0.187983 -1.064 4
0.888808 -7.42323 1.78939 4
-0.340578 -0.795132 0.317318 4
-0.364501 -0.249651 -0.463415 4
0.625542 0.215526 -0.435544 4
-0.818107 1.86084 -0.281171 4
0.079785 0.0229038 -0.0882124 4
-0.944159 8.38325 -0.868073 4
0.141843 1.49723 -0.0619164 4
-1.00022 7.195 -1.10131 4
0.526739 -5.01877 1.34872 4
0.655139 -7.68549 2.558 4
0.0106462 -0.00759689 0.00205324 3
0.353973 0.0950062 -0.718718 3
-0.131998 -0.0874639 0.020342 3
-0.101539 -0.2116 -0.0772756 3
0.0817683 0.515215 -1.18857 3
-0.0527799 0.574859 -0.387439 3
0.122274 1.38542 -0.193664 3
-0.0201249 1.13717 -0.179903 3
0.923073 -4.32203 0.975249 3
0.162218 -0.565692 0.101312 3
0.302327 -1.52019 0.896646 3
-0.0108861 -0.0968378 0.0387798 3
-0.37944 0.377 -0.100471 3
-0.0014598 -0.0105128 -0.00102346 3
-0.0014454 0.381656 -0.0612455 3
-0.0458694 0.0511737 0.0188939 3
0.0394595 0.00133021 -0.00986861 3
0.133237 0.326978 0.0362293 3
0.00559759 -0.341339 0.143026 3
0.0328237 -1.93255 0.471534 3
-0.0871243 0.080551 -0.154241 1
0.343841 0.0422445 0.28781 1
0.0677745 -0.106431 -0.112201 1
-0.115325 0.440603 0.0746307 1
-0.393924 0.0154461 -0.75662 1
0.23052 -0.0114375 -0.617206 1
0.134093 0.00139368 -0.149652 1
0.480498 0.513083 0.831097 1
-0.0762722 -0.0986394 -0.0877838 1
0.433329 0.524606 0.576702 1
-0.225299 0.242463 0.133476 1
0.970532 0.143588 -0.0839499 1
-0.00216481 0.16378 0.022572 1
0.0534502 0.14838 0.0752834 1
0.18801 0.0288235 -0.294755 1
0.26231 0.401157 -0.0895447 1
0.930675 1.47282 1.41165 1
0.0890109 -0.249743 -0.394309 1
-0.232868 0.236986 0.483221 1
0.939927 0.0492888 -0.339808 1
0.254781 0.295487 0.175283 1
0.061455 -0.167712 -0.407837 1
-0.227454 0.338465 0.555401 1
-0.00107337 -0.2516 0.109126 1
-0.139029 -0.132917 0.0778292 1
-0.10726 0.305145 -0.222476 1
0.322292 0.144357 -0.200712 1
-0.44665 0.524163 0.350695 1
0.303133 -0.466546 0.456924 1
-1.03256 -0.0705824 0.123715 1
0.115965 -0.0925633 0.182703 1
-2.13573 0.168226 0.562727 1
-0.0216591 -0.0594834 0.0341076 1
