# 1 = ball
# 2 = lepton
# 3 = photon
# 4 = PID > 100
# 5 = neutrino
# 6 = other
-0.000992926 -0.00219147 0.0104717 3
1.64403 -0.556956 1.23019 4
-0.225396 -0.0842542 -0.170036 4
0.659698 0.273075 -0.0532897 4
0.390244 0.525434 3.10082 4
0.347098 0.556249 -0.504574 4
0.169248 -0.102032 -0.438367 4
-0.172419 -0.4009 0.569751 4
-0.37298 -1.14491 -1.58941 4
-3.68232 -2.75629 -14.8911 4
-0.649316 4.16846 6.70391 4
0.756614 4.71429 7.3448 4
0.0655601 1.21997 1.99448 4
1.38309 -0.647685 2.09554 4
0.155541 -0.329054 0.430501 4
0.176403 -0.215833 1.3792 4
-0.311609 0.176885 0.947295 4
-0.468968 0.123467 -0.145112 4
0.233455 -0.0355751 -0.46415 4
-1.09395 -0.618895 -0.326133 4
0.0484181 0.0921066 -0.0801853 4
-1.32072 -0.40471 -1.96428 4
-0.256217 -0.176322 -0.604038 4
-1.11474 -0.684294 -2.91293 4
0.015527 -0.0737769 0.332063 3
0.634244 0.46139 0.477674 3
0.184506 0.0180285 0.563041 3
0.101085 0.138811 0.0591874 3
0.0963273 0.0495178 -0.0578087 3
0.334655 -0.45662 0.650358 4
0.0140266 -0.125284 0.0988439 4
0.455383 -0.191014 0.350332 3
1.31279 -0.318983 1.03617 3
0.556527 0.0371176 0.561524 3
0.505685 -0.491308 1.06909 3
-0.0206652 -0.0833677 0.0367467 3
0.192636 -0.414275 0.124251 3
0.123767 0.72359 1.34437 3
-0.0154634 0.126227 0.33539 3
0.0541559 0.131224 0.173239 3
-0.0562862 0.114103 0.0610011 3
-0.0532433 0.0651758 0.00655978 3
-0.1571 -0.00836378 -0.110056 3
-0.306126 -0.313916 -1.50018 3
-0.111615 -0.269227 -1.00304 3
-1.78838 -1.63086 -8.43739 3
-0.376443 -0.267811 -1.6803 3
0.208717 -0.420258 0.38677 4
0.444775 0.252321 0.331486 4
0.00663596 -0.0411055 0.333491 3
0.177292 -0.0517846 0.498808 3
-0.494568 -0.476622 -0.141317 1
0.360994 0.501391 0.704873 1
0.240949 -0.662796 0.475917 1
0.0784963 0.277002 0.166567 1
0.117038 -0.161351 -0.0219156 1
-0.336427 -0.152375 0.298416 1
0.848347 0.490051 0.642147 1
0.293557 -0.23969 0.0175615 1
0.00020908 -0.226249 0.156456 1
-0.00179207 0.00105177 -0.00371591 1
