# 1 = ball
# 2 = lepton
# 3 = photon
# 4 = PID > 100
# 5 = neutrino
# 6 = other
-7.76463e-07 9.44415e-07 0.000151157 3
-6.23568e-07 7.58448e-07 -0.000121067 3
7.11935 -0.850772 3.85625 4
0.571714 0.0972365 0.301092 4
0.435759 -0.289537 1.2479 4
1.01289 0.911552 2.48885 4
2.60388 -0.0209283 1.47829 4
1.09719 -0.103964 -0.0386618 4
0.450976 -0.380179 1.57883 4
0.42961 -0.0357598 0.855022 4
1.23292 1.90398 4.09325 4
0.515128 0.270125 0.914312 4
-0.214057 0.543769 1.2197 4
0.53332 -1.06307 -0.0711133 4
-0.441664 0.111056 -0.255768 4
-0.856015 -0.134082 -1.68947 4
-0.376337 -0.000941403 0.0608909 4
-5.53269 0.491814 -4.26062 4
-0.484959 0.165512 -0.221163 4
3.92155 -0.288646 1.49509 4
-0.911267 -0.155784 -1.71861 4
0.88388 -0.211609 0.319873 4
0.339235 -0.0163344 -0.00585917 4
0.13305 0.140953 0.0164998 4
0.0372127 -0.0734588 0.472455 4
0.528775 0.0784051 0.659185 4
0.990589 0.444562 2.41456 4
-0.103564 -0.112743 -0.0899973 3
-0.123856 -0.250283 -0.391323 3
0.140818 -0.0475608 0.0629204 4
0.827709 -1.05033 0.142278 4
-0.147932 -0.0904543 -0.231965 3
-0.267017 -0.3733 -0.430645 3
-1.26709 0.160132 -1.15405 3
-0.112998 0.0198843 0.0254448 3
-1.47775 -0.191075 -1.73789 3
-0.0053289 -0.00636085 -0.0116465 3
-3.06353 -0.191413 -2.87807 3
0.023521 0.00576365 0.00333744 3
1.39559 0.00297456 1.27481 3
0.0591309 0.144625 0.20234 3
0.717332 0.824335 1.4329 3
-0.129153 0.00713274 -0.197879 3
-1.40855 0.200858 -1.48056 3
-0.266222 -0.0401555 -0.285455 3
-4.7044 -0.164249 -4.75523 3
0.335809 0.121616 0.246462 3
0.532901 0.0202059 0.352354 3
0.0304263 -0.00668012 0.0217122 3
0.104964 0.266184 0.454547 3
0.108114 0.149621 0.338687 3
-0.0134181 -0.0202928 0.0335292 3
-0.0158411 -0.191264 0.0255599 3
0.0567476 -0.117739 -0.0719891 3
-3.40983 0.300637 -3.63994 4
-2.28001 -0.364675 -2.23943 4
-0.706539 -0.665662 -0.224248 1
-0.0721486 0.260612 -0.226768 1
0.705056 -0.538076 0.394941 1
0.400534 0.00742507 0.286847 1
-0.0551433 0.156274 -0.2376 1
-0.306867 0.184139 0.215392 1
0.39002 -0.457784 -0.268848 1
-0.0864577 0.133762 0.0869506 1
0.174933 0.380016 -0.258277 1
