# 1 = ball
# 2 = lepton
# 3 = photon
# 4 = PID > 100
# 5 = neutrino
# 6 = other
-0.00873154 0.0190671 0.00925509 3
0.011517 -0.0155083 0.0153797 3
-0.0645503 0.69111 -1.44684 4
-0.222177 1.26409 -1.65883 4
-0.128915 1.20843 -0.56668 4
0.0989443 -0.616035 -0.259535 4
-0.0031278 0.162728 -0.184617 3
0.116314 -0.0896225 0.0149703 3
0.0991604 -0.311892 0.36996 3
0.0171673 -0.155849 0.493625 3
0.0216059 -0.068065 0.0519777 3
-0.282234 3.49963 -3.95353 5
-2.90082 10.3491 -11.9309 2
-0.396378 0.741021 -0.366798 3
-0.112555 0.102525 -0.0397881 3
0.000953691 -0.0555809 0.0160539 3
0.279411 -0.779838 0.754537 3
1.08457 -3.32811 3.08149 4
0.168519 -1.63759 1.86465 4
-0.435272 1.01604 -0.75599 4
-0.105815 0.2255 -0.194794 3
-0.587834 1.696 -1.03031 3
-0.0205073 -0.961413 0.861566 4
0.949671 -3.0735 3.28571 4
1.47778 -3.61769 3.76602 4
1.07792 -3.36683 4.1066 4
0.104711 -0.655346 0.703137 3
0.0926385 -0.163801 0.162242 3
0.95592 -3.14873 2.98213 4
0.0751708 -1.15883 0.650106 3
0.0992717 -0.90043 0.639645 3
0.178321 -0.923214 0.966987 3
0.270676 -1.42489 1.38141 2
0.949224 -5.02692 4.87081 2
-2.64263 8.93192 -7.4679 4
-0.174644 0.801317 -0.583577 3
-0.043276 0.77121 -0.608182 3
