# 1 = ball
# 2 = lepton
# 3 = photon
# 4 = PID > 100
# 5 = neutrino
# 6 = other
5.71531 -9.03783 -9.5616 4
1.78013 -5.17811 -4.56006 4
2.06431 -2.37798 -2.93303 4
-0.205949 -0.59117 0.1644 4
-0.251802 -0.167911 -0.0777526 4
0.0619397 -0.125262 0.132802 4
-0.0120278 0.0871787 8.12584e-05 4
4.81768 -10.5931 -10.5464 4
0.539537 -1.71418 -1.19043 4
-0.165538 -0.0206066 0.295072 4
-0.943936 2.2848 2.14909 4
-6.15154 12.4533 12.1589 4
-4.70512 8.72534 8.79113 4
-0.0120046 -0.0037645 -0.0097295 3
0.365913 -0.019576 -0.425466 3
0.284055 0.336228 0.689095 3
-0.00735286 0.0357943 0.0246474 3
-0.147731 0.176706 0.0760435 3
-0.571031 1.17083 0.494613 3
-0.608793 0.921954 1.19596 3
-0.0324982 0.131149 0.129995 3
-0.446357 0.997032 1.02386 3
-0.160522 0.593517 0.534081 3
-0.0904486 0.117793 -0.265033 3
-0.0337792 0.204482 -0.171811 3
-0.040174 -0.0520487 0.267434 3
-0.101447 0.0489237 0.171534 3
-0.75849 1.18008 1.06367 3
-0.182332 0.416521 0.37889 3
