# 1 = ball
# 2 = lepton
# 3 = photon
# 4 = PID > 100
# 5 = neutrino
# 6 = other
0.308267 -0.391671 -3.74723 4
1.36828 -0.139591 -5.93697 4
0.0337125 -0.150097 -2.07013 4
0.396692 0.32979 -0.741706 4
0.178808 0.144393 -0.0313482 4
-0.225283 -0.666276 1.65626 4
-0.524608 -0.0398597 2.12511 4
0.873096 -0.588092 -4.92425 4
0.118333 -0.0822302 -0.548363 4
-0.165703 0.316626 -1.00722 4
0.935728 -0.712227 -3.35678 4
-0.0257021 -0.245769 -1.65823 4
-0.499016 0.400206 1.26885 4
0.0822455 0.188507 0.457295 4
0.0565425 0.0239214 1.2671 4
-0.754968 0.510656 4.0007 4
-2.73978 0.349328 9.89672 4
-1.37593 0.339266 6.01066 4
0.113201 -0.0864771 -0.162161 4
-0.388899 -0.56437 -0.382398 4
-0.163063 -0.263532 0.173852 3
-0.324888 0.474058 1.81346 3
-0.625262 1.14332 4.65737 3
0.0242577 0.148349 1.74564 3
-0.0954624 0.11583 2.48153 3
0.525052 -0.0696204 -2.73148 3
1.81992 -0.284448 -10.8918 3
0.0690667 0.00504651 -0.0481115 3
-0.00396815 0.102676 0.0129135 3
0.0470567 -0.0996489 0.0636577 3
-0.0845719 -0.206092 0.0560366 3
-0.0310466 0.106689 -0.163908 3
-0.0386586 -0.038959 -0.068515 3
-0.107635 0.493822 0.224829 3
-0.0612991 0.0491627 0.0452501 3
0.154742 0.0977753 -0.0244339 1
0.216725 -0.0445623 0.0531893 1
-0.342175 0.0182338 -0.187754 1
0.15287 0.142579 0.0569008 1
-0.188084 -0.186828 0.0379787 1
-0.194125 -0.0707285 0.0109184 1
0.239871 0.0420163 -0.104232 1
0.21431 -0.104629 0.189789 1
0.0467763 -0.108802 0.2505 1
0.00133418 -0.208552 0.254451 1
0.0558567 0.140447 0.17292 1
0.241134 0.150943 0.0127604 1
-0.00147298 0.103205 0.035726 1
0.0873992 -0.282875 0.256364 1
0.0291917 -0.0252201 0.0112903 1
0.0719663 -0.0450102 0.193725 1
0.0665873 0.0991144 -0.233972 1
0.0935061 -0.0684377 -0.0461728 1
0.0643145 -0.0742598 -0.0100339 1
0.0224442 0.0656788 -0.0322815 1
0.0416029 -0.0140337 -0.0114192 1
0.0453208 0.0443263 0.0385441 1
-0.1068 -0.196145 -0.0546771 1
0.0281506 0.0205756 -0.00963189 1
0.0249999 -0.0104151 0.131488 1
0.209894 0.143599 -0.0799436 1
0.0182806 -0.0172264 -0.027549 1
0.0433027 -0.146771 0.0235499 1
-0.102277 -0.0053625 -0.0755369 1
0.161162 -0.013632 -0.298268 1
0.329656 -0.133476 0.25923 1
0.160218 -0.11478 -0.505125 1
-0.0362704 0.0165948 -0.0601107 1
-0.0477641 0.0567578 0.104734 1
-0.117157 0.208792 0.115597 1
0.0355644 -0.123422 0.102642 1
-0.226531 0.0440587 -0.0403821 1
-0.13289 -0.0403274 0.109103 1
-0.0761565 0.0281085 -0.106535 1
