# 1 = ball
# 2 = lepton
# 3 = photon
# 4 = PID > 100
# 5 = neutrino
# 6 = other
-0.0040413 0.0025273 -0.361571 3
-1.63162 3.7184 11.8846 4
0.224994 0.391544 0.557984 4
-0.616343 0.186746 1.44714 4
-0.00185396 -0.172593 1.09776 4
-0.0309071 -0.0815559 -0.23318 4
0.847243 -0.52282 -2.11683 4
-0.0323394 0.305682 0.598927 4
0.168075 0.441377 0.338857 4
-0.429341 -1.24553 -0.424763 4
-0.867948 -1.13798 -1.17432 4
6.21432 -5.09828 -29.4762 4
-0.432008 0.827124 2.99609 4
-0.369438 0.694113 2.17312 4
-0.418438 -0.257822 0.326961 3
-0.442304 -0.148852 0.220893 3
-0.0337987 -0.149164 -0.143406 3
-0.684856 -1.4229 -1.15776 3
0.216483 -0.191373 -0.234021 4
0.0731913 -0.248452 -0.23981 4
-0.473509 0.897865 2.72708 3
-1.39753 2.52741 8.41382 3
-0.141446 -0.0207603 -0.170264 3
0.00467558 0.0174226 0.0160055 3
-0.0183649 0.244383 0.699017 3
-0.355289 1.03013 3.27601 3
-0.00744156 -0.0506941 -0.0105544 3
0.0518123 -0.248061 -0.422078 3
-0.0210416 0.0103038 -0.0600567 3
0.180237 -0.0714571 -0.431593 3
0.0274929 -0.0758463 -0.107864 3
0.0687502 0.0527853 -0.111258 3
0.338381 0.0525 -0.0958042 1
-0.00767495 -0.017253 -0.110172 1
-0.0324439 -0.175573 -0.268857 1
0.198427 0.0357317 -0.0345665 1
0.16054 -0.032179 0.0103246 1
0.0518219 -0.0039132 0.00418869 1
-0.0293979 -0.0919484 0.102225 1
-0.0750465 0.0349071 0.021821 1
0.0305617 -0.0594859 0.036793 1
-0.21426 -0.183908 0.149348 1
0.0183111 -0.00301869 -0.01665 1
-0.0830586 -0.127895 0.322157 1
0.334196 0.188187 0.229128 1
0.120891 0.0218648 -0.160312 1
-0.154923 -0.0611679 -0.0984026 1
-0.0224988 0.0732057 -0.0413372 1
-0.156289 0.21843 0.0830991 1
-0.107522 0.00937554 0.128709 1
-0.0354102 -0.115361 -0.157309 1
-0.111456 0.130993 -0.0226605 1
-0.0331226 -0.0699335 -0.0779035 1
0.217244 -0.0158423 -0.0718083 1
-0.153 0.0240212 -0.0429034 1
-0.0262588 0.0199122 0.0128271 1
0.0565849 0.0847242 -0.0922513 1
-0.0216003 0.0574895 0.30104 1
0.0157378 0.0217023 0.0114855 1
0.0485415 0.132527 0.0154727 1
0.100049 -0.0999338 -0.0270985 1
-0.0575328 -0.0333911 0.0337192 1
-0.0112098 0.010856 -0.0960242 1
-0.0257563 0.207815 0.116803 1
0.542493 0.00613642 -0.164495 1
-0.322174 -0.40657 0.309423 1
-0.431423 -0.18442 0.161763 1
-0.00113537 0.0497779 -0.0965137 1
0.134464 0.235843 -0.0985646 1
0.0775431 -0.137865 -0.175497 1
