# 1 = ball
# 2 = lepton
# 3 = photon
# 4 = PID > 100
# 5 = neutrino
# 6 = other
0.00783909 0.0195482 -0.80862 3
0.342217 0.722908 0.465812 4
1.30506 0.779882 2.03447 4
-1.01807 -1.17026 0.857232 4
0.228116 -0.0700166 -0.0853383 4
-0.0652088 -1.41424 -0.0616917 4
-0.530262 -0.444075 -0.912272 4
-0.418696 -0.00526556 -0.691751 4
-3.4548 -1.99506 -6.33576 4
-2.72941 -2.34942 -8.10827 4
-3.0543 -3.00241 -5.33466 4
-0.630343 -0.048013 -1.5729 4
0.344474 0.703457 -0.298621 4
0.185311 0.950797 0.477724 4
1.16049 0.112952 1.20804 4
0.0649437 0.105799 -0.00922908 4
11.0745 10.2355 25.3196 4
-0.584313 -0.242932 0.148036 4
-0.577221 -0.627366 -0.140665 4
0.0612586 0.11882 -0.637231 4
-0.0556535 0.296919 -0.0317871 3
0.0650133 0.170394 0.0154032 3
0.475492 0.51536 0.812682 3
0.196059 0.107853 0.222059 3
-0.162279 -0.866672 -0.827739 3
-0.0759837 -0.128939 -0.169849 3
-1.06183 -1.16727 -2.05137 3
-1.28723 -1.64107 -2.66203 3
-0.00543103 -0.601093 -0.760254 3
0.0188711 -0.0984076 -0.228974 3
0.0142604 0.44096 -0.0911468 1
-0.227419 0.0150319 -0.0710708 1
-0.149249 0.0779321 -0.0836344 1
-0.0437507 0.163015 0.0317362 1
0.0204984 -0.103868 0.070442 1
-0.244748 0.13325 -0.0955868 1
-0.044897 0.0244353 0.00353617 1
0.0761931 0.105056 0.321311 1
0.00569074 0.00937107 0.0739435 1
0.0110485 -0.0305193 0.00108059 1
-0.0538806 -0.163849 -0.0110791 1
-0.0597032 0.147979 -0.0374452 1
0.0506498 -0.0450133 0.0343601 1
-0.0932755 0.0385975 -0.0874106 1
0.157865 0.0337491 0.277193 1
0.0858941 0.287771 0.121635 1
-0.0525524 0.201681 -0.0387864 1
0.396887 -0.0573098 -0.0611886 1
-0.174291 0.0151311 -0.204704 1
-0.0298607 -0.0248138 -0.00609047 1
-0.051396 -0.0955631 -0.0667995 1
0.0639052 0.00870699 -0.0251523 1
0.00964494 -0.218695 0.192903 1
0.0362527 -0.00690216 -0.0372962 1
0.00137171 -0.0102835 0.00504708 1
-0.0214524 0.238829 -0.363652 1
0.142792 -0.0641031 0.191117 1
-0.102804 -0.107194 -0.18108 1
0.000425924 -0.120089 -0.0631402 1
0.0680245 0.00923413 -0.0226095 1
-0.0536459 -0.00228614 0.0806774 1
-0.000839953 0.081205 0.0403051 1
0.0250801 -0.0156898 0.0496996 1
0.0254366 0.127746 -0.00535598 1
0.0600033 -0.0666609 0.0731705 1
-0.0141806 0.0573216 0.226739 1
0.0285625 0.0594257 -0.00290434 1
0.03716 -0.016007 0.0138548 1
0.0418921 0.0277426 -0.0290606 1
0.265597 0.0270041 -0.0969484 1
-0.0558288 0.00408933 0.0498864 1
0.00882342 -0.0220808 0.0030777 1
-0.0600145 -0.0946138 0.00779195 1
0.0815476 -0.0355866 -0.0191114 1
-0.00031181 -0.00177447 -0.000288707 1
