# 1 = ball
# 2 = lepton
# 3 = photon
# 4 = PID > 100
# 5 = neutrino
# 6 = other
0.26441 0.0211296 0.15128 3
8.19448 15.5453 -1.10026 5
5.54258 11.3356 -0.246313 2
6.07053 11.0454 -1.46484 5
-15.415 -27.6456 2.92986 5
-5.07747 -9.9734 0.0800889 4
-0.12997 -0.0741549 -0.0909448 1
0.0871658 -0.0331141 -0.17853 1
0.0325175 -0.0664338 0.0199296 1
0.177476 0.0301633 -0.168251 1
0.306486 -0.151611 0.155034 1
-0.0617214 0.221482 -0.0389847 1
0.235803 -0.0438836 0.0227589 1
0.423799 -0.0881039 -0.0614629 1
0.0793641 -0.317884 -0.0725335 1
-0.0668583 -0.0452022 0.020527 1
-0.137459 0.327092 -0.0713148 1
-0.0803843 0.00434958 0.127878 1
-0.022675 0.00012105 -0.0123065 1
-0.047899 0.018175 0.0319721 1
0.0193831 0.0373902 0.00736502 1
0.00891256 0.00252566 0.0042701 1
-0.00526751 0.0336966 -0.00741332 1
-0.47505 0.0482689 0.0116253 1
0.0774825 -0.23172 -0.050008 1
-0.000680729 0.000531582 0.000566413 1
