# 1 = ball
# 2 = lepton
# 3 = photon
# 4 = PID > 100
# 5 = neutrino
# 6 = other
0.00112937 0.000320559 0.00726287 3
-10.7551 -2.25531 -16.2611 3
-1.58279 -0.100581 -3.30337 5
-2.18321 0.635876 -3.64366 4
0.748115 -0.0667106 0.758758 5
20.9496 1.37226 32.9381 4
-2.54599 0.0175018 -4.21033 3
-0.613431 0.0446239 -1.12256 3
-4.86148 0.318178 -7.32661 3
-0.325701 0.0548213 -0.477628 3
0.409062 0.0333207 0.817165 3
1.03145 -0.0397442 1.69383 3
-0.218657 -0.0117327 0.183497 1
0.195836 0.105249 -0.0317898 1
-0.0900775 -0.0616718 -0.213522 1
0.0897734 -0.049867 0.0753812 1
0.21888 0.0415788 0.0912307 1
0.00921408 0.0127501 0.0472604 1
-0.039385 -0.0640302 -0.0137675 1
-0.495912 0.070371 -0.240062 1
0.114789 0.287924 -0.00153319 1
-0.0518111 0.00304895 0.184538 1
0.0178163 -0.0402123 -0.0538076 1
-0.0294986 -0.0274914 -0.135543 1
0.121901 -0.129853 0.148187 1
-0.0194036 0.0259879 -0.00487213 1
0.0366259 -0.079016 0.0175784 1
0.0501186 0.0540642 0.0499464 1
-0.175058 0.150442 -0.00215992 1
0.0294004 0.175426 0.139561 1
-0.0366433 -0.47755 -0.109734 1
0.000439844 2.35722e-05 -0.000210776 1
