# 1 = ball
# 2 = lepton
# 3 = photon
# 4 = PID > 100
# 5 = neutrino
# 6 = other
0.000524465 0.00022007 -2.95616e-05 3
3.5684 -0.51808 0.0182261 4
5.57891 -0.832944 -1.04919 4
-3.53882 0.344684 0.899245 4
-3.19727 0.560812 0.490975 4
-0.220971 -0.0207822 0.0974345 4
1.77755 0.111351 1.29541 4
2.24831 0.800469 -0.808799 4
-0.471975 -0.0243171 0.0680094 4
-1.84793 0.578529 -0.0281436 4
0.452973 0.3912 -0.707532 4
0.352699 -0.13905 -0.0075558 3
0.783209 -0.141721 -0.134119 3
0.538288 0.00687772 -0.0149426 4
1.42463 -0.517693 -0.0740646 4
0.920384 -0.166985 -0.0446125 3
0.737891 -0.21388 -0.130738 3
0.152224 -0.125105 -0.348053 4
0.667656 0.212493 -0.325533 4
-0.0980865 -0.0740199 0.519702 3
-2.60368 0.0306555 0.636264 4
-2.04003 -0.18361 0.267377 4
-3.41416 0.300287 0.560942 4
-7.54307 0.108312 1.49637 4
-0.450915 0.03275 -0.0523844 3
0.0240041 -0.125286 -0.306779 3
-0.00120887 0.000775417 0.0645629 3
0.18452 0.231008 0.241301 3
-1.1539 -0.0819163 0.21062 3
-0.0555829 -0.0316226 0.0266079 3
-0.0642476 0.0479634 0.0483836 3
-0.0954271 0.29916 0.449187 3
2.60604 -0.324078 -0.498872 3
0.663125 -0.147501 -0.105508 3
4.14065 -0.425253 -0.809196 3
2.04746 -0.152619 -0.32251 3
1.4463 -0.162105 -0.244538 3
1.00676 -0.0021153 -0.190937 3
0.965573 -0.0212781 -0.316285 3
0.232425 -0.0309363 -0.0143788 3
0.165866 -0.110864 -0.061895 3
0.0990177 0.0254604 0.0170954 3
-0.00995128 -0.0789463 -0.00431574 3
0.101559 -0.178088 -0.203845 3
-3.31945 0.154004 0.597971 3
-1.06156 0.102781 0.136627 3
-1.2423 0.0999736 0.148784 3
-0.599594 -0.0294212 0.0190144 3
-0.27309 0.156984 0.179574 1
-0.102388 -0.686302 -0.442464 1
-0.180268 -0.454234 0.393532 1
-0.463391 0.673011 -0.191763 1
-0.0372548 -0.232471 -0.0682429 1
0.397802 0.179615 -0.112443 1
-0.154531 -1.01164 -0.0659539 1
0.23654 0.273938 0.145637 1
-0.090174 0.365607 -0.413359 1
-0.048993 -0.29953 0.180869 1
-0.018163 0.302924 -0.302727 1
-0.340334 0.0226031 -0.41833 1
0.00614052 0.336781 -0.00230518 1
0.229629 -0.0804854 0.103539 1
-0.126906 0.62475 0.17288 1
-0.195951 -0.311379 0.471385 1
0.760438 -0.0848599 -0.726403 1
0.487959 -0.321692 -0.283237 1
-0.222353 0.244987 0.198783 1
0.41884 0.20823 0.336619 1
-0.640971 0.120338 -0.547394 1
-0.0583646 -0.0767622 -0.107387 1
0.0154864 -0.0249061 0.0598033 1
-0.0263297 0.0206764 -0.0489048 1
0.0696287 -0.183035 0.0518476 1
-0.385264 0.393862 -0.364604 1
0.981547 -0.259846 0.229777 1
0.466848 0.499878 -0.252924 1
-0.130975 0.0540197 -0.173473 1
0.173172 0.325189 0.698474 1
0.152804 0.00274084 0.00289001 1
0.321943 -0.370373 0.303944 1
-0.171907 0.0676009 -0.292828 1
-0.240729 -0.314242 0.307687 1
-0.181017 0.375896 -0.302082 1
0.0013038 -0.270403 -0.446477 1
-0.487554 0.152974 0.220749 1
