# 1 = ball
# 2 = lepton
# 3 = photon
# 4 = PID > 100
# 5 = neutrino
# 6 = other
0.000641052 -0.000202625 -0.000107988 3
-3.46179 7.50185 25.7654 4
-0.256337 0.359283 0.13737 4
0.44727 0.26972 2.78819 4
-0.0805466 0.0122071 1.92552 4
0.104659 0.707221 1.93321 4
1.27641 0.748446 0.673102 4
0.270194 0.262718 -0.0732213 4
0.0606652 0.0946443 0.0628 4
0.231192 -0.188615 -1.92966 4
0.113244 -1.23098 -5.16063 4
-0.0842415 1.23801 3.14627 4
-0.156647 -0.048389 0.26135 4
0.218894 0.751583 0.895028 4
0.601137 0.207245 0.958807 4
0.74752 -0.0132956 -0.00412763 4
-0.715204 0.262918 0.597147 4
-0.0465695 0.221536 0.18291 4
0.0195678 -0.684749 -0.53069 4
-0.041713 -0.0225908 -0.15327 4
-0.0232654 -1.37463 -4.16252 3
0.125154 -2.03048 -6.0377 3
0.440594 -2.16068 -7.56043 4
0.394212 -1.60875 -5.01531 4
-0.375316 0.120908 1.45468 3
-0.00640518 0.0402006 0.121834 3
0.0225811 0.0688982 0.0482954 3
-0.0137745 -0.0361814 -0.0356441 3
-0.0134112 0.0202846 -0.414481 3
-0.0216897 -0.0284258 -0.0195153 3
0.0387443 -0.110137 -0.20569 3
-0.0855642 -0.340852 -0.895859 3
-0.0221027 -0.164863 -0.274933 3
-0.0302273 -0.0907768 -0.465912 3
-0.0201331 -0.000302667 -0.0165116 3
0.189231 -0.0783486 -0.000573594 3
0.0237951 -0.809923 -2.60306 3
0.129236 -1.86449 -5.39204 3
