# 1 = ball
# 2 = lepton
# 3 = photon
# 4 = PID > 100
# 5 = neutrino
# 6 = other
0.00223817 0.00525544 -0.0101864 3
-2.99247e-08 -6.79802e-07 0.000105533 3
-3.91494 -2.03749 2.71899 4
-6.3946 -3.30708 3.66265 4
-0.303203 -0.230244 0.238186 4
-1.16652 -0.0282726 -0.3162 4
0.658124 0.887484 -0.502055 4
0.528702 0.146479 -0.341277 4
-0.157112 -0.0210122 -0.128336 4
0.285418 0.125833 0.0415157 4
4.11438 2.88406 -2.34107 4
19.8438 8.87681 -11.049 4
-4.93873 -2.70194 2.78229 4
-2.20819 -0.95779 1.44127 4
0.403907 -0.14392 -0.296208 4
0.764029 -0.0142314 -0.459899 4
0.19622 -0.0727058 -0.0821089 4
0.899043 0.94048 -1.13547 4
-1.68585 -1.03481 1.3597 3
-1.13024 -0.586332 0.94619 3
-0.299408 -0.0437604 0.0233226 4
-0.111435 -0.00395309 0.26668 4
0.866945 0.444385 -0.634008 4
2.0786 1.01615 -0.855292 4
-2.04577 -1.11057 1.12555 3
-6.96454 -3.52336 3.88482 3
0.0242218 -0.115619 -0.125313 3
-0.0761647 -0.0174574 -0.0711643 3
0.00893646 -0.0126566 0.00279656 3
0.69918 0.114039 -0.398824 3
-0.227355 0.00210185 -0.122696 1
-0.124953 -0.0869842 0.0890319 1
-0.00840691 -0.0735074 -0.157761 1
-0.0156431 -0.00549227 0.00155365 1
0.0286698 0.250401 0.0795661 1
-0.0913388 0.0211665 0.0614331 1
-0.0112055 0.0428833 -0.0710442 1
0.0244632 -0.103107 -0.00293869 1
-0.146752 0.0173226 -0.128454 1
-0.0255051 0.128757 0.213565 1
0.0701734 -0.0385251 0.0966691 1
-0.00888652 0.00187531 -0.00876724 1
-0.08086 -0.155757 0.0420719 1
-0.0172027 0.0848002 -0.0175377 1
-0.00665046 0.137089 -0.10977 1
-0.0380578 -0.00690823 -0.00384954 1
0.0620828 -0.0451818 0.0801468 1
0.156248 -0.220904 0.150961 1
0.352995 0.139599 -0.03737 1
-0.0463882 -0.107325 -0.182761 1
0.106971 -0.0635974 -0.0206568 1
-0.0850517 0.261673 -0.00333486 1
-0.156194 -0.0519793 0.0926613 1
-0.123814 -0.0285815 -0.00956288 1
0.124024 0.208192 0.291914 1
0.0716679 0.0693279 -0.0155353 1
0.00671794 -0.262042 0.118566 1
0.0430989 0.0231834 -0.0331367 1
0.130954 0.269566 -0.234386 1
0.0865083 -0.0123291 0.0689718 1
0.00898667 0.0209574 -0.00426093 1
-0.0358821 0.152637 0.0499719 1
-0.175609 0.347097 0.363752 1
0.245862 -0.21649 -0.164937 1
-0.118787 0.153613 -0.148849 1
-0.0139236 -0.351429 -0.11474 1
-0.000935835 0.0556427 0.179503 1
-0.0960817 -0.0210935 -0.0228072 1
0.227039 -0.0464812 -0.149799 1
-0.0679489 0.0329738 0.037443 1
-3.95146e-05 -0.000897658 -0.00043382 1
