# 1 = ball
# 2 = lepton
# 3 = photon
# 4 = PID > 100
# 5 = neutrino
# 6 = other
-0.00205161 -0.0146426 1.03122 3
-0.236417 -1.68767 -0.391078 4
-0.254013 -0.410041 0.0239634 4
0.67675 -0.0594391 0.0219187 4
0.263681 1.35869 0.391744 4
0.578068 0.764389 -0.232579 4
-0.400077 -0.270419 -0.0911349 4
-0.00857737 1.80188 0.0882483 4
-0.362135 2.07672 0.591758 4
-0.0793786 -0.0389426 -0.580818 4
-0.217382 -0.197141 -0.40869 4
0.0164923 4.88971 0.910141 4
0.027164 0.18648 0.0429489 4
-0.288851 2.54726 -0.157923 4
0.222899 0.744848 0.137193 4
-0.129593 -0.97341 -0.420704 4
0.0925032 0.0287388 -0.226084 5
-0.233006 -3.53625 -0.471315 2
0.125762 -0.0396318 -0.0867762 3
0.374303 -0.330767 -0.541227 3
-0.600646 2.0392 0.35675 4
-0.0475982 1.56634 0.288054 4
-0.0115776 0.2406 0.0640701 3
0.299456 -0.232321 0.0737045 3
0.00681103 -0.026041 0.0316256 2
0.0140028 -0.0106854 0.0253937 2
1.02742 -6.93749 0.114345 4
-0.104698 0.322979 0.0198434 3
-0.0844697 0.0704751 0.0548266 3
0.567847 1.24013 0.197903 4
-0.919143 5.77162 0.529599 4
1.03498 -11.8459 -0.970978 2
0.763322 -8.13114 -0.153269 5
-0.59756 1.31688 0.443753 4
0.0502189 1.54279 -0.54099 4
0.0159402 -2.8314 0.147032 4
-1.11552 4.00759 0.733599 4
-0.280545 2.49602 0.0454184 4
-0.241053 0.953216 0.385893 3
-0.196345 0.571987 0.340609 3
-0.250692 0.371674 -0.382766 1
0.128312 -0.0873601 -0.453768 1
-0.327408 0.248614 -0.0996222 1
0.437958 0.052103 0.0436431 1
-0.435318 -0.0301696 0.0466738 1
0.0804446 0.274248 1.07794 1
-0.128421 -0.262883 0.07668 1
0.128875 0.136318 0.109433 1
0.140145 -0.362911 -0.160899 1
1.19472 -0.157731 -0.508642 1
0.0851282 0.207294 -1.00362 1
-0.377382 -0.393183 0.05467 1
-0.522989 0.492404 -0.0691949 1
-0.370732 0.608398 0.277257 1
0.233406 0.167743 -0.441021 1
0.224136 -0.16283 -0.305942 1
0.0128401 -0.0668826 -0.0788054 1
