# 1 = ball
# 2 = lepton
# 3 = photon
# 4 = PID > 100
# 5 = neutrino
# 6 = other
-9.02592e-07 2.92277e-06 -0.000249878 3
1.65544 -0.477122 3.62554 4
-1.67044 0.378159 -3.0983 4
-2.72678 0.581806 -6.78206 4
1.05792 -0.631352 3.39468 4
-0.184721 -0.138333 0.0896788 4
0.993718 0.0789128 1.75697 4
0.157824 0.119001 0.0312851 4
-0.247899 -0.268551 0.418788 4
-0.25239 -0.134476 -0.128172 4
-1.30239 0.09087 -1.04712 4
-1.25378 0.868711 -2.60332 4
0.792112 0.00145288 1.66016 3
0.895636 0.111864 1.68645 3
0.629388 0.0630265 1.3312 3
0.286806 0.0306856 0.422371 3
0.173274 -0.0980872 0.182333 3
0.317684 -0.00163992 0.375069 3
0.321124 0.228636 -0.367801 3
-0.0109684 0.00750475 -0.0349411 3
-0.147414 -0.251208 -0.413535 3
-0.120337 -0.0620689 -0.30038 3
3.61222 -0.915835 7.42533 4
2.02283 -0.0534865 3.9116 4
0.711836 -0.0940623 1.42504 3
0.0616722 -0.0279125 0.0699977 3
0.547722 -0.155245 0.547029 3
0.0806267 -0.0500847 0.172229 3
0.00802488 0.000245739 0.0451605 3
0.740256 -0.309405 0.871789 3
0.256174 -0.0461544 0.441056 3
0.379102 -0.245204 0.748402 3
-2.63633 0.890157 -4.72096 4
-0.380412 0.0387533 -0.844506 3
-0.147359 0.0941019 -0.294134 3
1.14664 -0.267625 2.0022 4
0.184408 -0.104482 0.442012 4
-4.63799 0.976965 -9.89384 4
-2.37241 0.546585 -5.31713 4
0.659286 0.147198 1.539 3
0.104616 0.0338819 0.143217 3
0.09344 0.0140645 0.196789 1
-0.202771 -0.45543 0.32798 1
0.0735164 0.099011 0.146665 1
-0.0367163 0.00420522 -0.0239382 1
0.197461 0.335487 0.292218 1
-0.0099099 0.00898357 0.00456397 1
0.14627 -0.0630818 0.0123201 1
0.0772711 -0.0154417 0.0862072 1
0.0668557 0.0147791 -0.0557904 1
0.0421533 -0.0911535 0.0641232 1
-0.040855 -0.0326473 0.0399728 1
-0.0206484 -0.22603 -0.346793 1
0.128808 -0.0276555 -0.0447283 1
0.114764 -0.263834 0.0789934 1
-0.127635 0.102991 0.0130662 1
-0.0362797 0.0715445 0.0408948 1
0.0127331 -0.0690675 0.0293443 1
-0.0896177 0.0299562 -0.0719422 1
0.0393771 0.00347643 -0.0950047 1
-0.0200734 0.0199492 0.0811937 1
-0.321813 -0.270173 0.0301692 1
0.0272147 -0.00915752 0.0539909 1
-0.0569327 -0.420492 -0.0732126 1
-0.0156625 -0.0472677 0.0230486 1
0.0124339 -0.0338925 0.0102474 1
0.0267809 0.0148324 -0.00914801 1
0.137134 -0.0123558 0.183132 1
0.0637387 0.00819846 0.0622064 1
-0.131716 -0.153808 -0.0861249 1
0.00288944 0.00299104 0.0112821 1
0.12793 -0.0937161 -0.303774 1
-0.046568 0.0755904 -0.132328 1
-0.00886453 0.159341 0.100672 1
0.0323088 -0.0302758 0.127209 1
-0.104258 -0.00278449 0.0681776 1
-0.0641362 0.137637 -0.0582798 1
-0.00996061 0.0137171 0.0697376 1
0.201789 0.1955 -0.0433342 1
-0.0230589 0.0359764 0.0321127 1
-0.119721 0.0221855 -0.0441051 1
-0.115554 0.0205467 0.130167 1
0.112435 0.0141182 0.197305 1
0.161238 -0.0446455 -0.0355215 1
-0.000507545 0.00164353 -0.00186991 1
