# 1 = ball
# 2 = lepton
# 3 = photon
# 4 = PID > 100
# 5 = neutrino
# 6 = other
-0.00207631 0.00253807 -0.251013 3
-3.1506 5.3275 -4.21205 4
-0.0593043 1.51473 -1.1645 4
-0.394925 0.770204 -0.519157 4
0.146686 -1.17852 -0.0913389 4
3.06821 -5.73703 4.00475 4
5.44969 -8.93783 7.60878 4
3.90146 -6.10194 6.51418 4
1.04868 -1.44535 1.23848 4
-3.05949 5.87389 -5.14916 4
-6.82375 9.52335 -8.11178 4
1.00028 -0.67564 0.0809811 4
-2.10275 3.76235 -3.03002 4
-0.182458 0.172317 -0.167324 3
-0.769299 0.631206 -0.371299 3
0.11265 0.0042257 -0.112929 4
0.336185 -0.41812 0.0552368 4
0.228834 -0.225865 0.578628 3
0.0981123 -0.13758 0.550136 3
0.161683 -0.508597 0.45572 4
0.515266 -0.318531 0.470432 4
-0.0601107 -0.390027 0.267044 3
-0.122408 -0.230389 0.101055 3
0.050434 0.00642023 0.0746161 3
-0.0673812 -0.0767198 0.13192 3
0.367711 -0.514164 0.430641 3
0.348852 -0.73275 0.619622 3
0.00846103 0.0405891 0.0595146 1
0.12845 0.12061 -0.130324 1
-0.118925 0.0483328 0.0319321 1
0.132725 0.0606901 0.0525519 1
-0.264064 0.262726 -0.126611 1
0.0927896 -0.0465592 -0.0668255 1
0.0103563 0.00241928 0.0692772 1
-0.0202532 0.202843 0.155903 1
0.0381003 -0.0309512 -0.00916135 1
0.104774 0.0751508 0.0324874 1
-0.449564 -0.256782 0.0409429 1
0.0757181 -0.162062 -0.215863 1
0.165028 -0.0813621 0.263628 1
0.139575 -0.0363923 -0.399054 1
0.00869256 -0.0610149 -0.118107 1
0.390022 -0.213254 -0.120877 1
-0.0556704 0.0116447 0.00832423 1
0.104699 -0.109082 -0.0182159 1
-0.00966483 -0.0508995 0.0271374 1
-0.118239 0.113316 0.237146 1
-0.0149471 0.054124 0.137 1
-0.400498 0.200302 -0.337026 1
0.0354337 -0.0552247 -0.0841348 1
0.0802979 -0.196337 0.055798 1
0.0382021 -0.0633673 0.0746335 1
0.0342072 -0.0642553 -0.0173531 1
-0.0349663 -0.013956 0.00584311 1
0.019354 0.0675965 -0.0333133 1
0.0235059 0.0193116 0.0124745 1
-0.0996459 0.0181538 0.0907082 1
0.0282021 -0.0892924 -0.0284321 1
-0.0780606 0.0553591 -0.0633695 1
-0.276223 -0.0675037 -0.0576146 1
0.0187217 0.00662366 0.0180307 1
-0.0437375 0.00376288 -0.0117311 1
0.0635491 0.0755743 -0.00963506 1
0.0862955 -0.00958122 0.0635746 1
0.0762366 0.0397283 0.0811963 1
-0.236462 0.402262 0.115225 1
0.277269 -0.23286 0.212673 1
