# 1 = ball
# 2 = lepton
# 3 = photon
# 4 = PID > 100
# 5 = neutrino
# 6 = other
-0.00026487 -0.00109559 0.000501184 3
0.00108297 0.000109436 -0.00421246 3
0.0111927 -0.0709589 0.0878427 4
0.227596 -0.0031877 0.0214746 4
-0.266774 0.347271 0.62795 4
0.520325 -0.125525 -0.22904 4
-1.35245 -1.06979 -0.167693 4
2.38919 -1.71768 -1.20794 4
8.22712 -4.44323 -2.87438 4
4.99547 -2.63384 -1.44368 4
4.66475 -2.953 -2.06143 4
0.493589 0.045583 -0.524534 4
1.06008 0.43932 -1.29848 4
-2.80269 0.604791 1.29525 4
-0.862407 0.411516 0.41736 4
-1.84001 0.51046 1.19878 4
-1.54537 0.435081 0.758178 4
0.0097019 0.129334 0.299354 3
0.0118263 -0.0129357 0.10542 3
-0.109537 0.0834693 0.12392 3
0.0759915 -0.0496384 -0.12559 3
0.176981 0.0863254 -0.206989 3
2.01214 1.2163 -1.62219 3
1.0448 0.707277 -0.781263 3
0.352865 0.0251683 -0.381665 4
0.472358 0.3611 -0.978246 4
0.475818 0.100483 -0.632407 3
-9.37485 2.73521 4.53561 4
-9.79334 2.51947 4.34495 4
-0.723406 0.172324 0.323009 3
-0.340748 0.137677 0.247828 3
-0.0219941 -0.831772 0.43854 4
-0.144082 -0.0507624 0.132968 4
0.740723 0.337705 -0.456982 3
1.70056 0.999869 -1.16259 3
0.0757037 0.208695 -0.252652 3
0.0410605 0.0830874 -0.00670574 3
0.345599 -0.111395 -0.0184347 2
0.36065 0.242049 0.077265 5
-0.492616 0.59123 1.43068 4
-0.699934 0.16718 0.333309 3
-1.44594 0.547296 0.693822 3
-0.299172 -0.38891 -0.108339 4
-0.378421 0.0877385 0.123368 3
-0.279765 0.0353169 0.2156 3
-0.697746 -0.0085517 0.0116728 1
0.544989 -0.159724 -0.330515 1
-0.250787 -0.265619 -0.0133995 1
0.39017 -0.499544 -0.0324429 1
0.0955916 0.0304655 0.196652 1
0.16837 -0.0700139 0.0193548 1
-0.00739279 0.209312 0.513664 1
0.0766615 0.727514 -0.338437 1
-0.172893 -0.0493363 -0.202485 1
0.366441 0.523002 -0.114822 1
1.48543 0.350934 0.165779 1
0.319154 -0.673806 -0.258175 1
-0.0743354 -0.307793 -1.09709 1
0.356507 -0.0244506 0.0520848 1
0.338638 0.314227 0.182029 1
-0.65219 -0.0013406 -0.0413936 1
