# 1 = ball
# 2 = lepton
# 3 = photon
# 4 = PID > 100
# 5 = neutrino
# 6 = other
-0.000936042 -0.0011001 0.00354786 3
1.8207 0.509197 0.384916 4
0.0712432 0.163861 -0.0226741 4
-0.063627 -0.178589 -0.476973 4
0.130307 0.596754 -0.363885 4
-3.11228 0.823647 -3.10066 4
-1.50088 1.6219 -1.835 4
-2.38847 0.301377 -1.58503 4
0.445225 -0.362766 -0.0105886 4
0.965263 -0.343524 -0.181127 4
0.495698 -0.204395 0.112645 4
0.311531 -0.492507 0.345874 4
0.391081 -0.0160512 -0.333646 4
6.35925 0.164039 2.5008 4
1.01984 -0.246312 0.669685 4
0.292782 -0.0336257 0.229381 3
1.51009 -0.328229 0.879993 3
2.60638 -0.703956 0.527278 4
0.0211361 -0.00367549 -0.0370105 3
-0.141524 0.129145 -0.00692343 4
-0.32799 0.0474323 -0.279641 4
-0.577132 1.28239 -1.43149 3
-1.17518 1.25573 -1.44858 3
-0.24787 0.245176 -0.30719 4
-1.49657 0.645926 -1.623 4
-0.371897 -0.194061 -0.0417535 4
-1.43742 -0.457517 -0.376936 4
0.154682 -0.0200047 0.0461382 3
-0.0243817 -0.0290161 0.0132305 3
-8.94194 -0.45392 0.25486 4
0.0167129 0.0808964 -0.0901618 3
0.279628 0.189106 -0.236318 3
1.48997 -0.174843 0.446135 3
1.93498 -0.670591 1.0595 4
2.25784 -0.0754436 1.2567 4
-0.0857798 0.117459 -0.0535378 3
-0.25041 0.589745 -0.515662 3
-1.24184 0.27391 -1.28502 3
-0.211977 0.0590084 -0.307841 3
-0.165403 -0.0437191 -0.0625603 3
-0.634355 0.0861086 -0.315412 3
-3.85586 -0.405193 0.240566 4
0.938495 -0.30777 0.487849 5
-2.94966 -0.774156 0.847822 2
-0.322187 0.176203 0.293355 5
-0.202946 0.0222601 0.0966353 3
-0.168028 -0.0655925 -0.00980011 3
-0.705716 -0.0163673 -0.0217195 3
-1.15388 -0.131042 -0.174433 3
10.1696 -1.90287 4.11431 5
0.632824 0.169475 0.133144 2
2.9684 -0.755091 0.74071 5
-1.47302 -0.202891 0.281742 4
-1.91411 0.0420883 0.56345 3
-0.140358 0.00199118 0.00430729 3
