# 1 = ball
# 2 = lepton
# 3 = photon
# 4 = PID > 100
# 5 = neutrino
# 6 = other
7.92765 11.3722 6.0922 3
-0.0030538 -0.0087216 0.00988228 3
0.00292373 0.00136022 0.0193173 3
0.000615031 0.000258529 4.79309e-05 3
-0.102529 -0.0947971 0.575011 4
0.349528 -1.32856 -3.27899 4
0.473344 -4.25734 -8.13844 4
-0.977451 -0.128349 1.59404 4
0.372637 0.079609 -0.0508172 4
0.286151 0.612482 0.46836 4
-0.150176 -0.00843871 0.353712 4
0.357219 -0.435323 -0.524968 4
-0.0872158 -0.543492 -0.733875 4
0.346497 -1.44972 -3.07437 4
0.503857 -1.14263 -2.10571 4
-1.9584 0.731928 3.70872 4
-0.0763336 0.0186213 0.572332 4
-0.154189 -0.300052 -0.651089 4
0.565393 -1.88366 -2.84665 4
-1.51647 0.215026 2.69862 3
-1.5047 0.321363 2.88264 3
0.00645652 -0.0684624 0.08151 3
-0.0531385 0.0479521 0.149051 3
-0.470057 -0.0648785 0.240739 4
-0.118323 0.206009 0.0376871 4
-0.044395 -0.0470528 -0.0282053 3
0.171609 0.353252 -0.76135 3
0.0698344 0.0343708 -0.236523 3
0.0310337 0.00085087 -0.666387 3
-0.00841874 0.0932007 -0.329639 3
-0.267644 -0.331494 -0.327544 3
-0.0932404 -0.125144 -0.242526 3
-1.33719 0.433351 3.07159 3
-0.56399 0.0926169 1.24125 3
-0.0763718 -0.0500006 0.0191843 3
-0.203145 -0.0184196 0.254587 3
0.332772 -0.287289 -0.218729 3
0.252302 -0.219239 -0.0431339 3
-0.0743651 0.00276745 -0.00638511 3
-0.0968053 0.190323 0.0556105 3
-0.0153397 0.0347602 -0.0118188 3
-0.326386 0.111168 0.192263 3
-0.028462 0.0516689 0.0279015 3
-0.26159 0.0211976 0.300489 3
-0.159829 -0.135416 0.313211 3
0.00759818 0.0217481 0.025861 3
0.195926 0.0560897 -0.239202 4
1.08163 0.192341 0.353487 4
-0.0545936 -0.116752 -0.401106 3
-0.0767002 -0.267747 -0.406423 3
0.0953002 -0.210478 -0.288459 3
0.022136 -0.058353 -0.255469 3
-0.0553327 -0.318444 -0.558141 3
0.0130464 -0.173557 -0.156167 3
0.405969 -0.313258 0.0850677 1
-0.108708 -0.00660647 0.0108523 1
-0.204674 -0.217961 -0.44724 1
-0.0459274 0.0164707 0.128959 1
0.0540945 -0.0301835 -0.0505806 1
-0.607869 0.320154 0.452407 1
-0.460049 -0.0222725 0.0340112 1
0.0262775 0.0250714 -0.00760846 1
0.115325 -0.0947921 -0.163969 1
-0.424172 -0.241718 -0.020297 1
-0.371436 -0.161216 0.127374 1
-0.0543884 0.149147 -0.117202 1
0.0469702 -0.081181 0.170973 1
0.580666 -1.32085 0.61111 1
-1.0729 -0.403677 -0.766772 1
0.598642 0.193052 -0.216138 1
0.624312 0.85753 0.358128 1
-0.0365914 0.107721 -0.322915 1
0.476574 -0.335849 0.225791 1
-0.090965 0.448153 -0.159461 1
-0.736189 -0.237942 0.479081 1
-0.841188 0.242086 0.242903 1
-0.87042 -0.15412 0.970208 1
-0.475524 0.709663 -0.305741 1
-0.143736 -0.172967 -0.246671 1
0.141612 -0.191673 0.375842 1
-0.157224 0.622454 -0.0846591 1
0.254753 -0.0808629 0.053545 1
-0.112329 -0.363695 -0.248434 1
-0.0209374 0.0496195 0.0562395 1
0.139493 -0.0350797 0.0169195 1
-0.219244 0.163511 0.356611 1
1.09794 -1.05666 -0.259413 1
-0.0577773 0.39525 -0.0961244 1
