# 1 = ball
# 2 = lepton
# 3 = photon
# 4 = PID > 100
# 5 = neutrino
# 6 = other
-0.0981737 -0.0801225 -0.0425965 3
0.0101174 -0.0261007 0.351093 3
-8.0246 1.7489 1.94618 4
-8.38497 1.58836 1.52658 4
-0.385653 0.497557 -0.349245 4
1.02113 0.822336 8.59333e-05 4
0.265279 0.00659262 -0.0838889 4
0.743951 -0.363266 -0.366591 4
0.918394 -0.155878 -0.535798 4
0.0281645 0.0165822 -0.106638 4
0.200594 0.02598 -0.692273 4
0.502657 -0.212557 -0.100316 4
1.69787 -0.741693 -1.05349 4
1.2219 -0.185576 0.00302227 4
0.74096 0.147058 0.498351 3
0.704577 0.069628 0.606214 3
-7.0268 1.69147 1.5885 4
-5.12795 1.40207 1.58896 4
-1.59613 -0.0296875 0.237611 3
-0.676601 -0.0170067 0.0126544 3
0.0917413 -0.0270943 -0.0603809 3
1.86768 -0.0113597 -0.853296 3
1.93752 0.0781197 -0.717623 4
0.891325 0.185698 -0.480231 4
0.669744 -0.332791 -0.218894 4
6.30088 -1.80637 -1.93114 4
2.34413 -1.01223 -0.573776 4
1.58763 -0.558307 -0.261718 4
-0.872095 0.185207 0.426598 3
-0.486495 0.155551 0.149655 3
-2.90507 0.665934 0.699578 3
-1.46019 0.265098 0.417347 3
0.644785 0.0768762 -0.208597 3
1.84722 0.436293 -0.521907 3
0.953975 -0.229107 -0.16882 3
0.744304 -0.258733 -0.230627 3
5.50324 -2.02676 -0.755087 3
3.27953 -1.31931 -0.449484 3
0.0718899 -0.523771 0.195683 1
-0.123888 -0.0297027 0.0670872 1
0.0437024 -0.199508 0.00269952 1
-0.0104998 0.0191025 0.261041 1
-0.115408 0.122651 -0.159957 1
0.281657 -0.0504393 -0.0635056 1
-0.0306005 -0.0897493 0.0303315 1
0.0541865 0.0169661 -0.0255694 1
0.0771407 -0.183764 -0.110135 1
0.0111173 0.0552261 -0.0244126 1
-0.0631505 0.0155739 -0.0815871 1
0.00493765 0.0250833 0.0289011 1
0.0009749 0.000691443 0.0128119 1
-0.128834 -0.130267 0.0862379 1
0.108558 -0.006058 0.212425 1
0.205818 0.150288 -0.0749004 1
0.0283247 0.0250712 -0.0427807 1
0.0699219 0.242477 -0.025205 1
0.0860673 0.292908 0.249127 1
0.0529147 -0.0163259 -0.10374 1
-0.123755 0.033829 -0.0420375 1
0.065287 -0.083377 -0.106125 1
-0.0376457 -0.0130231 -0.0744538 1
-0.0780961 -0.0991483 -0.170289 1
-0.00834548 0.0198776 0.0225904 1
-0.0467325 0.0271811 -0.136147 1
-0.181373 0.178788 0.0861537 1
-0.0623762 -0.0660047 0.0626336 1
-0.0658798 -0.102618 -0.11257 1
0.0628973 0.0831378 -0.0278652 1
-0.0700441 0.186132 0.0336089 1
0.0400784 0.0504384 -0.0251197 1
0.226408 -0.56336 1.07911 1
-0.0849316 0.0468234 0.00258131 1
-0.0272882 -0.158003 -0.356408 1
0.147776 0.0768987 -0.144398 1
0.0765605 0.00360083 0.200153 1
-0.131366 -0.0301371 -0.0147651 1
-0.000559389 0.00115396 -0.00122036 1
