# 1 = ball
# 2 = lepton
# 3 = photon
# 4 = PID > 100
# 5 = neutrino
# 6 = other
-0.00114714 0.000326775 0.213432 3
-0.000411292 -0.000820244 -0.00171679 3
0.648557 0.0127478 0.0852517 4
0.219888 0.145226 0.305158 4
-0.193265 0.490723 0.0480342 4
-1.41068 0.901245 0.893701 4
-0.182296 0.424947 0.0996138 4
-1.22012 1.78652 1.74168 4
1.31959 -3.31296 -1.51579 4
0.586794 -0.647424 -1.07092 4
0.374391 0.198978 -0.400091 4
-0.149847 0.0610596 -0.238383 4
-0.255262 0.435072 0.168916 3
-0.16745 0.120966 0.0533359 3
-0.375632 0.154709 -0.225667 4
-0.206568 0.0117805 0.0174766 4
-0.626114 1.19433 1.1388 4
-0.0496572 0.362953 0.40424 4
-0.106675 0.222201 0.12215 3
1.61636 -1.78425 -1.86676 5
0.657821 -1.56712 -1.12359 3
0.675432 -1.83242 -1.43249 3
0.835059 -1.43553 -0.698931 3
-0.172944 -0.254249 0.0142209 3
0.0133948 -0.115449 -0.0121971 3
-0.548064 0.83721 0.548392 3
-1.09012 1.58566 0.85146 3
0.136795 -0.190747 0.00329739 3
0.261565 -0.15179 -0.0822668 3
0.0888641 0.0165 -0.0331054 3
0.0361807 -0.105836 -0.0795891 3
-0.305638 0.364248 0.193043 3
-0.0680607 0.20822 0.0487781 3
-0.207213 -0.890396 -0.934286 5
1.89967 -4.08771 -2.43583 4
0.147344 -0.226779 -0.346352 3
0.152844 -0.0734711 -0.319551 3
-0.0380488 0.0227536 0.00315995 3
-0.00894753 0.00536937 0.00402736 3
0.0219824 -0.470384 -0.182953 3
1.83606 -4.70275 -2.77379 2
2.27903 -4.95518 -3.55523 5
0.430811 -0.928374 -0.591471 3
0.000766788 -0.0407305 -0.0517776 3
-0.564486 1.7362 1.37646 4
0.0365864 0.874695 0.520327 3
-0.0461485 0.178291 0.145943 3
0.523291 -1.79083 -0.760148 4
-0.435554 2.02732 1.85394 4
-0.173547 0.579962 0.495516 4
-1.84749 4.6416 3.18706 4
0.664805 -1.69663 -1.10003 4
-0.228237 1.54365 1.13907 3
-0.251668 0.965687 0.733347 3
-0.688996 1.62747 0.740153 3
-0.242673 0.399279 0.180658 3
-0.373525 1.26931 1.01431 3
-0.17849 0.401932 0.27385 3
0.00291099 0.0295905 -0.0122153 3
-0.112567 0.381412 0.312287 3
-0.237447 1.2304 1.04622 3
-0.194642 0.561075 0.447935 3
-0.693568 1.23495 0.966884 4
-1.0956 1.31608 0.848874 3
-0.379715 0.482732 0.39536 3
0.0743196 -0.100185 -0.00879035 1
-0.368524 0.0676416 0.272964 1
0.223681 0.0828079 0.328779 1
-0.0904996 0.0393105 -0.0556789 1
0.297058 0.13831 -0.204282 1
-0.0648388 0.0664148 -0.0425282 1
0.0204854 0.0604815 -0.188009 1
0.272019 -0.00890017 0.00181206 1
-1.6935e-05 -0.00355263 -0.105746 1
-0.104433 0.0523809 -0.00429666 1
-0.0617 -0.0690709 -0.163638 1
0.0668097 -0.0499693 -0.017592 1
0.00519153 -0.208947 -0.0536193 1
0.0694238 0.0636805 -0.0380431 1
-0.140045 -0.253323 -0.225679 1
-0.0834105 0.0370045 0.151811 1
-0.180852 0.0808917 -0.330926 1
-0.273496 0.221812 -0.109053 1
0.000547723 -0.000350444 0.00128112 1
