# 1 = ball
# 2 = lepton
# 3 = photon
# 4 = PID > 100
# 5 = neutrino
# 6 = other
24.8405 18.549 17.1137 3
0.0106117 -0.0546304 -0.0788249 3
0.000862015 -0.000296526 -7.53393e-05 3
-0.225694 -0.597148 -1.69687 4
-0.0448331 -0.805651 -1.35045 3
-0.494486 -0.504421 -0.959193 3
-2.98516 -4.07537 -5.99366 4
-3.76618 -1.56102 0.449634 4
-4.71493 -1.98681 1.25941 4
-0.488203 -0.625763 -1.0018 3
-0.660824 -0.983832 -1.27786 3
-0.221563 -0.115084 -0.337813 3
-0.218175 -0.29126 -0.462731 3
-0.252181 -0.366124 -0.577167 3
-0.122409 -0.0754944 -0.116332 3
-0.481403 -1.08304 -1.37452 4
-3.9122 -4.80542 -7.24119 4
-5.18382 -2.12144 0.93508 3
-1.43869 -0.518693 0.227297 3
-0.191522 -0.12117 0.142448 3
-0.0381639 -0.0730475 -0.0186217 3
-0.127871 0.29336 0.037982 1
-0.360568 0.259617 0.195414 1
0.856096 0.108663 0.296787 1
0.115943 -0.0351618 0.537924 1
0.701767 0.193176 -0.174133 1
-0.0304821 0.52995 -0.942635 1
-0.0131315 0.120745 0.0178833 1
-0.227352 0.279542 0.0178037 1
0.714754 -0.220685 0.225691 1
0.383373 -0.25468 0.209283 1
-0.193239 0.0241545 -0.643448 1
-0.643604 0.167124 1.11913 1
-0.469446 0.195148 0.246402 1
-0.418788 0.608444 1.12825 1
0.260722 0.0126963 0.0670856 1
0.0413199 -0.0616101 0.0241699 1
-0.00101151 -0.00381011 -0.00405568 1
