# 1 = ball
# 2 = lepton
# 3 = photon
# 4 = PID > 100
# 5 = neutrino
# 6 = other
-3.41701 2.31616 -2.292 4
-3.88783 3.34737 -2.14545 4
0.154051 0.275748 0.0407574 4
-0.554683 0.439287 -0.956721 4
0.891975 -0.846399 0.140228 4
1.196 -0.906664 2.7271 4
0.352821 0.323791 0.20938 4
0.789889 -0.180679 2.13914 4
2.75353 -0.309965 6.91473 4
1.21687 0.293819 5.6314 4
-7.0633 5.1205 -4.3773 4
-3.48341 2.4765 -1.6404 4
2.8929 -3.33736 -0.2974 4
1.04412 -0.205878 -0.0810047 4
2.1253 -2.25496 -0.578006 4
0.970581 -0.459385 0.388371 4
3.30387 -3.69825 -0.0974433 4
0.481833 -0.037167 -0.32093 4
-0.0611716 -0.40526 0.216274 4
-1.47534 2.29619 -1.08598 4
-1.74444 1.37297 -1.15165 3
-0.458711 0.292486 -0.238493 3
-1.31135 0.266934 -0.726649 4
-0.352937 0.168993 -0.423751 4
0.230565 0.066462 0.00449778 4
-0.108266 -0.166398 0.0825524 4
1.4561 -0.863883 -0.581571 3
0.325644 -0.131999 -0.0877951 3
1.26417 -2.03681 -0.716988 3
0.221282 -0.36268 -0.0688562 3
-0.0741611 0.0186048 -0.112165 4
0.456599 0.465175 -0.221317 4
0.29126 -0.353348 0.695413 3
-0.00579255 -0.0662495 0.0831061 3
-0.137543 0.190275 -0.36223 3
-0.0352204 0.0816456 -0.030684 3
3.02001 -2.50637 -0.131685 3
0.245377 -0.164569 -0.0217427 2
0.192061 -0.13949 -0.0122382 2
0.0430721 -0.0166004 0.00318246 3
0.682483 -0.921431 -0.129114 3
0.255473 0.136602 -0.123942 3
0.429674 0.269318 -0.0365799 3
-0.0303626 0.054551 0.000879085 3
-0.381205 0.0637901 -0.0150321 3
-0.0216228 -0.00629584 -0.12228 3
0.00509216 -0.146779 -0.0988644 3
0.0511225 -0.0250262 0.0575882 3
0.0861815 -0.0225914 -0.0780104 3
0.147394 -0.103713 -0.180437 1
-0.705077 0.188858 0.454348 1
-1.82933 0.228147 -0.267091 1
0.00493435 0.122179 0.0346689 1
0.00930506 -0.186955 0.0589614 1
0.298927 0.0476526 -0.105376 1
-0.00109756 0.0302677 0.102834 1
-0.449878 0.361779 -0.586114 1
-0.28745 -0.290526 0.562916 1
-0.0132822 -0.162381 -0.0450407 1
