# 1 = ball
# 2 = lepton
# 3 = photon
# 4 = PID > 100
# 5 = neutrino
# 6 = other
0.662077 -0.18214 31.0425 2
-0.878896 0.461217 -36.092 2
-0.0222271 -0.589257 1.36616 4
0.540664 0.498977 2.44947 4
-0.801985 0.134702 0.26606 1
0.00211032 0.196155 -0.333119 1
-0.0113886 0.271006 -0.280648 1
-0.839302 -0.952615 0.0467363 1
0.811596 -0.126637 0.679581 1
-0.0488615 -0.292284 0.660164 1
-0.288083 -0.508868 -0.246652 1
0.524934 -0.0841846 -0.490761 1
0.0118825 -0.111892 -0.192468 1
-0.0988143 -0.0384047 0.266039 1
-0.163751 0.722579 0.677078 1
-0.0769533 1.20063 0.479003 1
-0.116032 -0.734581 0.234502 1
-0.0016252 -0.0286792 0.017258 1
1.49211 -0.223825 -0.310381 1
0.144579 -0.0892456 0.000939615 1
-0.45829 0.408127 0.111369 1
-0.155212 0.0687401 -0.197323 1
-0.0151913 0.149046 -0.0595287 1
-0.198365 0.731329 -0.455709 1
0.257661 -0.0742962 -0.410825 1
-1.16965 0.201125 0.522762 1
-0.783192 -0.644667 -1.05927 1
0.129106 0.18841 0.374077 1
1.02253 -0.0962779 -0.0414223 1
0.205689 -0.38848 0.244326 1
0.304173 0.0443754 0.634406 1
0.0187179 -0.110082 0.0976593 1
