# 1 = ball
# 2 = lepton
# 3 = photon
# 4 = PID > 100
# 5 = neutrino
# 6 = other
2.57687 9.22681 -0.972786 4
0.0156076 0.11866 -0.127287 4
3.87134 15.4703 -1.45559 4
0.264506 1.75205 1.0738 4
-0.0894668 -1.86793 -0.200177 4
0.264312 -0.788922 -0.101582 4
0.131591 0.778311 -0.0471619 4
0.553043 0.633938 0.75953 4
0.508252 2.17164 -0.725832 4
-0.437242 -1.03319 -0.0480342 4
0.0836054 -1.07394 -0.517122 4
0.32018 -0.357359 -0.222142 4
-0.252099 -0.430895 -0.233955 4
-0.00974633 -0.457167 0.283266 4
0.049729 0.121974 0.147011 3
-0.158466 -0.470832 -0.134393 3
0.475269 0.351222 -0.546861 4
0.181288 0.945607 -0.0414526 4
-0.00942173 -0.312696 0.239725 3
-0.0429213 -0.0750203 0.0047713 3
0.377981 0.510359 0.216561 4
-0.0257247 0.0842963 0.0228772 3
-0.589404 -0.195645 1.35868 3
-0.0797372 -0.0469677 0.109974 3
-1.96548 -7.56811 -1.79752 2
-4.37696 -17.6765 -4.93492 5
-0.753973 -3.42208 -0.532529 4
-1.24641 -1.91552 -0.0249153 3
-1.1781 -1.593 0.0197073 3
0.323165 3.72309 3.56153 4
0.362716 0.53518 1.05927 4
0.105147 0.405903 0.444923 4
0.125764 0.280818 0.438336 3
0.624775 2.17561 2.92429 3
