# 1 = ball
# 2 = lepton
# 3 = photon
# 4 = PID > 100
# 5 = neutrino
# 6 = other
7.87057 -4.43982 36.3714 3
0.00123791 -0.0480475 -6.57266 3
0.00222169 -0.00801258 0.0280829 3
-0.000492029 -0.00185979 -0.00819873 3
-2.35457 2.25855 -4.07029 5
-1.38492 1.70933 -1.871 4
0.151474 -0.680485 -3.7466 5
-0.527791 -0.697034 -11.3016 4
-1.95096 1.60315 -1.81835 3
-1.3573 1.25381 -1.38431 3
-0.132252 -0.471459 -2.59375 3
-0.370784 -0.739653 -4.81373 3
0.0250926 -0.113552 -0.80016 3
0.042628 -0.061456 -0.130912 3
-0.0146466 0.0523117 0.0132991 1
-0.0110991 0.0920817 -0.0351208 1
0.0451482 0.246779 -0.0255 1
-0.0679313 -0.675845 0.955135 1
0.132992 0.551056 -0.0527939 1
-0.87449 0.730658 1.60175 1
-0.0746002 -0.972158 0.188903 1
0.193096 0.184064 0.0253329 1
0.000708735 -0.00998159 -0.0108682 1
0.940899 -0.47753 -0.778859 1
-0.200951 0.146277 -0.244923 1
0.601969 -0.171996 0.221099 1
0.336509 0.27888 0.654008 1
-0.940897 0.0556486 0.105728 1
-0.0808659 0.406302 0.0947996 1
