# 1 = ball
# 2 = lepton
# 3 = photon
# 4 = PID > 100
# 5 = neutrino
# 6 = other
3.14583e-06 2.90522e-06 0.00020983 3
5.06726e-06 4.67967e-06 -0.000337513 3
-3.78543 -1.10931 0.845791 4
-3.83091 -1.45282 1.38774 4
-2.49917 -1.49489 0.665833 4
-0.170963 0.200345 0.218667 4
0.073346 -0.988466 1.13918 4
-0.530843 0.449803 -0.187853 4
0.00706625 -0.23538 0.143211 4
-0.132606 -0.302456 -0.65876 4
0.0851667 -0.0756289 -0.276529 4
0.0659207 0.5727 -0.518397 4
0.987849 -0.184699 0.189331 4
-1.40622 -2.24537 3.02326 4
0.184647 -0.391202 0.393344 4
-0.0415158 -1.1163 1.18367 3
-0.116874 -1.33949 1.62424 3
0.744376 0.243425 -0.292001 3
1.61702 0.373456 -0.482357 3
0.48306 0.0881427 -0.287186 3
0.29735 0.123033 -0.294771 3
0.0446369 -0.068731 -0.0023795 3
0.282332 -0.242813 -0.298133 3
-0.296222 -0.053928 0.258507 3
-0.224899 0.0740842 0.169816 3
-3.68846 -1.54763 1.06197 2
-2.7562 -1.27354 0.83607 5
-0.854986 -0.294112 0.227696 3
-0.0303039 -0.041291 0.023328 3
16.5677 10.0339 -8.68468 4
5.97963 4.75721 -2.87095 4
0.797589 0.606771 -0.408357 3
1.42082 0.872188 -0.735242 3
-3.19242 -1.11399 1.18829 4
-0.693922 -0.219023 0.373241 4
-1.17498 -0.503582 0.190319 4
-0.619971 -0.145075 0.197911 3
-2.37344 -0.830288 0.770982 3
0.141006 0.214436 0.0462762 1
-0.390419 -0.31741 -0.159807 1
-0.126092 0.512764 -0.0980465 1
0.111187 -0.241547 0.0206608 1
0.0418669 0.0863808 0.0918792 1
-0.173971 0.513653 -0.0140856 1
-0.483107 0.413188 0.700091 1
0.0344193 -0.0836762 -0.258145 1
-0.564741 -0.0374544 -0.113131 1
0.0917447 0.21607 -0.165524 1
0.240201 -0.0802628 -0.197381 1
-0.0307969 -0.18777 1.04102 1
0.270179 -0.188918 0.34735 1
-0.265495 -0.0151318 -0.126044 1
-0.3124 -0.386837 -0.0737166 1
-0.14042 -0.367819 -0.451726 1
0.410048 -0.853272 0.258411 1
0.0236611 -0.322981 -0.888106 1
-0.0951068 0.00153119 -0.0746477 1
