# 1 = ball
# 2 = lepton
# 3 = photon
# 4 = PID > 100
# 5 = neutrino
# 6 = other
21.9695 -19.5773 2.32875 2
10.7887 7.87937 -9.22996 2
-0.0744736 0.00758468 -0.0276485 3
-9.45016 2.87687 1.25123 4
-7.84555 2.78028 1.69692 4
-6.04582 1.95133 1.22928 4
-0.473643 0.13468 0.12653 3
-2.38633 0.596019 0.335421 3
-0.193943 0.0845791 -0.0121996 3
-0.223464 0.0916871 0.134244 3
-1.88746 0.721428 0.351905 4
-0.0720346 0.129576 0.221405 4
-1.34548 0.249473 0.429328 3
-0.0562203 0.019181 0.0492835 3
-2.30743 0.882847 0.282235 3
-0.510003 0.129156 0.0517027 3
-0.0751787 0.022575 0.00936836 1
-0.0884885 -0.179202 0.0340393 1
0.0371345 0.0587642 -0.0713594 1
-0.271219 0.148795 -0.271196 1
0.0776292 -0.0156598 0.0244595 1
-0.143281 0.0496227 0.0400884 1
-0.0876361 0.0247099 -0.00861537 1
0.0556194 0.405496 0.112206 1
0.0967414 0.0479169 0.080481 1
-0.0613907 -0.0139872 -0.087576 1
0.000495689 -0.000451368 -9.30777e-05 1
0.0704469 -0.0607058 0.0955396 1
0.0441061 0.110888 0.00524464 1
-0.0635641 0.0497552 -0.00169164 1
0.0986527 0.12261 0.098623 1
-0.0103771 0.493274 -0.0224515 1
0.0287817 -0.107922 -0.000967894 1
-0.046038 -0.045048 -0.0930399 1
-0.00725936 -0.0529208 0.0828463 1
0.290446 0.19344 0.249749 1
0.121948 0.0839214 0.0968739 1
-0.0153312 0.183202 0.117807 1
-0.123129 -0.187547 0.219067 1
0.074336 -0.0147724 0.0396484 1
0.0879964 0.0347047 0.0906925 1
0.125058 0.0682155 -0.0621157 1
-0.0543983 0.0336933 0.024412 1
0.0745046 -0.0347889 -0.0354586 1
0.0589109 -0.0229195 -0.0125929 1
-0.0744243 0.174728 -0.00648395 1
0.0731096 -0.209307 -0.247155 1
0.0332542 -0.0390832 0.112801 1
0.0647942 0.0686224 0.0215255 1
-0.216209 -0.0549916 0.245435 1
-0.104881 -0.210987 -0.0358126 1
0.0503848 -0.0694028 0.0866685 1
-0.0132371 -0.0419872 -0.050321 1
0.199591 0.00144562 0.163922 1
-0.0327255 0.0253197 -0.0120569 1
-0.216998 -0.0482336 -0.246108 1
0.00114132 -0.0463444 -0.0612577 1
0.0176852 -0.0425663 0.0382034 1
0.00291455 0.0280408 0.0230107 1
0.0341686 0.114161 -0.00345615 1
-0.000195757 -0.00179324 -0.00134338 1
