# 1 = ball
# 2 = lepton
# 3 = photon
# 4 = PID > 100
# 5 = neutrino
# 6 = other
-0.0330527 -0.0112925 0.513794 3
16.8251 -5.75922 6.31091 4
1.89181 -0.776439 0.547644 4
2.20509 -0.629961 1.39343 4
-0.52191 -0.150941 -0.100818 4
-0.719853 0.25751 -0.350885 4
-1.09327 0.212138 0.100308 4
1.88919 -0.404978 0.77837 4
1.55138 -1.03359 0.459177 4
0.587441 0.394031 0.26142 4
0.512103 0.311627 0.15777 4
0.927122 1.23643 -0.305006 4
0.473624 0.68326 -0.563188 4
0.0818292 0.600216 0.354735 4
0.0925357 0.792185 -0.309781 4
-0.121412 -0.0433085 0.17003 4
-5.89479 -0.641496 -1.81654 4
0.763877 -0.270257 0.375656 4
2.35054 -0.462859 0.643678 4
0.0543082 0.0063927 0.0920792 3
0.254895 0.7864 -0.39519 4
0.737855 2.1637 -0.562047 4
-0.514817 -0.22296 -0.0930156 3
-0.150452 0.00611138 -0.0051302 3
-0.324073 0.133568 -0.105495 3
-0.995285 0.466949 -0.0934034 3
-1.7947 -0.101903 -0.586269 3
-1.81774 -0.113077 -0.452997 3
0.125805 -0.00719014 0.0379634 3
0.376718 -0.253625 0.0459958 3
-0.00323765 0.0218104 -0.0397044 3
-0.135398 -0.126885 -0.0486449 3
-0.0141811 0.150086 -0.196304 3
-0.0403936 -0.00514019 -0.147319 3
1.25551 3.20577 -0.973768 3
0.0718531 0.112507 -0.0435228 3
-0.0148042 0.0345553 -0.0546825 3
-0.63795 0.419462 -0.509495 3
-10.7368 -0.810723 -2.34722 3
-0.462961 -0.0617705 -0.092977 3
0.498113 -0.0170321 0.232211 3
0.163008 0.0188799 0.167179 3
0.434887 0.481267 -0.50369 4
0.673288 0.837588 0.107426 4
0.309881 0.29468 -0.154402 3
0.0468318 0.111353 -0.104157 3
-4.39781 -0.673222 -0.803273 3
-0.286761 -0.0777615 -0.0438892 3
-0.556774 -0.0327352 -0.0635905 3
-2.38992 -0.390333 -0.406784 3
-1.15485 -0.229704 -0.230313 3
-0.549133 -0.0908258 -0.203391 3
0.0346069 -0.196106 -0.0627288 1
-0.0344547 -0.0369654 0.0308015 1
-0.255016 0.0264791 -0.18641 1
0.207984 -0.207876 0.00924988 1
-0.0763091 0.0448184 0.0715968 1
0.0539943 0.0571684 -0.0385408 1
0.200601 -0.0573663 0.00585561 1
-0.0226869 0.29485 0.0921534 1
0.555843 0.0864709 0.292603 1
0.0233642 -0.0144193 0.0336052 1
0.0819852 -0.00528901 0.0104849 1
-0.0417505 -0.0769172 -0.0146273 1
-0.00346515 -0.0454079 0.0554745 1
0.0107319 -0.0768225 -0.168612 1
-0.191609 0.0795453 0.132973 1
-0.0786931 -0.229472 -0.150661 1
-0.0429 0.130291 -0.0306772 1
-0.195113 -0.154572 -0.0603067 1
0.000641256 0.00458443 0.00311387 1
-0.0197352 0.0372034 -0.0683083 1
-0.000336268 0.000549299 6.94466e-05 1
