# 1 = ball
# 2 = lepton
# 3 = photon
# 4 = PID > 100
# 5 = neutrino
# 6 = other
1.20535 -0.515361 0.937319 4
5.41093 -3.79954 2.60521 4
3.81232 -2.79353 1.97946 4
2.98853 -1.30372 1.2722 4
1.31866 -1.05147 0.821038 4
1.97688 -0.767131 0.536978 4
0.489468 -0.538681 0.357721 4
0.605722 0.468878 -0.277564 4
-12.8297 5.89849 -4.50014 4
-7.27456 4.27304 -2.56686 4
-8.88031 4.75272 -4.00905 4
4.57993 -3.45727 1.87768 4
2.8043 -1.72858 1.50323 4
0.506013 -0.577127 0.115131 4
2.24295 -0.250231 0.256152 4
0.488455 -0.309547 0.289022 4
0.330211 -0.194732 0.161374 3
0.84913 0.377107 0.322266 3
0.0564271 0.309364 -0.141641 3
-0.35317 -0.132698 -0.108645 3
-0.325187 -0.0040796 -0.0368073 3
-1.37212 1.2387 -0.374201 3
-1.50717 1.3157 -0.266681 3
1.22693 -0.372504 0.328069 3
0.763687 -0.250367 0.0983823 3
0.182865 0.491293 -0.445559 4
0.602212 0.019834 -0.137741 4
0.0257019 -0.150638 0.0691529 1
0.550527 -0.535055 -0.209371 1
-0.0580247 -0.121145 0.0769443 1
-0.103245 -0.148517 0.307301 1
0.0270253 -0.0599768 -0.0782732 1
0.135432 -0.0539194 0.107212 1
-0.0706426 0.0791707 -0.0511088 1
0.349721 -0.400501 -0.318169 1
0.0730288 -0.0570691 -0.072083 1
0.0379531 -0.313947 0.00503333 1
-0.13588 0.0518487 -0.304931 1
-0.2372 0.243138 -0.12692 1
-0.159144 0.0228387 0.0452121 1
0.0317878 -0.02456 -0.00831127 1
-0.0458913 0.0306989 -0.0398472 1
0.0912821 0.0381587 -0.0628372 1
-0.297338 -0.111011 -0.0431179 1
0.095033 -0.38459 0.111664 1
-0.0872989 0.0257389 0.0341988 1
0.0135678 -0.0316016 -0.0220181 1
-0.0877438 -0.108536 -0.136982 1
-0.047421 -0.0595121 0.0657651 1
-0.254397 0.473197 0.122306 1
0.244818 0.100933 -0.0466554 1
-0.00617525 -0.0164368 -0.0193307 1
-0.105566 0.0797339 0.0400393 1
0.0150073 0.00444288 -0.0200811 1
0.253781 0.131239 -0.0766059 1
-0.189765 0.0202954 -0.0588839 1
-0.0326875 0.0597335 -0.0473538 1
-0.0744962 0.109474 -0.058105 1
0.0177186 -0.0072844 -0.0422942 1
-0.0418168 0.250157 -0.181263 1
-0.0596455 -0.218599 0.240838 1
0.0755709 0.0914074 -0.0328507 1
0.157797 -0.109758 0.23437 1
-0.00017395 0.00188826 0.001025 1
