# 1 = ball
# 2 = lepton
# 3 = photon
# 4 = PID > 100
# 5 = neutrino
# 6 = other
1.06307 -0.939717 4.43243 4
-0.7834 -0.550878 -0.278713 4
-1.77582 1.51377 -0.234727 4
-0.612054 1.12757 -0.462243 4
-0.989497 0.216531 -0.207639 4
-0.277161 1.05763 -2.34479 4
1.78114 -1.96414 5.25714 4
-1.37313 1.08413 -1.05576 4
0.0547226 0.191067 0.041169 4
-0.336261 0.52632 -0.567299 4
-0.792772 0.954189 -5.56466 4
-0.460469 0.928093 -2.54298 4
-0.0620924 0.312653 -0.79369 4
-1.04512 2.04632 -10.5402 4
-0.802878 0.617851 -4.05882 4
3.04059 -3.33928 8.693 3
4.32431 -4.67814 12.598 3
0.48031 -0.262907 1.03851 3
0.737338 -1.40326 3.39594 3
-0.219556 -0.483783 0.228225 3
-0.00561707 -0.214139 0.10347 3
-0.0173815 0.252349 -0.230776 3
-0.0436318 0.0166116 -0.0915487 3
-0.759799 0.69854 -1.14056 3
-0.0742414 0.0693177 -0.186447 3
-0.1274 0.120636 -0.438356 3
-0.0438296 0.242975 -0.745386 3
-0.0638076 0.159226 -0.453966 3
-0.0711409 0.659124 -1.27449 3
-0.105628 0.175938 -1.38206 3
-0.0049049 0.112378 -1.56895 3
-0.00540853 -0.137136 -0.529798 3
-0.0551586 0.0120746 -0.224171 3
0.0386097 0.00195263 0.0394648 3
-0.0800973 0.0530483 -0.018215 3
-0.0302487 0.0729991 -0.0365384 3
-0.0595636 0.173934 0.121315 3
-0.283553 0.0492194 -0.0260904 3
-0.0471142 0.0753842 0.01113 3
-0.626906 1.17773 0.37227 1
-0.262391 -1.17788 -0.548589 1
0.805673 0.0251156 0.416966 1
-0.354955 -0.211487 0.24959 1
0.327039 0.638794 0.550514 1
0.000180309 -0.000731104 -0.0016824 1
