# 1 = ball
# 2 = lepton
# 3 = photon
# 4 = PID > 100
# 5 = neutrino
# 6 = other
7.24963 -5.7995 2.98684 4
0.199654 0.123839 0.210606 4
-0.252051 -0.556467 0.322271 4
0.0828479 -0.840493 0.144301 4
0.0516519 0.161034 -0.350731 4
-3.12303 0.42404 0.393087 4
-0.448555 -0.194329 -0.216885 4
-1.74277 0.707464 -0.283737 4
-12.9926 19.858 -9.17426 4
0.489374 -0.188299 0.279684 4
-2.64846 -0.56611 -0.233408 4
-1.16596 0.155872 0.266885 4
0.446217 -0.345171 0.174168 3
12.9715 -10.1475 5.84713 3
0.434423 -0.603974 0.198818 4
1.97279 -1.73612 1.08506 4
0.56738 -0.659342 -0.0750784 3
0.381193 -0.606653 -0.00223839 3
-0.319998 0.337777 -0.128778 3
-0.351828 0.274719 -0.00815538 3
-2.57441 2.65306 -1.42552 4
-0.154307 0.235377 -0.0431261 3
-0.095503 -0.107593 -0.0315562 3
0.961716 -0.753163 0.387521 3
2.82565 -2.30389 0.925832 3
-0.134264 0.0128881 0.0530634 3
-0.599956 0.185641 -0.018607 3
-0.595128 -0.297105 -0.180143 3
-0.187503 -0.0173963 -0.03197 3
0.0196184 -0.000800715 -0.017848 3
0.433226 -0.409867 0.104779 3
-1.26621 1.2884 -0.594841 3
-0.0709237 0.0959909 -0.0728272 3
0.10604 0.065928 0.0437585 1
-0.00123769 -0.013323 0.0222933 1
0.0329879 0.0324834 0.0243557 1
-0.2519 -0.251354 -0.263519 1
0.0190808 -0.0523283 0.145191 1
-0.151153 -0.142318 -0.4152 1
0.205832 -0.0650601 0.115642 1
-0.0890445 0.0781352 0.0867248 1
-0.125402 -0.111273 -0.417556 1
-0.0118276 0.125551 -0.0176163 1
-0.176467 0.0593897 -0.0789602 1
0.0272913 0.0970304 0.0209254 1
0.00628842 -0.0433845 -0.0293501 1
0.234654 -0.447679 0.332014 1
0.0883915 -0.0915456 -0.247603 1
-0.26716 0.387009 0.149675 1
-0.0103991 -0.00821567 0.0380977 1
0.000588455 0.000615822 0.000793919 1
