# 1 = ball
# 2 = lepton
# 3 = photon
# 4 = PID > 100
# 5 = neutrino
# 6 = other
-0.0121556 0.386676 2.39733 4
0.366587 0.795639 -0.0977574 4
-0.442479 -0.333008 -0.667631 4
-0.0461658 -0.356907 -1.21036 4
0.85738 -0.876681 -2.10209 4
0.293091 -0.531347 -2.07303 4
0.803328 -2.21432 -3.91674 4
-0.0915872 -0.848826 -1.47075 4
-0.482088 -1.60111 -5.4114 4
-0.0913251 0.249807 1.22576 4
-0.0211874 -0.106029 3.09825 4
0.721959 -0.0405814 2.69294 4
0.197297 0.13988 3.04092 4
0.811636 0.798498 5.50756 4
0.131995 0.293924 0.901163 4
-0.0169737 0.303946 0.056272 4
0.0562315 0.11117 1.01219 4
-0.196226 0.271011 -0.10416 4
-0.741207 -0.147445 -1.6623 4
0.288698 -0.162565 0.793004 4
0.434359 -0.112858 0.768248 4
0.240258 0.215221 0.153343 3
0.376647 0.142978 0.228232 3
0.0151144 -0.0897655 0.201575 3
0.104868 -0.10498 0.0914379 3
-0.0802832 -0.373984 0.549518 3
-0.0151811 -0.0261998 0.000268696 3
0.0368874 0.0275958 0.109392 3
0.152624 0.67751 1.18008 3
1.03854 0.187949 5.67271 3
0.0987046 0.00878279 0.802154 3
-0.0222711 -0.0533301 -0.370566 3
-0.32883 -0.145257 -4.07163 3
-0.194185 0.397173 0.561318 2
-2.4451 3.45761 6.69371 5
-0.158947 0.236453 0.353678 3
-0.000440094 0.148991 0.266489 3
-0.0132471 0.0141308 0.009963 3
0.291911 0.26821 0.516102 3
-0.021716 0.00137708 -0.440351 3
-0.080186 -0.122065 -0.43821 3
0.00103265 1.37627 2.07548 4
-0.687374 -1.00441 -9.11545 4
0.0077015 -0.00896686 -0.0552191 3
-0.471233 -0.26747 -1.25926 3
-0.39907 -0.49479 -4.86546 4
-0.0528714 -0.213423 -0.529764 3
-0.214524 -0.274468 -1.09696 3
