# 1 = ball
# 2 = lepton
# 3 = photon
# 4 = PID > 100
# 5 = neutrino
# 6 = other
0.00495978 0.00187014 -0.00753465 3
5.02873 -1.98938 0.908542 4
-3.21254 -0.0121527 -0.993535 4
-1.83317 0.0240238 -0.288636 4
-3.48676 0.40042 -0.279377 4
4.89397 -3.15749 1.49804 4
1.44468 -0.613429 -0.351606 4
-0.227088 0.0710328 -0.283221 4
-1.23913 0.921401 -0.15717 4
8.95542 -5.13346 2.0128 4
8.16188 -3.82563 1.16045 4
0.0110049 0.00757915 0.287988 3
0.0387008 0.153697 0.323212 3
-5.44313 2.94415 -1.25146 3
-3.16439 1.8034 -0.670538 3
-2.68907 2.10093 -1.1332 2
-5.97269 3.37298 -1.49714 5
1.43629 -0.867733 0.147485 3
0.54667 -0.420755 0.0221845 3
0.411782 -0.131997 0.110256 3
0.566786 -0.307487 0.283622 3
0.00574166 0.0393764 0.00943002 3
-0.430163 0.491414 0.147038 3
-1.70533 1.53061 -0.585917 3
-0.0543997 0.0499157 0.00543464 3
2.70692 -0.966243 0.732886 3
0.506328 -0.242611 0.156005 3
1.07816 -0.70599 0.412117 3
0.0308653 0.00109844 0.000437411 3
0.673901 -0.369962 0.132387 3
0.0594916 0.000799612 -0.0118922 3
0.231082 -0.122694 0.0205998 3
0.00911795 -0.0758991 0.0239229 3
-7.09646 4.6756 -1.06125 4
0.128891 -0.0041344 -0.0574164 1
0.0602852 0.0105782 -0.176111 1
0.00209284 0.0722351 -0.198353 1
-0.0352786 -0.00754296 -0.236871 1
0.0479182 0.0107036 0.101339 1
-0.0768307 -0.032819 0.0658327 1
0.168016 -0.037603 -0.0256162 1
-0.0339624 -0.0421636 -0.0201598 1
0.065778 0.275756 0.157091 1
-0.0636475 0.205597 0.194922 1
0.410925 -0.0383238 -0.0871016 1
0.100775 -0.107346 0.0900799 1
-0.462548 -0.191197 -0.100118 1
-0.00599772 0.130547 0.158769 1
-0.135989 0.0598658 0.059564 1
-0.0443726 -0.0521962 0.00486839 1
-0.0395098 0.0318322 -0.05662 1
-0.422364 0.0395219 0.228288 1
0.0876498 0.0293028 0.0752478 1
