# 1 = ball
# 2 = lepton
# 3 = photon
# 4 = PID > 100
# 5 = neutrino
# 6 = other
-0.056413 -0.0650282 0.189364 4
-0.0745584 -0.143433 0.49698 4
-0.341478 1.01223 -0.0474076 4
0.271266 -5.84085 1.65063 4
-0.113818 -5.1469 1.66855 4
0.106952 -2.15199 1.04513 4
-0.110419 -1.98065 1.18214 4
0.781871 4.04465 -1.67762 4
-0.0886667 1.02068 -0.607488 4
-0.01735 -0.00536596 -0.0029289 3
-0.0647822 -0.481318 0.450571 3
-0.0575232 -0.0982306 0.0485149 3
0.249254 0.663931 -0.49879 3
0.216885 3.4305 -1.65875 3
-0.0329998 0.305012 -0.144152 3
0.127654 0.692817 -0.309159 3
-0.00273277 -0.314933 0.0123376 3
-0.0246096 0.000141163 0.016484 3
-0.437686 2.13651 -0.831365 4
-0.0284105 12.9255 -4.89607 4
-0.0479915 0.950614 -0.446792 3
0.0340016 0.487624 -0.147054 3
-0.924431 -11.6045 5.72269 4
-0.672296 -3.3533 1.78061 4
-0.552432 -3.33791 1.36592 4
0.525972 8.32163 -3.48079 3
0.0581941 0.816357 -0.296816 3
-0.366207 -1.67193 0.915499 3
-0.02801 -0.19255 0.0571899 3
-0.301208 0.0812825 0.0590728 1
0.281268 0.00514759 0.227814 1
-0.199094 -0.725791 -0.0926848 1
-0.0188424 0.00527454 -0.106868 1
0.631355 0.0700863 -0.0988131 1
0.113215 -1.16547 0.0510606 1
0.412488 -0.288605 -0.129715 1
0.00332022 -0.0833087 -0.0220913 1
0.00460412 0.11137 0.0627378 1
-0.580803 0.511913 -0.650205 1
0.355395 0.449847 -0.203197 1
0.410221 -0.0275597 0.734462 1
0.0604257 0.311635 -1.16753 1
0.289029 0.00488061 -0.440607 1
0.192703 0.274163 -0.159277 1
0.41884 0.226826 0.513626 1
-0.402151 -0.180975 -0.135204 1
