# 1 = ball
# 2 = lepton
# 3 = photon
# 4 = PID > 100
# 5 = neutrino
# 6 = other
-4.99564 -0.705271 -7.19498 4
0.981908 0.239815 1.23634 4
4.31101 -0.464523 4.54738 4
9.30984 -0.620955 13.5129 4
-5.97425 -1.03715 -7.27636 4
-0.456906 0.327921 -0.293682 4
0.719931 -0.317389 0.915826 4
0.204776 0.239402 0.359721 4
-15.3735 -2.30261 -17.2684 4
0.0705811 0.450512 -0.261104 3
0.103 0.195028 -0.200146 3
0.236002 -0.298142 0.0726434 3
0.0942146 -0.297199 0.0113146 3
-0.20947 0.568399 -0.579233 3
-0.119209 0.166135 -0.124654 3
0.43937 -0.175021 0.392005 4
0.856241 0.385442 0.532161 4
5.53008 0.0430722 6.03742 4
1.64407 0.0188719 1.80891 4
-0.0304374 0.029189 0.0165722 3
-1.00926 0.112608 0.274601 3
0.0424932 0.00421537 -0.0423261 3
0.0596258 0.00508776 0.104517 3
0.204993 0.0226283 0.32393 3
0.965981 0.0519736 1.04571 3
0.150543 0.225067 -0.00386723 1
0.527864 0.809158 1.54363 1
0.869016 0.977532 0.271684 1
0.0319246 0.160211 0.177953 1
0.211726 0.778728 0.144909 1
0.121736 -0.00290877 0.297993 1
0.183433 0.237652 0.06873 1
-0.162072 -0.298585 -0.107015 1
-0.126911 0.266025 0.12484 1
0.58731 0.20508 -0.469933 1
