# 1 = ball
# 2 = lepton
# 3 = photon
# 4 = PID > 100
# 5 = neutrino
# 6 = other
6.26781e-06 -0.0103346 -0.00612741 3
-0.709185 0.0656126 0.747146 4
-0.729791 0.277565 0.741956 4
-0.369505 0.0839463 0.131335 4
-5.54428 -1.528 1.82273 4
2.46724 3.17204 -2.59144 4
0.817087 0.13692 -0.168342 4
1.18972 -0.498807 -1.26905 4
1.41842 -0.102408 -0.0268984 4
1.68954 -1.75456 0.577888 4
0.111684 -0.386092 0.733249 4
-0.198708 0.0866798 0.106627 4
-0.128855 -1.06818 3.38968 4
-1.50448 -0.356594 1.62104 4
1.96817 5.58369 -6.07063 4
3.63112 7.59595 -5.73917 4
0.638657 0.364016 -1.94865 4
0.270215 0.152302 -0.139054 4
2.6454 -2.64432 0.782622 4
0.849634 -0.578996 0.473246 4
-0.510739 -0.0264991 0.395021 4
-0.875991 -0.0700804 0.561872 4
-0.586437 -0.10103 0.299308 4
-0.346138 -0.414447 0.343767 4
-4.77659 -1.59986 2.09754 3
-2.36272 -0.82928 1.13877 3
0.345413 -0.191612 0.0963406 3
0.262343 -0.177336 -0.0405626 3
0.958029 -0.650963 0.322586 3
0.369433 -0.172308 0.162428 3
0.183431 -0.139984 -0.00815112 3
0.0850141 -0.22035 -0.0551694 3
-0.296843 -0.121961 0.228909 3
-0.662723 -0.407972 0.776026 3
0.0519613 -0.295934 0.187042 3
0.0459471 -0.0693116 0.144755 3
0.0436303 -0.235426 0.18766 3
0.161107 -0.381679 0.148734 3
0.0520534 -0.0543683 0.0526601 3
-0.0774082 -0.0600578 0.0142167 3
0.340754 0.156991 -0.0572604 1
0.451853 0.0303722 -0.481091 1
0.34288 -0.121924 -1.06634 1
-0.169755 0.0728412 0.404074 1
-0.308025 -0.219221 -0.376637 1
-0.733699 -0.157285 -0.803483 1
0.00211761 0.0528251 -0.0152924 1
0.425635 0.100091 -0.164963 1
-0.131642 -0.270542 0.696773 1
-0.12614 -0.113808 -0.194307 1
-0.404939 0.0674287 0.0873862 1
0.430732 -0.0792696 -0.0117011 1
0.0935914 -0.279389 -0.103465 1
0.21573 0.341045 0.503469 1
0.030789 -0.834104 -0.0426906 1
0.502737 0.0937331 0.256551 1
-0.126741 -0.544286 0.19164 1
0.230723 0.588983 0.0558434 1
-0.0321901 -0.41848 0.934662 1
0.61614 0.546687 0.211317 1
0.0272813 -0.0572468 -0.247121 1
0.0214651 -0.0351006 0.185878 1
0.0851306 -0.246236 -0.628004 1
0.829666 -0.453388 0.102192 1
-0.191388 -0.136003 -0.0184865 1
0.0468987 -0.0276257 -0.0765114 1
-0.128356 -0.13531 -0.0435706 1
-0.441512 0.663979 0.472521 1
-0.0586409 -0.0609381 0.145309 1
-0.0285658 0.0660377 0.099927 1
-0.00660493 -0.158769 -0.066884 1
-0.342925 -0.0222824 0.197002 1
-1.03779 -0.747609 -0.550072 1
-0.496374 0.100235 0.347162 1
-0.335769 -0.191961 0.0639451 1
-0.167927 0.0595602 -0.2297 1
