# 1 = ball
# 2 = lepton
# 3 = photon
# 4 = PID > 100
# 5 = neutrino
# 6 = other
-6.86632 -0.83152 35.4007 2
-0.77943 -1.87161 -35.1544 2
9.23624e-06 -1.31391e-05 -0.000366067 3
0.221091 0.339761 0.0365491 4
0.705602 -0.295141 -0.0980019 4
2.35192 -0.0373225 -0.142173 3
6.41787 -0.22146 -0.1997 3
-0.0968514 0.206759 -0.242688 1
0.00318377 -0.14002 -0.740768 1
-0.0251992 -0.104004 -0.268013 1
-0.240607 0.191192 -0.398472 1
0.681987 0.158144 -0.201991 1
0.0395106 -0.398347 -0.438519 1
-0.280637 -0.176499 0.145057 1
-1.34383 0.3013 0.0203838 1
-0.273463 0.311527 0.0871155 1
-0.0522817 0.0150201 -0.0682034 1
0.0223636 0.46662 0.363832 1
0.252338 0.934332 1.13426 1
-0.548171 -0.0692664 -0.0183293 1
-0.303693 0.46256 -0.206771 1
-0.30591 -0.0729449 0.348977 1
0.420507 0.830931 0.641545 1
