# 1 = ball
# 2 = lepton
# 3 = photon
# 4 = PID > 100
# 5 = neutrino
# 6 = other
0.0852291 -1.62816 -0.258484 4
-0.37628 -0.51548 -0.0167308 4
-0.358684 -0.566842 -0.445984 4
-0.608384 -1.42046 0.188491 4
-3.14055 0.128724 -1.32695 4
-0.940523 0.12457 0.0783779 4
-2.21141 0.670068 -1.50177 4
-0.335806 0.121363 0.0495145 4
0.0149521 0.159399 0.150477 4
1.19961 3.63051 0.915385 4
-1.9661 -0.272589 -0.35741 4
-1.50347 -0.479994 -0.607835 4
0.194641 0.524019 -0.0678309 4
0.444617 0.801495 -0.0903244 4
-0.263583 0.473146 0.161425 4
-0.0577132 1.55784 0.366547 4
0.296625 0.353571 0.121405 4
0.704148 1.1424 0.590901 4
0.105459 -0.271882 -0.0501214 3
-0.0767258 -0.171277 0.155391 4
-0.00333128 -0.0683027 -0.0453842 3
-0.0651318 -0.0195923 -0.145377 3
-0.279913 -0.115459 -0.192492 3
-0.024892 0.966309 0.152697 3
0.0308193 0.786902 0.237874 3
-0.284494 0.670351 0.673226 5
4.27219 14.7158 4.40699 2
-0.11348 0.0454855 -0.068554 3
-0.421579 0.378034 -0.091061 3
0.00566649 0.0693664 0.0356519 3
-0.0872844 0.260943 -0.104095 3
0.232593 -1.67336 -0.00151941 5
1.98444 -12.2067 -2.96687 2
-0.0559218 -0.0971705 -0.12713 3
-0.10537 -0.0848488 0.00245383 3
-0.0588912 -0.0012157 -0.0372364 3
-0.137003 -0.263187 -0.204861 3
0.0229907 0.0422959 -0.00366296 3
-0.114783 -0.0187931 0.0104012 3
-0.119484 0.730998 -0.0050567 4
0.291338 -0.565721 -0.239519 4
0.978789 4.07786 2.46679 4
1.43992 -3.34077 -0.953925 4
2.02311 -3.89685 -1.92791 4
0.217755 -0.559677 -0.229686 3
-0.0186255 -0.0216285 -0.00954135 3
0.208377 -0.397447 -0.330395 3
0.104593 -0.0582491 -0.0721701 3
0.113487 -0.376607 -0.311323 3
0.16798 -0.523195 -0.247991 3
-0.0855524 0.10789 0.257499 1
-0.029394 -0.0388431 -0.359525 1
0.0380689 -0.316969 -0.332944 1
-0.14816 0.102398 -0.0540662 1
0.122799 -0.127844 0.170319 1
0.0100946 -0.480976 0.259691 1
-0.490568 -0.00833021 -0.19075 1
0.0881217 -0.864904 0.330851 1
-0.0888336 0.138089 -0.00431227 1
-0.549693 -1.33079 0.0849529 1
0.447297 -0.273644 0.0793516 1
-0.116186 0.219463 -0.157048 1
-0.29535 0.734546 -0.0661426 1
0.189924 -0.689165 0.75734 1
0.064009 0.124222 0.861943 1
-0.187021 -0.317911 0.0184165 1
-0.0257305 0.0209849 -0.204829 1
-0.356173 0.180895 0.828364 1
0.00242343 0.00484035 -0.00391071 1
