# 1 = ball
# 2 = lepton
# 3 = photon
# 4 = PID > 100
# 5 = neutrino
# 6 = other
0.119147 -0.261142 -0.0877077 3
-0.587358 2.29043 -1.14726 4
1.08236 3.17987 0.308176 4
-0.220415 1.22839 0.836119 4
0.131402 -0.385284 0.138488 4
-0.111744 -0.0146624 0.48046 4
0.0514272 -0.0350389 0.714166 4
0.12112 -0.447319 -0.383604 4
0.836762 -1.2696 -0.0755958 4
-0.493196 1.34318 -0.270915 4
-0.11343 0.861678 -0.0195427 4
0.113014 0.177015 0.328909 4
0.0669537 1.75616 -0.170928 4
0.0446928 -0.306169 0.0460641 4
0.589822 -0.726875 -0.366662 4
-0.285341 0.652587 -0.0118273 4
-0.719736 1.18457 -0.472789 3
-0.0433224 0.0816467 0.00329815 3
0.0561066 0.469018 0.0149457 4
-0.0122569 0.0739461 -0.0437922 4
0.0826509 -0.595859 0.334157 4
-0.0106044 -0.897604 -0.121537 4
0.479107 -0.962023 -0.101039 3
-0.439633 0.0936228 -0.0992527 3
-0.0504564 0.0494577 -0.055896 3
0.192613 -0.895139 0.246586 3
0.0501394 -0.63725 0.096671 3
-0.0275506 0.345589 0.442751 3
-0.0487307 0.115855 0.066652 3
0.109599 -0.471823 0.047176 3
0.00961736 -0.519484 0.139876 3
4.98783 -13.2509 0.0323334 4
-5.52477 9.2037 0.0186465 4
-1.48312 2.2055 0.165002 4
-3.21061 5.84871 -0.0648093 4
2.04237 -5.21812 -0.543949 4
-1.03767 1.61435 -0.219501 3
-0.857939 1.1397 -0.212645 3
1.43886 -5.16416 -0.40117 4
1.56115 -3.62689 -0.419444 3
0.481338 -1.11213 -0.053778 3
0.157142 0.00688862 0.117561 1
0.434886 -0.0182352 -0.096763 1
-0.790615 0.595605 -0.317993 1
-0.276939 0.202365 1.09509 1
-0.712256 0.539806 0.303211 1
0.840139 0.26524 0.0247209 1
-0.144312 0.0565254 0.0424804 1
-0.518695 0.0734214 0.291785 1
-0.228328 0.109839 0.377793 1
0.0302017 0.131339 -0.041285 1
2.00924 0.334434 -0.972748 1
-0.109002 0.153295 -0.19484 1
-0.202348 6.65314e-05 0.293227 1
0.493516 0.481922 0.276792 1
-0.352825 -0.0500109 -0.31587 1
