# 1 = ball
# 2 = lepton
# 3 = photon
# 4 = PID > 100
# 5 = neutrino
# 6 = other
12.5439 -2.68573 -7.84436 4
1.4626 -0.836315 -0.903622 4
1.11541 -0.576607 -0.317983 4
0.0466654 -0.0877928 -0.16441 4
-2.76947 1.04745 1.63587 4
-2.3444 0.23273 1.68986 4
7.56086 -3.01859 -4.81813 4
5.77355 -1.33246 -2.58103 4
1.78546 -0.433987 -1.28742 4
0.854814 -0.501445 -0.568895 4
0.979084 -0.0869818 -1.08107 4
-0.333784 -0.102379 0.127501 4
-3.24633 0.41603 1.65751 4
-14.0451 3.36106 8.06327 4
-1.72452 0.424017 0.985345 4
-0.0509645 -0.0165858 0.0304393 3
0.0560852 -0.122115 0.000190554 3
-1.07771 0.693039 1.02479 3
-0.630532 0.486586 0.535693 3
-0.419752 0.0482954 0.167762 3
-1.56912 0.433359 0.735472 3
-4.76664 1.16594 2.50264 3
-1.43115 0.29797 0.685926 3
0.312158 0.57288 0.152988 1
0.314227 0.161531 -0.643187 1
0.0918011 0.622464 0.0960859 1
-0.102866 0.438831 0.153773 1
0.0784362 -0.260628 -0.693426 1
0.0903767 -0.195315 0.0868951 1
0.11965 0.0393661 0.157269 1
0.0500631 -0.182715 -0.472347 1
0.463255 -0.0645668 0.427886 1
0.305391 -0.371074 -0.15276 1
-0.598663 -0.623791 -0.0515956 1
-0.133107 0.0606695 0.0821526 1
-0.554952 0.130455 0.917246 1
0.806451 0.860089 0.222998 1
0.795585 0.183151 -0.660773 1
0.193223 -0.176833 0.101427 1
