# 1 = ball
# 2 = lepton
# 3 = photon
# 4 = PID > 100
# 5 = neutrino
# 6 = other
-0.00080956 0.00197613 0.0264091 3
0 0 0.000128087 3
0.60924 0.701073 -0.986842 4
1.37019 1.08451 -2.42462 4
-0.210993 -0.149074 0.371006 4
1.8893 0.927646 0.0959207 4
-7.59377 -4.41665 10.9729 4
-4.53297 -2.95208 6.61657 4
4.77602 3.0547 -5.36047 4
2.0965 1.62396 -5.7254 4
0.765181 0.663051 -2.27558 4
0.470519 0.878749 -2.22471 4
0.33034 0.233104 -1.1039 4
0.184973 0.18907 0.29175 4
1.2187 0.573622 -1.3333 4
-0.847374 -0.321853 1.0001 4
-0.31608 -0.443523 0.846509 4
0.751311 0.348678 -1.40076 4
0.52652 0.365396 -0.218839 4
-4.67811 -3.19328 8.13814 4
4.76035 2.45712 -6.78921 3
0.00429568 0.00179531 -0.00753838 2
0.0212054 0.00753649 -0.0430521 2
0.20034 0.120391 -0.369494 3
-4.2044e-05 0.000812609 -0.00361069 2
0.00857784 0.0248733 -0.189088 2
0.632533 0.472125 -1.71739 3
0.394194 0.24263 -1.25623 3
-0.227955 -0.20846 0.706615 4
0.0393825 -0.19365 0.180328 4
0.33565 0.138023 -0.586272 3
0.319562 0.000552506 -0.46354 3
0.620224 0.108287 -0.459715 3
0.252845 -0.0337021 -0.234005 3
0.0299656 0.00774113 0.0194263 3
0.114316 0.163022 0.750754 3
-0.122916 -0.0324932 0.035665 3
-0.784421 -0.496833 0.509112 3
-1.46289 -0.768763 1.99161 3
-1.49275 -0.924973 2.2151 3
-0.379194 -0.222755 0.273257 3
-0.07196 -0.0323484 0.132293 3
