# 1 = ball
# 2 = lepton
# 3 = photon
# 4 = PID > 100
# 5 = neutrino
# 6 = other
-0.340737 -0.0736428 -0.633981 4
-0.954768 0.390808 0.747877 4
-1.19536 1.38513 0.179635 4
-1.06945 0.0325162 1.67985 4
-1.015 0.000153615 -0.228797 4
-0.402072 0.119152 -0.247375 3
-0.651497 -0.0616724 1.46934 3
-0.00593792 0.00205249 0.0898282 3
-0.238163 -0.0711622 0.238319 3
-0.0662657 -0.0717501 0.0175016 3
-0.040602 0.0257872 0.195567 3
-0.0413964 0.061537 -0.0824482 3
0.0879888 0.135517 -0.068697 3
0.711931 0.301218 -1.3656 3
0.0757902 0.0704623 0.00351381 3
0.125453 0.48688 -0.076307 3
-0.192002 0.0179983 0.594646 4
0.114022 0.0390881 -0.109333 2
0.089007 -0.0209775 -0.025051 5
0.152531 0.0521598 -0.255828 3
0.299895 -0.0867242 -0.503587 3
-0.230377 -0.265058 0.509138 3
-1.01094 -0.531769 3.53996 4
-0.160132 -0.00477938 1.7687 4
-0.351054 -0.137878 1.68221 4
-0.439381 0.0182376 1.49139 4
4.10953 1.22334 -8.41566 4
2.90389 0.279253 -4.84759 4
1.25376 0.49172 -2.5661 4
2.20257 0.185357 -3.27237 4
0.0432287 -0.0341108 0.0222062 3
-0.0700705 0.0118762 0.122055 3
-0.607328 -0.237169 2.13849 3
-0.327037 -0.0275921 1.01944 3
-1.32126 -0.154952 4.24285 4
-0.542742 -0.316625 0.945323 4
-0.896267 -0.00357356 2.67153 3
-0.28706 -0.342405 1.64286 3
1.98346 0.274501 -3.69596 3
1.80178 0.349153 -3.56574 3
1.08428 -0.211216 -2.44621 4
0.418925 -0.187863 -0.742056 4
-0.0524428 -0.0364838 0.328635 3
-0.22687 0.122645 1.21874 3
-0.581771 -0.100822 2.06555 3
-0.0780114 0.0238236 0.430981 3
-0.0396465 0.0337673 0.226754 3
-0.168187 -0.133205 0.810272 3
-0.032201 -0.0716996 0.0860196 3
-0.290702 -0.131642 0.619471 3
-0.179745 -0.0974856 0.726728 3
-0.105133 -0.0805444 0.198866 3
-0.016668 -0.0457487 0.111466 3
-0.329478 -0.109241 1.43063 3
0.594783 -0.0992976 -0.667427 3
0.216261 0.0370368 -0.299522 3
-0.0625618 -0.0797445 -0.0669753 1
-0.861679 -0.427134 0.721833 1
-1.01665 -0.367074 -0.668618 1
0.0097273 0.031962 0.0213167 1
-0.0495335 0.0795094 -0.0409507 1
0.45579 -0.63736 0.0944661 1
-0.283751 -0.0735716 -0.362483 1
-0.995833 -0.127175 -0.0488794 1
-0.00754978 0.0265703 0.114196 1
-1.14392 -1.16142 -0.466274 1
0.163152 -0.364922 -0.677884 1
-0.573526 0.189286 0.106728 1
0.48684 0.0604156 0.343096 1
-0.21129 0.000956186 -0.0280943 1
-0.0649843 0.1008 0.169393 1
-0.101135 0.0187405 0.0056472 1
0.0300325 0.0489817 0.218338 1
0.515541 0.257104 -0.58556 1
