# 1 = ball
# 2 = lepton
# 3 = photon
# 4 = PID > 100
# 5 = neutrino
# 6 = other
0.00595476 -0.00120708 0.0356098 3
0.732818 -2.6594 -1.43223 4
-0.224359 -0.475242 -0.0385853 4
0.0523895 0.13489 0.0665253 4
0.0457278 0.319571 0.440021 4
2.75421 0.130377 0.750403 4
0.381646 0.272326 0.0470981 4
0.174519 0.183712 -0.635976 4
0.428434 1.15423 0.575936 4
-1.9252 3.55225 1.51931 4
-0.93409 1.11032 0.762789 4
0.213424 -2.47539 -0.861541 2
0.162031 -0.423248 -0.041404 5
-0.154265 -2.59532 -0.844326 3
-0.07121 -2.53012 -1.4057 3
0.0618067 -0.276603 0.114809 3
0.113322 -1.67664 -0.628675 3
0.891794 -1.04501 -0.182979 4
1.2675 -1.18307 0.0464093 4
1.01994 0.199182 0.163547 3
0.0223292 0.00426249 -0.141321 3
0.371432 -0.396482 -0.057709 4
0.692137 -0.335672 0.0951633 4
1.0326 -0.364394 -0.91664 3
0.0193183 -0.0258693 -0.0475275 3
0.997392 0.127454 -0.167669 4
0.748381 0.194739 -0.10021 4
0.98826 0.43195 -0.00279012 4
0.398763 0.286804 0.0515672 4
-0.22732 0.286013 0.193728 4
-0.169547 0.25433 -0.0185185 4
0.143098 0.0172029 -0.0469326 3
0.0388209 -0.0782516 0.00161881 3
0.307288 -0.0165543 0.119333 3
0.174108 0.0679744 0.0017384 3
1.37035 0.0698393 -0.110081 3
0.184982 -0.0193486 0.0255764 3
0.367645 0.102542 -0.315619 3
0.0708693 0.0254527 0.00149738 3
-0.0623271 0.0606968 0.00271704 3
-0.281374 0.466149 0.339788 3
-1.67808 3.22971 1.45502 4
-3.88632 8.25947 3.21718 4
-4.30544 9.10857 3.02801 4
0.12172 -8.07775 -2.88561 4
-0.215821 -6.4598 -2.5633 3
-0.113721 -3.88414 -1.43033 3
-2.08467 4.86255 1.77996 3
-0.0212652 0.0869534 0.0403192 3
