# 1 = ball
# 2 = lepton
# 3 = photon
# 4 = PID > 100
# 5 = neutrino
# 6 = other
-0.0063237 0.00751228 -0.035487 3
0.00310939 -0.00450784 -0.273994 3
0.000983025 0.00122053 0.00232471 3
0.308804 0.780251 0.0920047 4
1.26509 0.23201 -0.972176 4
1.76678 0.734813 -1.48252 4
1.33193 0.745608 -1.43605 4
-2.2238 -1.7815 2.39566 4
-0.273684 -0.382227 -0.315177 4
0.61979 0.630799 -1.88618 4
0.300426 -0.089341 -0.186335 4
0.928434 0.427369 -0.672355 4
0.685126 0.147828 -1.00156 4
-0.140114 -0.172986 0.154274 3
-0.180957 -0.394797 0.504828 3
-0.0773205 -0.112458 0.0666259 3
0.214155 -0.299029 -0.143855 3
0.125577 -0.0549627 -0.013681 3
-3.67005 -3.05435 3.28581 4
-3.16667 -3.02481 2.98209 4
-2.91296 -2.00981 2.46131 4
0.0275892 0.107148 -0.130538 3
0.917176 0.619476 -1.01422 4
-0.180425 -0.0576266 0.0613706 3
-0.346262 -0.235599 0.317638 3
1.55578 1.51054 -1.08663 4
0.474178 0.132631 -0.113195 4
0.224456 0.150607 -0.290765 3
0.0839309 0.136134 -0.0739214 3
3.70053 3.94702 -4.06311 4
-0.690453 -0.748742 1.07204 4
-3.5112 -3.1069 4.18757 4
-0.716264 -0.552936 0.837369 3
-0.0535501 -0.0982176 0.0881824 3
1.92366 1.88659 -2.50194 3
0.656859 0.542955 -0.822997 3
1.26553 0.915169 -1.37814 4
1.55039 1.95851 -1.73705 4
4.33945 4.5075 -3.84127 4
-4.08741 -3.27912 4.87722 4
-1.68451 -1.23405 1.32117 3
-1.05685 -0.905165 0.917448 3
0.636128 0.589617 -0.583025 3
0.059084 0.0407756 -0.00819134 3
0.036495 -0.266281 -0.0782686 1
-0.200923 0.124474 0.2523 1
0.0575034 0.539585 0.554644 1
-0.388773 -0.038914 -0.208215 1
-0.0598242 0.627955 0.156374 1
-0.232438 -0.309781 -0.141514 1
0.0973572 0.586832 -0.22739 1
0.239892 -0.694687 0.314991 1
0.464566 0.277876 -0.183486 1
