# 1 = ball
# 2 = lepton
# 3 = photon
# 4 = PID > 100
# 5 = neutrino
# 6 = other
0.000128473 -0.0017432 -0.00759788 3
0.682098 -0.54921 -0.186045 3
2.01755 -0.519028 2.55379 4
0.196964 -0.0682678 0.120123 4
-5.73759 2.51311 -8.24622 4
1.14874 -0.14697 1.47724 4
0.878318 -0.752733 2.63856 4
-0.141399 -0.126969 0.00462441 4
-0.24266 0.143857 0.431236 4
-0.577588 -0.448465 -1.11079 4
-1.75032 0.705841 -3.71726 4
-6.7576 3.3734 -10.7377 4
-0.362079 -0.274785 0.0957425 4
2.81622 -0.773973 3.94219 4
3.7174 -0.77592 4.96174 4
1.13844 -0.408532 1.75692 3
0.299275 0.0265584 0.551298 4
0.198068 -0.0680455 0.257925 4
0.613822 -0.538137 1.3467 4
1.3421 -0.612734 2.04631 4
-0.244167 -0.013513 0.0364623 3
-0.0472879 -0.000114731 -0.0581769 3
0.0782574 0.544743 0.191907 3
0.0872852 0.138463 0.0873237 3
2.01228 -1.10002 3.27775 3
0.753835 -0.328249 1.23422 3
0.0047149 -0.000407179 7.58038e-05 3
2.18324 -1.26023 3.43787 3
0.334749 -0.368846 1.17305 3
-0.00146529 -0.0261499 0.0206945 3
0.0347172 0.0492181 -0.0459487 3
0.166706 0.0255843 0.0577209 3
-0.0210478 -0.0701257 -0.111483 3
0.0393439 -0.00517062 0.0227911 3
-0.00093952 0.0426217 -0.120759 3
-0.0393866 0.153101 -0.0443355 3
-1.8516 0.802663 -2.5456 3
-2.95504 1.319 -4.35682 3
-0.586681 0.211287 -0.872843 3
-2.4255 0.630624 -3.76258 3
0.798399 -0.163248 1.01651 4
0.422424 -0.184971 0.458802 4
0.0496839 -0.0796578 0.129607 3
1.00565 -0.789079 1.40123 3
0.0829887 -0.0696223 0.209123 3
0.638955 -0.155156 0.984579 3
