# 1 = ball
# 2 = lepton
# 3 = photon
# 4 = PID > 100
# 5 = neutrino
# 6 = other
-0.327233 -0.57544 -0.0217209 4
1.735 0.596105 0.306687 4
1.91333 0.624813 -0.590667 4
5.18317 1.31563 0.320348 4
3.71379 1.43235 -0.0280667 4
-0.0561549 0.449476 0.358745 4
0.399204 -0.495258 0.416764 4
-0.371259 0.844724 -0.466543 4
-0.167615 0.431627 0.0535552 4
-0.835907 0.702555 0.0574477 4
-0.320967 -0.319116 -0.685646 4
-2.03624 -1.62058 -0.381139 4
-2.53271 -2.70613 -0.637024 4
-4.0697 -2.24037 0.255563 4
-5.47116 -3.74049 0.204058 4
4.81202 0.978179 -0.378738 4
2.07326 0.49172 -0.0599858 4
3.14116 1.87998 0.139621 4
0.186239 0.286281 0.121124 4
1.19142 0.972845 -0.168019 4
0.685606 0.494505 -0.474147 4
-0.417691 0.478815 -0.717535 4
-3.99466 -2.66962 0.519617 4
5.01459 5.01 0.407744 4
-0.489302 -0.516299 0.132601 3
-0.758365 -0.974989 0.0981573 3
-0.741956 -0.0744357 0.268082 3
-0.639611 -0.186208 0.2 3
-7.09394 -4.14684 -0.0207797 4
-2.78508 -1.39164 0.264505 4
0.574264 0.618792 -0.153763 3
0.100729 0.188382 0.00138534 3
3.56142 3.03707 0.857802 3
0.253208 0.25955 0.0487002 3
-0.188106 0.0349299 0.136376 3
-0.0712822 0.0996272 0.024638 3
-0.0798264 0.0233239 -0.103971 3
-0.125593 -0.00239201 0.0205203 3
-0.0613566 -0.154621 0.0657629 4
-0.19738 0.00230606 0.122216 4
0.835406 0.980029 -0.112877 3
0.8957 0.852829 -0.0772387 3
-1.06502 -0.596768 -0.0379053 3
-1.06768 -0.693215 0.0706142 3
-0.084158 0.0600347 -0.072432 3
-0.219567 -0.0420532 -0.284437 3
