# 1 = ball
# 2 = lepton
# 3 = photon
# 4 = PID > 100
# 5 = neutrino
# 6 = other
-0.00274763 -9.61126e-05 -0.0089181 3
3.68223 -2.17919 -9.96288 4
1.55189 -1.59337 -5.00019 4
-0.657658 -3.27869 0.579414 4
-0.844502 -5.47582 1.79401 4
0.23215 0.817246 2.00758 4
0.654119 -0.159209 -1.5368 4
-1.3976 0.21181 -2.35088 4
-0.423002 -0.159044 0.488755 4
0.100712 -0.0626855 -0.219945 4
-0.233208 0.0227193 0.134117 4
-0.885081 11.9226 20.5502 4
1.01461 -0.490199 -2.46701 4
0.987988 -0.692617 -2.36891 4
-0.397482 0.200936 -0.412227 4
-0.415321 0.557332 -1.04306 4
0.120419 0.33304 -1.28442 3
0.0413451 0.394491 -1.08815 3
-0.0740166 -0.128315 0.0523378 4
-0.032954 -0.0675792 0.675453 4
0.105037 -0.223063 0.513525 3
0.0853224 -0.325946 -0.069623 3
0.289222 0.172967 0.41121 3
0.140593 0.218502 0.321687 3
-0.00752898 0.0254283 -0.042239 3
-0.410541 -0.0420494 -0.524391 3
-0.0703645 -0.307641 0.413936 3
0.0239027 -0.00134563 0.0435711 3
-0.873639 1.20194 0.357326 1
-0.10275 -0.0543988 -0.117895 1
0.10178 0.0222033 -0.0742574 1
-0.6288 -0.0313851 0.168615 1
0.671764 -1.22635 -0.903358 1
0.733587 0.363233 0.785278 1
-0.0999209 0.0135334 -0.182211 1
0.17959 0.189097 0.0728107 1
-0.0325749 0.664687 0.02994 1
0.354215 0.13212 -0.20215 1
-1.4287 0.749887 -1.14765 1
-0.0388411 -0.00938775 0.103287 1
-1.21203 -0.269056 -0.5243 1
-0.15133 -0.388237 -0.290571 1
0.133804 0.254051 -0.161279 1
-0.246981 -0.051397 0.092101 1
0.374744 -0.787559 0.371567 1
-0.398816 -0.479006 0.183933 1
-0.121279 -0.0212202 -0.00399439 1
1.01507 -0.0192796 0.482588 1
0.0325364 0.16099 -0.0373974 1
0.0433973 0.192528 1.21008 1
-0.878764 -0.623176 1.29556 1
-0.369129 0.328526 0.127962 1
0.274136 -0.347347 -0.175362 1
-0.17416 -0.0792986 -0.245068 1
-0.334443 0.424063 -0.821777 1
