# 1 = ball
# 2 = lepton
# 3 = photon
# 4 = PID > 100
# 5 = neutrino
# 6 = other
-0.0192719 0.00450691 0.105595 3
-0.450989 -0.493601 0.301627 4
-0.170177 0.658014 0.574009 4
-0.417769 -0.0369408 -0.349355 4
-1.06952 -0.515268 -4.77778 4
0.15002 0.2217 -0.631275 4
-0.29867 0.190652 -0.982546 4
0.207795 0.119183 0.689205 4
-0.0279011 0.353085 3.44823 4
1.77936 2.49677 20.9021 4
0.253014 -0.785746 -2.27443 4
-0.403261 0.47903 -1.64545 4
0.255312 0.293184 -0.24617 4
0.684254 0.182222 -2.20262 4
-0.108322 0.131532 0.775618 4
0.188241 0.0155064 1.68695 4
0.166853 0.186133 -0.484762 4
0.149686 -0.159713 0.0452546 4
0.202295 -0.307009 -1.00743 4
0.107512 -0.559523 -2.6643 4
-0.420112 -1.46653 -6.56318 3
-0.0515955 -0.330427 -1.24228 3
0.020388 -0.25322 -0.589819 4
0.119198 0.0207139 -0.283471 4
-0.555703 -0.387428 -2.12025 4
-0.529778 0.0461534 -1.08427 4
-0.118421 0.196267 -0.565426 4
0.157369 -0.155926 -0.777672 4
0.122543 -0.327971 -0.452736 3
-0.0303891 -0.138559 -0.238233 3
0.109852 0.211588 2.03371 3
0.525469 0.608815 8.40477 3
-0.0493166 -0.134446 -0.463798 3
-0.0345714 0.0223562 -0.29781 3
0.0162307 0.197134 -0.538343 3
0.114002 0.784321 -1.49721 3
-0.0328084 -0.0988409 0.599053 3
-0.190569 -0.0530196 1.12098 3
0.0459612 -0.0297158 -0.00443374 3
0.0603206 -0.122769 -0.272415 3
0.193751 -0.16745 -2.11836 3
0.0315481 -0.159038 -1.18064 3
-0.0271095 -0.0107816 -0.0557223 3
-0.114191 -0.325459 -1.92068 3
0.0168922 0.041022 -0.0614769 3
-0.0643176 -0.0822621 -0.160164 3
0.110293 0.109784 -1.34622 3
0.02294 0.0231898 -0.0473119 3
0.0803335 -0.0677343 0.0508367 1
0.0961646 -0.121983 -0.231375 1
-0.00665088 -0.0120635 0.00789056 1
-0.0182331 0.0911443 -0.0189562 1
-0.0210265 0.0428282 0.113246 1
0.0022093 0.0960175 -0.0843134 1
0.0316834 -0.114913 -0.00260828 1
0.120817 -0.134231 0.234451 1
0.0219183 -0.0186086 -0.0116096 1
0.028473 -0.0116065 0.0421119 1
0.016421 0.102923 -0.00513566 1
-0.288977 0.0741987 0.0805994 1
-0.0521615 -0.0453042 0.0994302 1
-0.323766 0.10341 0.112564 1
0.0520177 -0.0433367 -0.0626266 1
-0.109749 -0.186133 0.0205638 1
-0.118302 -0.167988 -0.0161026 1
0.08914 0.0143529 -0.0255502 1
-0.0846494 -0.0313008 -0.0106635 1
-0.0818731 0.0512063 0.0796426 1
0.0207922 0.0345506 0.0626842 1
0.00312883 0.132478 -0.0151685 1
-0.0427195 -0.0253098 -0.0649854 1
-0.0413264 -0.253817 0.105979 1
