# 1 = ball
# 2 = lepton
# 3 = photon
# 4 = PID > 100
# 5 = neutrino
# 6 = other
-0.00147017 0.00107554 0.0077551 3
0.457723 -1.36608 -0.713003 4
5.65258 -8.62528 -4.24304 4
0.848363 -1.3288 -0.304771 4
7.92641 -15.3322 -7.14962 4
2.17311 -3.39501 -2.74628 4
0.841513 -0.980915 -0.376548 4
0.628927 0.721767 0.721759 4
-0.831457 1.19054 0.799187 4
-0.139447 -0.501291 -0.283252 4
-0.220354 0.0602653 -0.137474 4
-1.11747 0.103087 0.231865 4
-0.43248 0.170727 -0.289583 4
-0.204952 -0.405573 0.0161829 4
0.146611 -0.115098 -0.0205433 4
0.19697 -0.388976 -0.440243 4
0.13686 -0.0689293 0.0537976 4
-0.104539 -0.105066 0.0500582 4
0.28105 0.650279 -0.228394 3
0.120782 0.149436 -0.0138178 3
-0.087024 0.0961855 0.0780738 3
-0.711621 0.318021 0.378839 3
-0.206255 0.373038 0.185218 4
-1.11005 2.76629 1.41782 4
-0.135428 0.67527 0.424079 3
-0.23505 0.643207 0.324804 3
-2.73338 4.42372 2.34556 3
-5.25757 9.91317 4.71272 3
-1.33906 2.43693 1.13167 3
-4.47068 8.20734 4.06963 3
0.247631 -0.530784 -0.268647 3
0.550741 -0.89453 -0.337802 3
0.153171 -0.530517 -0.136059 3
0.11659 -0.568549 -0.281991 3
0.131163 -0.0555214 0.148089 3
-0.0331429 -0.00668629 0.0194543 3
-0.943532 1.71424 0.580881 3
-0.295237 0.585204 0.273667 3
