# 1 = ball
# 2 = lepton
# 3 = photon
# 4 = PID > 100
# 5 = neutrino
# 6 = other
-0.112672 0.0421358 0.261417 3
-0.280508 -1.64821 0.00738985 4
4.33874 -6.36587 1.23314 4
0.557115 14.9241 -1.40601 4
-0.0635316 -0.0524842 -0.102151 4
0.235748 -0.0639079 0.233081 4
-0.224941 -0.852275 0.158265 4
-1.00065 -3.22778 1.50886 4
0.165876 -0.132592 0.0892881 4
0.986369 -1.12192 0.414626 4
0.156973 -0.295322 0.118722 4
2.24966 -3.5382 0.1952 4
-0.464264 2.66287 -0.834254 4
-0.356044 0.474043 -0.0650722 4
0.0107341 0.0133667 0.00574575 4
-0.0964781 0.558647 -1.23137 4
-0.120595 -0.137268 -0.461157 4
0.04579 -0.668953 0.137632 4
-0.207271 -0.00466636 -0.0608369 4
-0.76467 -1.6903 0.891273 4
-4.51081 -7.10986 0.892045 4
-0.2682 1.21278 -1.1977 4
-0.135939 1.11969 -1.56264 4
0.493324 -0.488988 0.14436 3
0.0962178 -0.0328188 0.0466801 3
1.282 13.6088 -1.6595 4
0.0878513 0.307002 -0.0388375 3
0.0722631 -0.411778 -0.202338 4
-0.401578 -0.41952 -0.528915 4
0.0946223 0.0755887 0.360876 3
-0.0411923 0.00135402 0.0834045 3
-0.604324 -0.88965 0.698738 3
0.00204422 -0.0132399 0.026693 3
0.392043 -0.893658 0.238647 3
0.519029 -0.852955 0.276349 3
-0.336565 0.56561 -0.414086 3
-0.0894842 0.141555 -0.195929 3
-0.0634279 0.110809 0.354406 3
-0.0430534 -0.0377684 0.114064 3
-0.0302832 0.0088166 0.0351399 3
-0.0247996 -0.191214 0.0294592 3
-0.356651 -1.38403 0.977027 3
-0.252745 -0.80877 0.468032 3
-0.120465 -0.335358 0.11891 3
0.00620629 -0.214639 0.147725 3
-0.211049 -0.763681 0.466976 3
-0.0809773 -0.642057 0.475747 3
-0.130597 -0.10336 -0.0459424 3
-0.0293747 0.0372876 -0.0430257 3
-0.0690915 -0.0603143 0.0249129 3
-0.0306281 -0.0294187 -0.0807014 2
0.00211379 -0.00524503 -0.018587 2
0.00243547 -0.32819 -0.00693837 3
0.0246177 -0.183021 -0.106461 3
0.0682581 -0.158988 -0.100892 3
0.00228127 -0.111752 0.0352626 3
-0.427367 -0.181739 0.046644 1
0.319147 0.0472941 -0.366932 1
0.375281 -0.105141 -0.0471121 1
0.0729834 0.21125 -1.21665 1
-0.0921117 0.212789 -0.0328785 1
0.198101 -0.16299 0.308465 1
-0.456558 0.405838 -0.125683 1
0.0643263 0.00952558 0.157414 1
0.0276235 -0.0839838 0.0787651 1
-0.480512 0.046792 0.269035 1
0.0296253 0.00583334 0.0221908 1
