# 1 = ball
# 2 = lepton
# 3 = photon
# 4 = PID > 100
# 5 = neutrino
# 6 = other
-1.32604 1.90257 -1.0793 4
0.353337 -0.383802 0.707902 4
-0.529267 0.201364 0.142516 4
-0.0121065 -1.01289 0.898247 4
0.370472 -0.400931 0.0346651 4
-0.235014 -1.10449 0.660573 4
0.868552 -1.99131 0.362172 4
0.00411159 0.0434011 -0.189502 4
-0.318329 -0.684157 -0.26654 4
0.575487 -1.19753 0.334787 3
0.106004 -0.374533 0.0681275 3
0.199434 -0.24683 0.108681 3
-0.170039 0.251281 -0.10023 3
-0.0810951 -0.386711 0.138182 3
-0.187228 -0.365108 0.235422 3
-0.0185724 0.00116493 0.0172228 3
-0.0126351 -0.10904 -0.199699 3
0.888549 -0.576759 0.26078 4
-6.48749 10.5323 -5.02815 5
-6.17995 8.52655 -4.35265 2
5.65499 -6.49595 4.47605 2
4.60761 -6.45368 4.75774 5
1.41794 -1.48912 0.912744 4
-0.0713394 -0.294618 0.229559 4
-0.0352135 0.261392 -0.110016 3
3.7539 -5.4531 3.08773 4
0.555451 -0.961527 0.178365 3
0.19238 -0.399921 0.152202 3
0.48128 -0.309056 0.247028 3
0.494471 -0.492859 0.285274 3
-1.04276 1.72176 -1.18345 4
-0.358555 0.353173 -0.240233 4
-1.24095 2.01547 -1.57666 4
-0.303125 0.561684 -0.399535 3
-0.846621 2.09789 -1.45777 3
-0.852564 1.85695 -1.40273 3
-0.682277 1.79891 -1.30897 3
0.235448 -0.953697 0.151272 1
0.0539031 -0.0204409 0.0821165 1
-0.264622 -0.162559 -0.5442 1
0.4751 0.299847 0.967137 1
0.0197104 -0.406795 0.0880018 1
0.0547661 -0.243349 0.39595 1
-0.224972 0.113022 -0.0103855 1
-0.0169997 0.118975 -0.0586324 1
0.090664 0.210644 -0.193902 1
0.119677 0.0373623 -0.189323 1
-0.0754697 0.0650456 -0.0884931 1
