# 1 = ball
# 2 = lepton
# 3 = photon
# 4 = PID > 100
# 5 = neutrino
# 6 = other
0.151417 1.18187 -26.5667 3
-0.00297038 -0.00450728 0.0123461 3
1.35011 0.418138 1.18551 4
1.07323 0.0455006 0.685521 4
0.731722 -0.183573 1.68535 4
-1.96887 0.368582 0.316228 4
-3.35806 -0.00746501 0.651445 4
-1.22173 -0.0932746 -0.0803014 4
0.0587007 -0.288216 0.283628 4
1.53056 0.0477473 2.42672 4
-3.35467 0.158516 0.217532 4
1.33476 -1.00493 1.73298 4
-0.105905 -0.139345 0.649258 4
3.3812 -0.564351 5.9377 3
4.59859 -0.30823 8.91093 3
-0.333943 -0.217969 0.734639 3
-0.0342182 -0.503651 0.297386 3
0.29286 0.161652 0.44251 3
0.67017 0.283243 0.685696 3
-0.47875 0.166256 -0.0496821 3
-2.25134 0.558365 -0.0302724 3
0.751284 0.466607 -0.203954 1
0.213829 0.242318 -0.358446 1
-0.553879 0.345677 0.00296524 1
-0.326409 -0.341718 -0.814236 1
-0.202304 0.0733314 -0.436984 1
-0.142238 0.616022 0.140559 1
-0.018261 -0.246396 0.249439 1
-0.198097 -0.476638 -0.536868 1
-0.221182 0.105662 0.0911431 1
-0.377167 -0.708653 0.21597 1
-0.682449 0.131013 -1.12673 1
0.0162208 0.121092 0.0520533 1
-0.117948 0.000847218 -0.552255 1
0.973574 -0.0713673 -0.391559 1
-0.142269 0.148663 0.0169688 1
-0.641771 0.645982 0.555245 1
-0.152831 -0.188186 0.198945 1
0.248937 0.312209 0.619812 1
0.141519 0.180067 0.126879 1
1.20373 0.00521034 -0.322807 1
-1.3798 -0.286992 0.26438 1
-0.199958 0.1056 -0.0348829 1
-0.0294768 -0.155009 -0.0669225 1
0.17085 -0.419488 0.373675 1
0.0375392 -0.365218 0.226061 1
-0.341349 -0.127975 -0.115413 1
-0.542046 0.375158 0.27831 1
0.399742 -0.152986 0.304665 1
-0.163012 -0.390064 0.713488 1
0.0397485 0.128831 0.209655 1
-0.169392 -0.0915779 -0.0570672 1
0.341991 -0.056386 0.24951 1
