# 1 = ball
# 2 = lepton
# 3 = photon
# 4 = PID > 100
# 5 = neutrino
# 6 = other
0.061358 0.0949151 0.0298134 3
1.03567e-06 1.23963e-06 0.00023465 3
-0.866826 1.29329 -0.156728 4
-1.5448 -0.426209 -1.48048 4
0.823087 -0.186848 1.6242 4
1.00027 -0.0230597 1.16126 4
0.0241665 -0.0281396 0.240634 4
3.12839 -1.02323 2.01723 4
1.56063 -0.255684 1.38808 4
1.19353 -0.097475 1.37191 4
0.723763 -0.0620733 0.709327 4
-15.2548 4.59543 -10.651 4
-3.3488 1.11974 -2.70673 4
-6.79986 1.16569 -4.65977 4
-2.86185 1.23323 -2.19217 4
2.86457 -1.07841 1.17932 4
2.01912 -0.517799 1.51897 4
2.24271 -0.348689 1.49653 4
4.80508 -1.8151 3.38031 4
9.49036 -2.82137 6.12892 4
-0.170547 0.0932442 -0.206556 3
-1.74593 0.779819 -1.49646 3
-0.0182572 -0.0614611 0.113966 4
-0.0787862 -0.135916 -0.157434 4
1.0904 -0.743891 0.731132 3
0.381378 0.0377617 0.0675142 3
1.29815 -0.237865 0.737777 3
0.369808 0.000668186 0.180585 3
0.0634417 -0.054309 0.0444787 3
-0.0683775 -0.0397319 0.015731 3
0.0161686 -0.0925007 -0.173088 1
0.0415391 0.058487 -0.00542414 1
0.113593 0.0326108 -0.0163601 1
-0.0982865 0.0488517 0.129888 1
-0.00552947 -0.33701 -0.18091 1
-0.101793 0.00837969 -0.0238084 1
-0.0751729 -0.0523085 0.00368679 1
-0.209085 0.168491 -0.628909 1
0.0562386 -0.0154379 0.0912273 1
-0.0317945 0.0324496 0.0514158 1
-0.0255491 -0.0253074 -0.00868373 1
-0.0444034 -0.149803 0.15836 1
0.122272 0.0994687 0.193814 1
-0.0524364 0.087961 -0.000693138 1
0.154359 -0.16371 -0.116467 1
-0.0118957 -0.0227474 -0.00128263 1
-0.0548038 -0.0964931 0.0914505 1
0.141289 0.174416 0.0133853 1
-0.211588 0.0281961 -0.0706767 1
-0.117642 -0.169501 -0.0477956 1
0.0131087 -0.071017 0.11029 1
