# 1 = ball
# 2 = lepton
# 3 = photon
# 4 = PID > 100
# 5 = neutrino
# 6 = other
1.2152 -0.910055 33.3705 2
-6.85105 -2.65334 -39.0424 2
-0.0012435 -0.0100886 0.00870474 3
2.13779 1.97802 2.14669 4
-0.0166529 0.885903 0.406736 4
2.18078 0.856788 0.643025 3
0.730772 0.565463 0.494238 3
-0.28136 -0.269973 -0.295568 1
-0.82829 -0.387419 0.297614 1
-0.00178388 0.145602 -0.165429 1
0.678598 -0.927517 0.350077 1
0.140424 -0.504864 1.18736 1
0.41316 -0.199683 -0.0230819 1
0.0447816 0.0930624 -0.0293451 1
-0.391419 0.053264 0.163567 1
-0.171639 -0.128268 0.22092 1
-0.0453105 0.0235793 0.00427314 1
0.133931 1.1434 -0.138127 1
0.548855 0.297641 0.226068 1
-0.0212592 0.0201892 0.102542 1
-0.0577132 -0.00667568 -0.219734 1
0.122386 0.198018 -0.0198531 1
0.616277 0.0387149 -0.253854 1
0.00834584 -0.105235 0.708864 1
-0.303581 -0.196534 -0.143812 1
