# 1 = ball
# 2 = lepton
# 3 = photon
# 4 = PID > 100
# 5 = neutrino
# 6 = other
-0.00804559 0.279523 0.224615 4
-1.91461 -1.53535 -0.817782 4
1.37922 1.0984 3.48326 4
1.02229 1.21089 1.39559 4
0.244925 -0.491818 -0.370755 4
0.162146 0.0241245 -0.381896 4
-1.43786 -1.02557 -1.34536 3
-0.289378 -0.142477 -0.215571 3
-0.285138 -0.325661 0.0169466 3
-0.233326 -0.137338 -0.0525975 3
-1.77068 -1.21852 -1.31297 3
-3.90173 -2.72359 -2.67666 3
0.0315376 1.61418 0.454659 4
0.362633 2.83927 0.431051 4
0.131615 0.397996 0.0129383 3
0.240452 1.31542 -0.113177 3
-0.00181418 0.932882 0.0909099 3
0.044915 0.16655 0.0533982 3
-0.0420697 -0.0220928 0.515741 3
0.155304 0.501499 0.41558 3
0.0255303 0.0182323 0.00264106 3
-0.0250998 -0.1468 -0.124052 3
-0.20322 -0.991691 -1.03204 4
-0.267721 -0.81771 -1.13493 4
0.147725 -0.0145992 -0.127053 4
0.214197 -0.231944 -0.152798 4
-0.55105 -0.260308 0.884973 4
0.0738575 -0.0701506 -0.0688018 4
-0.159245 0.363515 0.236142 3
-0.126898 0.190591 0.0356242 3
0.00891299 0.00626804 0.0773003 3
-0.186633 0.264876 0.409708 3
-0.00663594 0.25568 0.0548487 3
0.265311 3.22657 0.942711 2
0.0744831 0.900621 0.262884 2
0.227022 0.0746508 0.787527 4
0.648764 0.644454 1.72564 4
0.027799 0.01205 0.0429155 3
0.291723 -0.279693 0.277178 3
2.81825 -0.823545 1.16902 4
0.247419 -0.141012 0.0453308 3
0.0556076 -0.023028 0.0846563 3
1.0802 1.55617 2.53939 4
-0.161849 0.128308 0.483953 4
0.601757 0.27573 0.698445 3
0.179677 0.170439 0.24006 3
0.595211 0.843616 1.4953 3
0.478046 0.908141 1.45302 3
-0.0654806 0.388606 1.23405 4
-0.553664 -0.633514 -1.8005 4
0.0264784 -2.05127 -2.63969 4
-0.67671 -1.327 -2.86297 4
-0.821098 -3.06856 -3.33583 4
0.716444 -0.208065 -0.170802 4
0.163379 -0.150191 -0.0876146 3
0.0841856 -0.113205 0.0486433 3
0.95954 1.00324 1.81408 4
0.494681 0.820252 0.792143 3
0.32256 0.482628 0.619694 3
0.0752711 0.0172479 0.0394608 3
0.270994 0.341056 0.394097 3
-0.11027 -0.178104 0.150613 4
-0.113626 -0.13035 -0.134231 3
0.0297607 -0.108446 -0.118853 3
0.196733 -0.080592 0.0975905 3
0.495588 -0.41917 0.43674 3
-0.127748 -0.688889 -0.822493 3
-1.82523 -3.12751 -4.12651 3
0.287428 -0.11208 -0.521804 1
0.628683 0.429522 0.182096 1
-0.0422275 0.125973 -0.0333478 1
0.522695 -0.220146 0.0822114 1
-0.401569 -0.163277 -0.0881859 1
-0.588232 0.136421 0.411662 1
-0.67013 0.0983214 0.0775291 1
0.458354 0.140037 -0.756322 1
-0.000315226 -0.000702818 0.00104453 1
