# 1 = ball
# 2 = lepton
# 3 = photon
# 4 = PID > 100
# 5 = neutrino
# 6 = other
3.31791 -7.13941 5.4343 4
-0.923879 1.61184 -1.13469 4
-1.86629 5.51386 -4.42026 4
-0.353175 0.14797 -0.647118 4
-0.668919 3.91314 -1.46531 4
-0.457598 1.45915 -0.338585 4
-0.615022 0.033135 -0.0177295 4
-2.0621 0.0914625 0.608972 4
3.03249 -7.38851 7.05477 4
-1.66211 6.45171 -8.45019 4
0.427126 1.85564 -0.555131 4
-0.370242 0.830557 -0.556059 4
-0.332815 2.07694 -0.668746 4
-0.433242 1.00202 -0.70088 4
-0.106558 0.0649108 -0.0125075 4
-0.0596695 -0.262272 0.136883 4
0.40698 -0.429788 0.118455 4
0.0455309 -0.0681368 -0.102261 4
1.26995 -2.38249 1.76298 3
0.232087 -0.507651 0.304932 3
0.928679 -2.73672 2.79529 4
0.850379 -2.16322 2.01918 4
-0.665122 1.81632 -2.78579 4
-1.00343 2.38042 -3.23081 4
-0.346921 -0.116802 -0.1797 3
-0.117036 0.0263397 -0.0147624 3
-0.0405553 -0.138902 0.108204 3
-0.0036095 -0.312404 0.039216 3
0.564322 -1.84443 1.48599 3
1.09965 -3.68597 3.20524 3
-0.000313311 0.0737179 -0.0384705 3
-0.0837138 0.0803244 -0.296213 3
-0.0925259 -0.0908446 -0.0957673 1
-0.273669 -0.130961 0.104892 1
5.10893e-05 0.0482389 -0.0540374 1
0.229241 -0.311481 0.123874 1
0.0501041 -0.170796 0.403585 1
0.138923 -0.0673613 -0.00509509 1
0.0153673 0.0309296 -0.00926417 1
-0.12935 0.017023 0.0569148 1
-0.0563625 -0.043242 0.0753052 1
-0.0147306 0.00783761 0.00174463 1
0.047539 0.378931 -0.0391947 1
0.184652 0.0979915 0.0792245 1
-0.00664325 0.00663559 0.034707 1
-0.018578 -0.00253394 -0.0720993 1
0.0414741 0.0656799 -0.00542133 1
0.207124 0.0116819 -0.0807496 1
0.00462519 -0.0364162 0.240509 1
-0.18443 -0.122031 -0.0838507 1
-0.0501163 0.268449 -0.008073 1
-0.0954783 -0.210499 -0.126404 1
