# 1 = ball
# 2 = lepton
# 3 = photon
# 4 = PID > 100
# 5 = neutrino
# 6 = other
-19.1776 9.14403 7.58563 4
-4.37376 1.87729 2.54558 4
-1.54457 0.299897 1.21778 4
-0.330977 0.113758 0.0837151 4
-2.01958 1.18935 1.12491 4
-2.56242 -0.270295 1.06913 4
-0.0722799 -0.238914 0.00855662 4
0.0178918 0.358025 -0.650691 4
0.0818475 0.19634 -0.228175 4
0.856817 -0.388132 -0.669268 4
0.933315 -0.633298 -0.34708 4
0.472667 -0.269271 -0.385882 4
4.40536 -1.51888 -1.59965 4
8.27846 -2.74801 -2.95656 4
18.0243 -5.76139 -7.48238 4
0.00767902 0.215192 -0.454882 4
-0.61073 -0.266202 -0.732347 4
-0.14447 0.206354 0.0156113 4
0.521115 -0.158627 0.373574 4
0.310334 -0.307923 -0.371169 4
-1.76519 0.659891 0.541434 3
-1.42614 0.514524 0.561705 3
-0.022766 0.203888 0.263358 4
0.0930341 -0.0254594 -0.0918103 4
0.0129093 -0.280781 -0.29439 4
0.0820087 -0.256961 -0.194391 4
-0.0577716 -0.00655372 0.0249174 3
-0.403732 -0.179222 -0.157915 3
0.0571004 -0.0446664 0.0262083 3
0.515915 -0.428847 0.743888 3
0.0942922 -0.122329 0.0485351 3
0.0256028 -0.0803187 -0.0713886 3
0.0197921 -0.0778146 -0.0171056 3
-0.181315 -0.28355 -0.143738 3
-0.134269 -0.338466 -0.522519 1
0.239835 -0.227424 0.00133815 1
0.258798 0.125471 -0.137633 1
-0.31004 0.276414 0.33948 1
0.820125 -0.00309813 -0.128721 1
-0.0658944 -0.0593696 0.415749 1
-0.125212 0.256115 0.363176 1
0.0758189 -0.0817609 0.162276 1
-0.876507 -0.579986 0.122123 1
0.000189692 0.00102181 -0.000994597 1
