# 1 = ball
# 2 = lepton
# 3 = photon
# 4 = PID > 100
# 5 = neutrino
# 6 = other
0.419513 -0.13774 -0.942854 4
1.35113 -4.19987 -6.42556 4
-3.13723 9.66819 13.7395 4
1.63072 -6.97208 -10.9589 4
3.90699 -12.5169 -18.9316 4
-1.2865 4.50167 6.90693 4
-1.09519 3.49864 5.55359 4
-0.0452719 0.0664395 0.337639 3
-0.34486 0.0776427 1.06529 3
0.170166 0.213662 0.375679 3
-0.0135997 0.100567 0.177391 3
0.0372877 0.0544552 0.00186515 3
-0.0709228 -0.0163767 -0.040448 3
0.442326 -0.260669 -0.179753 3
-0.0023316 -0.0285731 -0.000387329 3
-1.65764 4.91861 8.06356 3
-0.304587 1.03229 1.25816 3
