# 1 = ball
# 2 = lepton
# 3 = photon
# 4 = PID > 100
# 5 = neutrino
# 6 = other
1.55968e-06 -1.88907e-06 0.000140768 3
-1.98069 -4.1713 -1.78231 4
-0.0494674 -0.676398 0.177525 4
-1.60436 -3.5734 -1.6716 4
-0.204365 -0.0875386 -0.63871 4
-0.624525 0.495555 -1.12704 4
-0.105079 0.0774807 -0.203556 4
-0.132875 1.34513 1.09788 4
-0.157 -3.43516 -1.53543 4
-0.430682 -0.641396 -0.106501 4
-0.158115 0.0701694 0.054954 4
0.061768 0.570043 0.146242 4
0.4444 0.264878 -0.293637 4
-0.391712 -1.23935 -0.584545 4
-0.445669 -0.389917 -0.322422 3
-0.109021 -0.0446793 -0.0155402 3
-0.0612322 -0.0944942 -0.125928 4
-0.0599671 -0.164926 -0.0996438 4
-0.0684452 -0.142347 -0.217511 4
0.170778 0.105311 -0.359646 4
-0.395964 0.672775 -0.357565 3
-0.425226 0.495515 -0.347457 3
0.192898 0.276585 -0.59481 4
-0.105226 -0.0957149 -0.555885 4
0.457698 0.222911 -0.134878 3
0.0403935 -0.0153546 0.0077852 3
-0.190738 -0.726547 -0.158326 4
-0.659469 -2.04647 -1.1599 4
-0.0278566 0.127915 -0.0154909 3
-0.421743 -0.235378 -1.00778 3
0.043202 -0.0422387 0.0458772 3
-0.091065 -0.00865044 0.0614181 3
0.0519566 0.065986 -0.162204 3
0.174938 -0.00298244 -0.144672 3
1.75585 3.13556 2.08472 4
-2.23537 -6.19565 -2.5027 3
-1.38554 -3.53894 -1.45206 3
-0.345191 -1.08521 -0.609257 3
-0.709413 -2.17684 -1.44562 3
3.57715 6.85935 4.79987 4
5.68279 11.1486 8.17896 3
0.759159 1.60103 1.1612 3
0.485094 1.08234 0.912329 3
0.578308 1.1232 1.12955 3
-0.124096 -0.22546 -0.139764 1
-0.0018033 0.174616 -0.605767 1
0.212161 0.702008 -0.106346 1
-0.402811 -0.128032 -1.30488 1
-0.294848 -0.0599889 0.472541 1
0.0412382 -0.0462347 0.318933 1
0.603923 -0.378933 -0.141244 1
-1.61851 0.919976 1.78197 1
0.25248 -0.104967 -0.0152319 1
-0.372679 0.196134 0.032128 1
1.037 -0.218592 -0.138072 1
-0.142655 -0.219848 0.0619005 1
-0.0897822 0.479851 -0.342002 1
