# 1 = ball
# 2 = lepton
# 3 = photon
# 4 = PID > 100
# 5 = neutrino
# 6 = other
-2.07643 -1.94938 17.7187 2
-19.5814 1.74755 5.71405 2
-0.108846 0.352396 -10.3337 3
2.81138 0.0508063 -1.12492 4
3.28186 0.547573 -1.46839 4
6.79992 0.274327 -2.24953 4
3.96335 0.686585 -0.978777 4
4.40132 0.635466 -1.32832 4
0.155015 0.0786488 -0.298017 1
-0.0284663 0.239966 0.472305 1
0.23571 0.0604308 -1.41002 1
0.593567 0.145431 -0.594009 1
-0.159648 0.290363 -0.224248 1
0.439878 -0.151761 -0.39812 1
0.0482019 -0.427065 -0.214675 1
-0.142425 0.0048027 -0.414389 1
-0.0389786 -0.213242 -0.0583664 1
0.134203 -0.102311 -0.383877 1
-0.127751 0.136395 -0.105112 1
0.0795087 -0.0290534 0.0843441 1
-0.502167 0.200546 0.00290975 1
0.0366419 -0.273179 -0.180395 1
-0.202467 -0.535375 0.435983 1
0.458293 -0.470374 -0.720293 1
0.0295634 -0.194406 -0.536936 1
0.0399596 -0.00355024 0.177305 1
0.267814 0.256135 0.0717915 1
0.0670083 -0.402362 -0.253327 1
0.147063 -0.422978 -0.349565 1
0.321563 -0.0197072 -0.044389 1
0.2703 -0.515956 0.179757 1
0.383152 -0.158454 -0.919021 1
-0.0786053 -0.0568019 0.195164 1
0.483463 0.0992343 0.0187447 1
-0.162209 0.220557 -0.265599 1
-0.00441874 -0.0113613 -0.0104947 1
0.982555 0.123834 -0.42284 1
0.181293 -0.302341 -0.28787 1
-0.228094 -0.0921169 -0.239158 1
-0.421886 0.0650931 0.144537 1
-0.198438 0.291525 -0.319337 1
-0.687438 -0.220413 0.0437824 1
-0.293999 -0.128444 0.181156 1
-0.910899 0.265623 -0.220268 1
-0.288847 0.200159 0.571804 1
-0.263113 -0.26124 0.251251 1
-0.106063 -0.0315763 0.0903821 1
