# 1 = ball
# 2 = lepton
# 3 = photon
# 4 = PID > 100
# 5 = neutrino
# 6 = other
0.0197043 -0.0345636 -1.96405 3
-0.416501 0.229188 -1.08706 4
-4.78817 2.13391 -9.01217 4
0.0814641 -0.00347056 -0.228658 4
-0.269219 -0.0162283 0.0350414 4
-0.531169 -0.284755 -2.11515 4
1.5373 -0.0468706 1.57841 4
0.494155 -0.19029 2.06311 4
3.68661 -1.19148 9.00768 4
-3.15354 1.11736 -7.10062 4
0.35554 -0.452392 -1.68205 4
0.0158755 0.0277153 -0.311537 4
-0.210533 -1.71645 -0.142352 4
0.139141 0.910515 0.799328 4
0.142046 -0.0901704 0.00980722 4
2.95045 -1.69834 9.5678 4
0.198122 -0.0474526 -0.296505 4
-0.187924 0.214832 -0.928178 4
-0.245578 0.250236 -0.790183 4
-0.499492 0.505521 -0.97476 3
-0.105129 0.0642249 -0.263904 3
-0.000820642 0.0641618 -0.0396031 4
0.0175562 -0.151763 0.159226 4
-0.0319669 0.0829681 0.292018 4
-0.0393603 -0.016541 -0.0386562 4
2.6739 -1.64589 8.09995 3
0.986027 -0.581877 2.74276 3
-0.243557 0.0857488 -0.406719 3
-2.24839 1.0805 -3.36561 3
0.271817 -0.528618 -0.631366 3
-0.0166095 -0.0295532 -0.0401483 3
0.0306545 0.000106169 0.0342901 3
-0.0438155 -0.164113 0.00186621 3
-0.415451 0.105749 -0.912739 3
-0.146247 0.0847141 -0.561843 3
0.0883918 0.0649067 -0.070092 3
-0.0428465 0.056821 -0.10126 3
0.376829 0.226536 -0.692649 3
0.104421 0.0767126 -0.0958459 3
0.0528174 0.0852381 -0.3176 3
0.0231324 -0.00169294 0.0067453 3
-0.079545 -0.00873113 -0.026345 3
-0.437562 -0.0967539 0.168259 3
0.0635726 0.0459576 0.00988637 3
0.333714 0.203048 0.387141 3
-0.0697864 -0.100583 -0.148602 1
0.300398 0.0485425 -0.191269 1
-0.102777 0.0920455 0.0605588 1
-0.0863074 0.26902 -0.0281956 1
-0.151697 0.00937105 -0.0501867 1
-0.0636186 0.10926 -0.250719 1
0.0103139 -0.00823778 0.011627 1
-0.126702 -0.449547 0.150986 1
0.36426 -0.337404 -0.210737 1
0.0303038 0.123405 -0.0712102 1
-0.0916782 -0.10001 -0.193152 1
-0.0450704 0.106614 -0.177538 1
-0.132071 -0.0292849 0.199143 1
-0.00971742 -0.0297299 0.208441 1
-0.0706167 0.196256 -0.0733288 1
-0.00560454 0.00731204 0.0429956 1
-0.0829978 -0.0127208 0.00123469 1
-0.00075568 0.0686651 -0.35336 1
-0.0337775 0.0196139 0.132271 1
0.239225 -0.0513066 0.224587 1
0.283201 0.0665057 -0.390953 1
0.0032756 0.023672 -0.0289262 1
0.108106 0.021922 0.0783191 1
0.113827 0.245061 -0.165096 1
-0.173375 0.00116117 0.0461505 1
0.120152 0.16597 0.121587 1
0.0581923 0.0894275 0.225098 1
-0.214286 0.294815 0.075456 1
-0.182747 0.210806 0.16006 1
0.00975921 -0.260359 -0.0167325 1
0.0454616 0.0969163 0.236495 1
-0.594914 0.445783 -0.236359 1
0.0469919 -0.0532658 -0.147261 1
0.0143829 0.00384046 -0.00836654 1
0.0008419 -0.00220241 0.00131606 1
