# 1 = ball
# 2 = lepton
# 3 = photon
# 4 = PID > 100
# 5 = neutrino
# 6 = other
0.00218244 0.00425384 0.856561 3
2.59126 -3.93929 -2.46594 4
-0.315453 0.179748 0.887498 4
-3.71262 4.53348 3.83538 4
-0.0383226 -0.000194442 -0.0405354 4
-1.69781 2.18214 1.5882 4
-0.147851 -0.00197436 -0.112698 4
-0.764052 0.758299 1.0525 4
12.8104 -13.4723 -11.9865 4
8.93772 -10.9223 -10.4146 4
-7.98277 8.44511 7.21663 4
-1.11926 1.23849 0.872905 4
-0.974319 1.01355 0.913131 3
-0.336006 0.461878 0.328501 3
-1.46421 1.85244 1.58936 3
-1.79042 2.28043 1.77412 3
-1.96285 2.61506 1.902 3
-0.0845239 0.0762973 0.0522118 3
-0.761788 1.16555 0.895306 3
-1.18932 1.52933 1.256 3
