# 1 = ball
# 2 = lepton
# 3 = photon
# 4 = PID > 100
# 5 = neutrino
# 6 = other
-0.0080025 -0.00705668 -0.0553103 3
2.08768 2.68093 1.08222 4
-0.253842 -0.112445 0.0249087 4
-0.0686009 0.532111 0.0919659 4
0.363934 0.479736 0.240175 3
-1.10519 -1.36445 -0.9459 4
-1.45913 -1.76537 -1.50842 4
-0.0072122 -0.0555495 -0.0263027 3
0.267468 0.423422 0.484259 3
0.354111 0.36033 0.379836 3
-0.920852 -1.03573 -0.46018 3
-0.0115342 -0.022069 0.00877009 3
-5.55379 -9.59188 -5.44582 5
-0.00928106 0.0923684 -0.0418979 2
1.108 1.7861 0.856873 5
2.04031 1.99364 0.428544 2
3.24414 5.13274 1.78648 5
4.04039 5.06387 2.30624 4
-0.563758 -0.484522 -0.291208 4
5.67326 7.9117 5.60274 5
2.25536 4.01432 2.33971 4
0.685855 0.897204 0.43082 3
1.84661 2.75544 1.15431 3
-3.85684 -5.90532 -1.9037 4
-1.29059 -2.02327 -1.14265 4
-0.393728 -0.647708 -0.213766 3
-0.477646 -0.64074 -0.348912 3
-3.50427 -4.50258 -2.13565 3
-4.48285 -5.96522 -2.69817 3
