# 1 = ball
# 2 = lepton
# 3 = photon
# 4 = PID > 100
# 5 = neutrino
# 6 = other
-2.07735 0.55923 2.32096 4
-2.46192 0.189078 2.36801 4
-0.00638076 -0.210624 0.191702 4
5.30283 -1.00088 -6.12199 4
-3.44763 0.114714 3.91828 4
-1.19136 0.0886806 0.805755 4
0.0138157 -0.447378 0.373943 4
0.185059 0.130785 0.208989 4
-1.94709 0.171127 1.95507 4
9.4615 -1.44438 -11.7235 4
1.11577 0.0124167 -1.09827 4
-0.0160718 0.0362695 0.0627182 3
-0.710268 0.266285 1.31332 3
-0.278616 0.110744 0.34124 3
-0.547204 0.0526389 0.487536 3
1.08293 -0.252513 -1.3377 4
5.38617 -0.418185 -6.34592 4
-1.81898 0.713725 2.42435 4
-2.39272 0.296263 2.43872 3
-9.44846 1.4023 9.46687 3
0.347666 -0.0135774 -0.349259 3
3.37836 -0.506144 -3.71343 3
0.0128957 0.147702 -0.163328 1
3.82468e-05 0.264271 0.0153177 1
0.217025 -0.9789 0.25136 1
0.0839952 -0.0104878 0.0441639 1
-0.664661 0.603472 0.317101 1
1.14218 0.415182 1.09161 1
-0.482806 0.389918 0.447384 1
0.830298 -0.544423 -0.273591 1
-0.466583 -0.279297 0.556881 1
0.213566 0.284185 0.00728209 1
-0.0305059 -0.288263 -0.178485 1
-0.655126 0.272452 -0.0414213 1
-0.0497227 -0.0719826 0.239667 1
0.253414 0.144497 0.369036 1
-0.0890198 -0.0640712 0.0453368 1
-0.245036 -0.134834 -0.715687 1
