# 1 = ball
# 2 = lepton
# 3 = photon
# 4 = PID > 100
# 5 = neutrino
# 6 = other
0.00512297 -0.00938744 0.0141394 3
-0.00016362 0.000388047 -0.0673951 3
0.15825 1.90232 1.3113 4
1.81469 1.88675 4.03882 4
-0.027713 0.0896939 -0.285187 4
-0.132384 -0.127788 -0.252883 3
0.104972 0.171387 0.283996 3
-0.192201 -0.111303 -0.401121 3
-1.09348 -0.537835 -2.90476 3
-2.14395 -2.89599 -4.63171 5
-0.944143 -2.01351 -3.58338 5
-0.0495161 -0.982413 -1.03344 4
-0.849483 -1.88504 -2.78554 4
-1.02796 -2.25998 -4.50739 4
1.05879 2.39256 4.35652 4
1.01328 1.59748 3.95219 4
1.2741 1.45844 3.87517 4
2.10317 2.07296 5.9166 4
-0.0438881 -0.215727 -0.544368 3
-0.124862 -0.268489 -0.429686 3
-3.05368 -3.68135 -7.4127 4
0.582864 0.990814 2.32548 4
0.096902 0.228664 0.2269 3
-0.0238639 0.147942 0.23832 3
0.0350569 0.176259 0.223232 3
0.341152 0.488745 0.782367 3
1.11182 1.6128 4.23667 4
-1.7872 -1.35032 -3.76292 4
-0.110566 -0.0762356 -0.275593 3
0.020348 -0.100073 -0.300814 3
0.247605 0.65545 1.53201 4
0.0545742 0.0707478 0.0680823 3
0.436189 1.07346 1.40169 3
-0.528748 -0.843695 -1.67913 3
-0.407298 -0.823875 -1.37906 3
0.765631 0.454252 1.37952 3
0.213017 0.0697773 0.441667 3
0.00521379 -0.0655205 -0.0733444 1
-0.185907 -0.053583 -0.0836484 1
0.182455 0.154358 -0.152972 1
-0.0824812 0.029809 -0.138065 1
0.693029 0.048847 -0.0305137 1
-0.000231632 -0.00933329 -0.0145798 1
-0.011411 0.00852261 -0.0074931 1
-0.0894621 -0.11403 0.119122 1
0.0354178 0.259775 0.0487019 1
-0.0465995 0.0649071 0.0646237 1
0.135532 0.154039 0.0683671 1
-0.0610726 0.0128113 -0.0908157 1
0.0591247 0.010222 -0.0107537 1
-0.0372114 0.00320252 -0.0800121 1
-0.0380763 0.12403 0.079085 1
0.292447 0.113304 -0.0965688 1
0.0493528 -0.125209 0.0145537 1
0.151264 -0.0140153 -0.013208 1
-0.0765746 -0.0486945 0.117836 1
-0.0134007 0.113363 0.0347706 1
0.140917 -0.0227451 -0.0424746 1
0.00302678 -0.000889483 -0.0807976 1
-0.00178683 -0.0010397 0.000595183 1
