# 1 = ball
# 2 = lepton
# 3 = photon
# 4 = PID > 100
# 5 = neutrino
# 6 = other
-0.0011143 -0.00399008 -0.0427302 3
-0.468132 -0.262814 -0.294675 4
1.277 0.121099 0.191014 4
-0.756384 0.741384 0.662198 4
0.222341 0.0533205 -0.299954 4
-0.593555 -0.0531368 -0.257278 4
0.426369 0.773277 -1.53794 4
-0.443743 0.464156 0.0340113 4
1.50315 -0.153134 0.130005 4
1.24428 0.0927896 0.761447 4
-10.8251 -8.50003 2.1034 4
-2.88179 -2.72017 0.558297 4
-2.21945 -1.38919 0.252526 4
-0.363723 -0.45206 0.0757754 4
0.136734 0.106358 -0.133847 4
-0.0729523 -0.664138 -0.396325 4
0.299497 0.740928 0.319248 4
-0.471191 -0.0610336 -0.0897118 4
-1.1613 0.364928 -0.423673 4
-0.360964 0.68539 -0.703833 4
-1.86087 1.79373 -2.89538 4
-0.699597 1.01689 -1.38416 4
-1.7029 1.42457 -1.36362 4
0.309838 -0.0861548 -0.51146 4
-0.206023 0.154167 0.0302033 4
1.23301 0.0930816 -0.0872321 4
3.72831 0.128353 0.651731 4
2.2463 0.898728 0.428097 4
0.0261908 -0.0888855 0.00692751 3
-0.0549419 -0.949374 0.362478 3
0.100725 0.485675 0.121831 3
0.0126629 0.314917 -0.0173521 3
0.0567305 -0.128248 0.064211 3
0.0387862 0.0206484 -0.043373 3
4.73842 0.656541 1.04098 3
-0.557665 -0.429497 0.157877 3
-2.51323 -1.59113 0.716942 3
-0.222686 -0.172059 0.0729616 3
-0.52406 -0.339919 0.37304 3
-0.0446165 0.0426599 0.400248 3
-0.123955 -0.0386269 0.277888 3
0.0427164 0.0436619 -0.148662 3
0.273132 0.407507 -0.490734 3
-0.411756 0.0152358 0.132404 3
-0.390073 -0.0574931 0.0144122 3
-0.953621 0.59939 -0.425121 3
-1.31677 0.650005 -0.589414 3
-0.143544 0.198661 -0.0499291 3
-1.36114 1.35884 -0.617913 3
-0.223181 0.339586 -0.147834 3
-0.37258 0.416855 -0.0645773 3
0.962741 0.187148 0.123729 3
2.54283 0.486193 0.548867 3
4.95101 0.901192 0.911259 3
5.61437 0.890918 1.09341 3
1.63263 0.276653 0.251129 3
0.682826 0.195641 0.148173 3
