# 1 = ball
# 2 = lepton
# 3 = photon
# 4 = PID > 100
# 5 = neutrino
# 6 = other
0.000656301 0.000489106 0.000214699 3
-0.0548573 0.106299 -0.0426208 4
0.111176 -0.192363 -0.6825 4
0.137889 -0.210297 -1.95591 4
0.362878 -0.0362803 0.123253 4
0.315563 0.220965 0.26358 4
1.68507 0.0686291 3.0786 4
0.853398 -0.128568 1.06346 4
-0.74533 -0.111565 -0.655525 4
-2.11832 0.785429 -1.4564 4
-0.224325 0.0730487 -0.500947 4
0.143634 0.0725578 -0.129433 4
1.00354 -0.192015 1.09665 4
0.594485 -0.522166 1.20927 4
-2.86335 1.13271 -2.95511 4
-1.99838 0.182316 -1.83117 4
-0.0595877 -0.107449 -0.266071 4
-0.205386 -0.323561 -0.157461 4
-0.0893602 -0.181516 -0.441278 3
-0.182023 -0.0835382 -0.42238 3
0.144145 0.13446 -0.0216478 3
0.0610217 -0.026849 0.0548478 3
0.888204 -0.0996561 1.36492 3
0.769875 -0.111367 1.07049 3
-0.156076 -1.08015 -1.22291 3
-0.0103055 -0.012928 -0.0485187 3
-0.266576 -0.199282 -0.127679 3
-0.40927 -0.369068 -0.400992 3
-9.70451 2.06853 -9.23338 4
-0.624974 -0.185955 -0.264437 4
-0.453457 0.112477 -0.444463 3
-0.167108 -0.0150647 -0.087104 3
-0.145864 0.0986653 -0.082977 3
-0.216751 0.161208 -0.344431 3
-0.265005 -0.0204495 -0.0130834 3
-0.245511 0.0430505 -0.131641 3
-0.243722 -0.233415 -0.190239 3
-0.173594 -0.318781 -0.308051 3
2.49354 0.0405241 2.77313 4
2.98896 0.385794 4.45022 4
5.22322 -0.0677903 6.91332 4
2.1839 0.0516144 2.74679 3
0.176118 0.0288624 0.275197 3
0.518923 0.000343718 0.854833 3
0.148872 0.0565174 0.367707 3
-0.024385 -1.75642 -1.09814 1
0.524445 -0.173138 -0.632703 1
-0.0916403 -0.430364 0.331797 1
-0.234759 0.951163 0.242859 1
0.737356 -0.61539 -0.360836 1
0.103401 0.0638969 -0.0269261 1
-0.657817 -0.488752 0.829368 1
0.304755 -0.0900552 -0.0572624 1
0.522412 0.269942 -0.373109 1
1.51163 -0.0511546 -0.259141 1
-0.0538167 -0.0429711 0.00998577 1
-0.214684 0.32948 0.0885966 1
0.0926048 0.33952 -0.357479 1
-0.100324 0.341633 -0.00346918 1
0.105211 -0.0582677 -0.397585 1
0.0119167 -0.0368451 -0.00256227 1
-0.0901067 0.1226 -0.0179056 1
0.128285 0.913625 -0.142381 1
-0.0332779 -0.551791 0.319344 1
0.256792 -0.749741 -0.910605 1
-0.177129 0.131885 0.013608 1
0.402219 -0.144649 0.0841184 1
-0.229807 0.374217 0.106229 1
-0.14172 -0.502749 -0.290877 1
-0.666893 -0.0507206 0.0972254 1
-0.387312 0.298768 -1.28289 1
-0.664571 0.334238 -0.0060555 1
-0.274985 0.362565 0.532722 1
0.16079 -0.0849348 0.275956 1
