# 1 = ball
# 2 = lepton
# 3 = photon
# 4 = PID > 100
# 5 = neutrino
# 6 = other
-0.0339259 -0.0971083 -0.0281482 3
2.16945 -0.246258 -0.80344 4
1.91053 -0.528989 -1.23439 4
0.879363 -0.106161 -0.379269 4
0.581804 -0.113135 -0.741443 4
0.71307 -0.707928 -0.778108 4
1.45035 -1.23987 -0.860168 4
-0.737817 -1.17699 -0.284874 4
-0.982425 0.490848 0.155928 4
-11.4703 4.21124 9.00489 4
0.260382 0.0254354 -0.273451 4
2.99797 -0.613222 -2.10323 4
-0.265116 -1.41459 -1.32528 4
-0.0434767 -0.112188 0.0589634 4
-0.160739 0.163794 0.658572 4
-0.336198 0.1613 -0.04823 4
-0.0415613 -0.174205 0.189684 4
0.250734 -0.0615424 -0.148208 3
6.48651 -2.30594 -4.0249 3
0.546962 -0.0897505 -0.278912 3
4.04581 -0.90199 -1.77196 3
4.18743 -0.85337 -2.23094 4
1.66186 -0.340009 -0.802696 4
0.818732 -0.0741066 -1.71551 4
0.0716079 -0.0845839 -0.144692 3
-3.94031 1.43489 2.57274 4
-0.035918 -0.00325532 0.0743987 3
-5.43915 2.15405 3.25737 3
-8.61764 3.57148 5.292 3
-0.128744 0.00926199 -0.0158995 3
-0.371492 -0.121388 -0.239672 3
2.11255 -0.544095 -0.945858 3
1.24683 -0.310962 -0.671454 3
0.244449 0.0968415 -0.0509322 1
-0.00634979 -0.0183592 -0.0213435 1
-0.105803 0.0770881 0.0372765 1
0.0148334 0.00252383 -0.0220894 1
0.253383 0.126822 -0.0812227 1
-0.190064 0.0170013 -0.0623327 1
-0.0328857 0.0575416 -0.0496464 1
-0.0747406 0.106764 -0.0609377 1
0.0175376 -0.00927619 -0.0443801 1
-0.0422324 0.245553 -0.186077 1
-0.0600848 -0.22346 0.235755 1
0.0753449 0.0888974 -0.0354735 1
0.157391 -0.114269 0.229657 1
0.106858 0.0369451 -0.0786439 1
0.0734789 0.0197 0.036535 1
-0.377895 -0.225666 0.0814015 1
0.0319245 -0.011695 0.211906 1
0.00571679 -0.365684 0.358237 1
0.122331 0.0920699 0.0894379 1
-0.000344631 1.06944e-06 -0.000949104 1
