# 1 = ball
# 2 = lepton
# 3 = photon
# 4 = PID > 100
# 5 = neutrino
# 6 = other
-0.241587 -0.214902 1.2414 3
0.000568883 -0.000332553 0.000360214 3
-0.0343209 -0.257308 2.13683 4
0.730332 0.0832197 -1.03904 4
2.14042 0.104059 -2.49388 4
0.162525 -0.0600395 -0.534194 4
0.464487 0.0190137 0.319301 4
-0.0150286 1.24493 3.1722 4
-0.330876 1.33265 3.52528 4
-0.947887 -1.62526 2.79277 4
-2.34283 -0.468019 1.83594 4
0.435453 0.130367 -0.387341 4
1.74934 0.628878 -4.26798 4
0.976654 0.436996 -2.36119 4
0.802744 -0.285006 -0.358588 4
0.221855 0.0434082 -0.00588279 4
0.289941 -0.0752604 0.035696 4
0.309174 -0.111468 0.319288 4
-0.143798 0.725602 1.70701 4
-0.395291 0.387824 1.55476 4
-0.595479 -0.323526 -0.186124 4
0.125006 -0.291787 0.1993 4
-1.8493 -0.363873 1.19831 4
-0.790954 -0.0693533 0.698149 4
0.0680828 -0.209926 -0.20147 4
0.74404 0.261157 -1.96447 3
0.0225962 -0.0157274 -0.076227 3
-0.133724 0.577457 -2.35759 3
0.0702125 0.227865 -0.875766 3
0.0584918 0.565728 -1.51015 3
0.304065 0.181195 -0.172841 3
0.40645 -0.396256 -0.21747 3
-0.196675 0.32286 -0.21812 4
-0.0572129 0.00137787 -0.0681127 4
-0.168293 0.125556 0.336663 4
-0.671443 0.869322 0.462375 4
-0.171981 -0.230376 0.303766 3
-0.0454633 -0.109478 0.0294041 3
0.044927 1.20821 2.33376 3
-0.0645464 0.430603 0.829771 3
-0.141267 0.0857874 0.449393 3
-0.149275 0.084423 0.187159 3
-1.82747 -0.123183 1.13043 3
-0.107639 0.143834 0.109435 3
-0.0936262 -0.0258922 0.102699 3
0.00370998 0.0478438 -0.00658658 3
0.137789 -0.0314933 -0.0965788 3
0.649716 -0.120069 -0.855375 3
-0.0443246 0.0606787 0.00849472 3
-0.0494034 -0.0431899 -0.0825938 3
0.0241102 -0.12109 0.0367641 3
0.256917 -0.299038 -0.0182698 3
1.21577 -1.75338 2.0768 4
0.183809 -0.246949 0.147632 4
0.33834 -0.860495 0.67498 4
0.221832 -0.721776 0.72992 4
-0.00721766 0.00475511 -0.00251742 3
0.194157 -0.378194 0.358661 3
-0.13947 0.3899 -4.79648 4
-0.760664 0.659823 -2.10985 4
0.406551 0.323211 -1.667 3
0.345216 0.426934 -2.01075 3
-0.00104542 -0.00634576 0.027102 3
-0.256025 0.349537 0.249902 3
0.0196915 0.0532649 -0.036576 3
-0.0842956 0.200573 0.0723445 3
0.374952 -0.32945 0.698173 4
-0.045424 0.00359498 -0.0454617 3
0.0467317 0.149695 -0.237926 3
-0.236064 -0.0157534 -0.0266583 1
-0.0966397 0.186378 0.51762 1
-0.30641 -0.471103 -0.785845 1
-0.233604 -0.633223 0.546537 1
0.418467 -0.776883 0.0735084 1
-0.372414 -0.237883 0.239339 1
0.549917 0.109145 0.0452601 1
0.0342122 -0.0247769 0.0401363 1
-0.101838 -0.268333 -0.029733 1
-0.118475 -0.116457 0.0169491 1
0.130134 0.084559 -0.121538 1
0.204107 -0.117756 -0.0394545 1
-0.0987952 -0.318333 -0.269748 1
-0.0463962 0.0181129 -0.135334 1
0.0690667 0.257324 -0.25282 1
-0.0598656 -0.103807 -0.00585646 1
0.144652 0.19176 -0.336114 1
-1.59545 -0.576625 0.0320729 1
-0.207874 0.572054 -0.195105 1
0.280444 -0.482097 -0.143038 1
