# 1 = ball
# 2 = lepton
# 3 = photon
# 4 = PID > 100
# 5 = neutrino
# 6 = other
-0.00579107 0.00344287 0.0102854 3
-0.268291 -0.659749 0.321947 4
-0.369937 -0.687167 0.249775 4
-0.437946 -2.0445 0.273508 4
-1.86051 -2.0332 1.90078 4
-0.112583 -0.0548055 -0.184473 4
0.89632 1.09931 -0.360545 4
0.766307 0.407869 -0.318979 4
0.406845 0.58827 -0.310636 4
2.67164 4.59841 -0.538543 4
7.7782 10.8532 -2.4527 4
0.391595 0.630125 -0.179907 4
-2.47175 -3.70838 0.902724 4
-1.48221 -1.10545 -0.0302865 4
-0.319449 -0.572941 -0.232215 4
-0.389589 -0.296828 0.265418 4
-0.443763 -0.482615 -0.404425 4
-0.0671816 -1.0119 -0.49625 4
-0.927655 -0.347753 0.133113 4
-0.166598 0.053272 0.180344 4
-0.294095 -0.428865 0.293265 4
0.201862 0.320417 0.0621103 3
1.42473 2.15735 0.0741305 3
5.40396 7.37101 -2.67066 3
0.204447 0.243901 -0.0781126 3
-4.62506 -6.69918 2.61977 4
-1.70599 -2.8875 1.00674 4
-0.383652 -0.22604 -0.105844 4
-0.0107905 -0.103526 -0.163798 4
0.213131 -0.151732 0.0329618 3
0.0389218 -0.118278 0.0699168 3
-0.930313 0.0049761 -0.18621 3
-0.393561 0.39178 -0.155014 3
0.193465 0.0950338 0.0935675 3
0.396012 0.142988 -0.00399735 3
0.0508309 0.082139 0.0118497 3
0.495039 1.19646 -0.289376 3
-1.77817 -2.07884 1.0435 3
-0.06936 -0.0532185 0.0168864 3
0.0965262 0.0595226 -0.312431 3
-0.0263758 -0.002748 -0.0094715 3
-0.0548737 -0.0390603 -0.000751847 3
-1.25878 -0.9772 -0.686108 3
-0.0394074 -0.242969 -0.210477 3
-0.224655 -0.423512 -0.280167 3
0.337552 -0.0561506 0.129854 3
0.0480284 -0.0271652 -0.0298828 3
-0.964301 -1.40564 0.685435 3
-0.485627 -0.891788 0.409894 3
-0.0526491 0.0105978 0.0530599 3
-0.138146 -0.217721 0.19292 3
-0.00917728 -0.0217008 -0.0201533 1
-0.0598073 0.0393821 -0.206077 1
0.0512038 -0.0038876 -0.134219 1
-0.10799 -0.0131293 0.247387 1
0.127795 0.0915946 -0.0686399 1
0.256762 0.0897555 -0.352549 1
-0.0287355 0.0167886 0.0094119 1
-0.0113618 0.0359462 0.0901086 1
0.256878 -0.047112 0.245959 1
-0.371283 -0.247221 -0.912223 1
-0.00202453 0.0626961 0.0924355 1
0.0308887 -0.0811874 0.0937572 1
0.175695 -0.268508 -0.00723858 1
0.0361623 0.00463425 -0.0134132 1
-0.0158849 0.0405023 0.0867862 1
0.1397 0.0609045 -0.227701 1
0.0375649 -0.0914282 -0.0695421 1
-0.0721369 -0.112116 0.0390589 1
-0.0494334 0.00886358 0.0347918 1
0.0116581 0.0388619 0.0479943 1
-0.0613281 -0.15174 0.103077 1
-0.107002 -0.27608 0.028924 1
-0.0700695 0.0394238 -0.0459277 1
0.0571817 0.0811934 0.00436092 1
0.170778 -0.0333792 -0.0633749 1
0.0320428 0.0594133 0.0361909 1
0.19479 0.0697439 0.17548 1
-0.0317544 -0.00643731 -0.0580245 1
-0.0479058 -0.141265 0.144755 1
0.0994928 -0.0105536 0.0762721 1
-0.0391451 0.0281309 -0.0246355 1
0.178679 0.0563458 0.273953 1
-0.135109 -0.0166261 0.353046 1
0.117918 0.0701086 -0.0145125 1
-0.0866913 -0.161712 0.0502015 1
-0.0217759 0.13828 -0.0396118 1
0.0791413 0.394354 -0.205029 1
0.148324 0.0621465 -0.0808854 1
-0.12912 -0.0791108 -0.0332816 1
-0.0012782 0.000470369 0.000588699 1
