# 1 = ball
# 2 = lepton
# 3 = photon
# 4 = PID > 100
# 5 = neutrino
# 6 = other
2.96109 -1.46039 -2.69965 4
4.14696 -2.07213 -2.81984 4
-0.239132 -0.356803 -0.219957 4
-0.710089 1.13607 2.51577 4
2.70517 -1.36075 -3.09849 4
1.23361 -1.0484 -1.00984 4
0.491505 -0.550776 0.0614915 4
0.907253 -0.343908 -0.193989 4
-0.935086 0.607099 1.95978 4
-13.8788 8.31508 8.89109 4
0.582419 -0.234699 -0.600191 4
1.73031 -1.05966 -1.26217 4
2.67612 -1.22574 -2.06431 4
2.09069 -1.00028 -1.80083 4
1.47776 -0.676566 -1.85942 3
0.77157 -0.34309 -1.11983 3
-0.281802 0.126289 -0.395043 3
-0.074149 -0.0353698 -0.121217 3
-0.00494299 -0.171286 0.191969 4
-0.327109 0.062095 1.11962 4
0.0102517 0.0993442 -0.0886145 3
-0.464645 -0.0894411 0.50108 3
-1.07493 -0.0779454 1.00826 3
-1.19564 -0.310144 0.506811 3
0.343275 -0.0591536 -0.250549 3
0.50961 -0.259539 -0.381087 3
0.0135032 -0.122882 -0.0811048 3
-0.0263806 -0.250749 0.0258054 3
-0.145058 0.0337733 0.168475 3
-0.575458 0.240702 0.370694 3
-6.48211 3.57391 4.39709 3
-0.230774 0.151465 0.146629 3
1.11716 -0.635461 -1.23446 3
0.326284 -0.106091 -0.338186 3
-0.0290794 -0.0215469 -0.00447421 3
-0.239242 0.013471 0.313025 3
1.92378 -1.01902 -1.38155 3
0.485225 -0.191889 -0.370054 3
0.486412 -0.243454 -0.481798 3
0.512959 -0.391167 -0.46398 3
0.716107 -0.38338 -0.519938 3
0.19797 -0.062276 -0.205033 3
-0.317454 0.13048 0.110461 1
-0.137814 0.0981203 0.0863272 1
-0.397145 -0.0367319 0.182513 1
1.21022 0.355924 0.305249 1
-0.286125 0.302982 0.0450569 1
-0.575384 0.0664646 0.311064 1
0.40889 0.787373 0.88858 1
0.0903896 0.0213964 1.00431 1
-0.0381716 0.0427382 -0.0876747 1
-0.0380698 0.0413432 0.0763247 1
0.0394072 0.146252 -0.0332366 1
0.53212 0.244 -0.178679 1
-0.508181 0.0741135 0.384079 1
-0.53701 0.210798 0.313344 1
-0.824689 -0.0395789 -0.341011 1
-0.00350416 0.323954 0.139056 1
-0.122631 -0.961832 -0.312779 1
0.00258268 -0.00310198 -0.00496405 1
