# 1 = ball
# 2 = lepton
# 3 = photon
# 4 = PID > 100
# 5 = neutrino
# 6 = other
0.000432007 -0.00134421 0.0038293 3
5.5285 -9.46196 20.466 5
2.62461 -3.58722 6.72325 4
-1.67734 3.4457 -6.96944 5
-8.37936 11.0753 -25.251 4
1.50907 -2.42377 4.7946 3
0.778462 -1.30608 2.3744 3
-0.335948 0.755656 -1.37035 3
-0.76222 1.3444 -2.77375 3
-0.341953 -0.159193 0.476789 1
-0.135463 0.109234 -0.125616 1
-0.0533876 -0.130362 -0.0185804 1
0.038897 -0.0949272 0.0783657 1
0.143928 0.0316657 0.0914117 1
-0.0653513 -0.202952 0.167878 1
-0.0682036 0.0481251 0.0275973 1
-0.0712946 0.024608 -0.0384326 1
-0.0205682 0.149033 0.181488 1
0.0221314 0.0882215 0.0339091 1
0.371614 0.346222 -0.262446 1
-0.0874914 -0.164078 0.273819 1
-0.042121 -0.10181 -0.037035 1
0.243834 -0.0945703 0.0785946 1
0.0122751 0.186874 0.142163 1
-0.0103675 -0.162365 -0.031379 1
0.0068101 -0.0208942 0.0200206 1
0.0362485 0.0919015 0.0492805 1
0.0276443 -0.0147135 0.0211933 1
0.0281351 -0.0161025 0.0697285 1
0.0928993 0.0362123 0.0796261 1
0.0155884 -0.113403 -0.0118353 1
-0.213967 -0.121906 -0.00719465 1
-0.00892079 -0.0482446 0.0538201 1
0.00533421 -0.11781 0.0213932 1
-0.114277 0.097062 -0.107751 1
-0.0708815 0.157493 -0.184413 1
-0.092899 -0.0624385 0.184722 1
0.0561503 -0.067951 -0.149195 1
-0.190671 0.198943 0.133745 1
-0.116579 -0.161373 0.232559 1
0.177491 0.0769334 -0.019043 1
0.621106 -0.0546175 0.235753 1
0.0581779 -0.0349681 0.0380821 1
-0.0482175 -0.0711814 -0.183716 1
0.106051 -0.0286855 0.0130377 1
0.32398 0.233274 0.345897 1
0.0781119 0.32807 0.128212 1
