# 1 = ball
# 2 = lepton
# 3 = photon
# 4 = PID > 100
# 5 = neutrino
# 6 = other
-0.221398 -0.320171 2.94238 4
-1.40482 0.630075 3.21696 4
-0.299756 -0.152845 0.445758 4
-0.273196 -0.562239 -0.995168 4
1.4297 -0.157873 -0.302365 4
-0.540095 0.127079 -1.46741 4
1.09251 -1.20638 -2.1303 4
-0.0742133 0.473853 1.29578 4
0.0474531 0.0529598 0.0283587 4
0.765481 -0.341141 -3.34403 3
0.0177356 -0.0151526 -0.0352279 3
0.0839998 -0.0249458 -0.444928 3
-0.117696 0.0213714 0.13545 3
-0.515415 0.0429128 1.101 3
0.0632735 -0.184436 -0.252995 3
-0.0635505 -0.17562 -0.174952 3
-1.02218 0.187056 1.98954 4
-0.5922 0.360336 1.90889 4
3.11138 -0.187282 -10.7717 5
2.43086 0.852404 -5.62066 2
-0.522259 -0.139337 6.83247 4
0.321812 -0.312722 -1.35007 3
-0.829321 1.01024 3.07575 4
-2.01376 1.08989 6.62099 3
-1.59767 0.926895 5.01892 3
-0.582805 0.148308 1.93734 3
-0.863572 0.391807 2.96624 3
0.340712 -0.0490352 -0.608177 4
0.654532 -0.619965 -6.16578 4
0.583245 -0.645028 -2.98658 4
0.170329 -0.0577437 -0.328155 4
0.00549619 -0.00387082 -0.135014 3
0.397682 -0.447704 -1.85876 3
-0.13676 -0.338876 -0.0739291 1
-0.0841446 -0.403459 -0.186438 1
0.0158847 -0.12073 -0.056721 1
0.0196341 0.102403 -0.198586 1
-0.106976 -0.237435 -0.305715 1
0.311838 0.235953 -0.176959 1
0.307378 -0.169371 0.0808541 1
0.0236398 0.0792877 -0.0168035 1
-0.0290221 0.00919496 0.0689893 1
0.0776632 -0.155466 0.0741224 1
-0.160562 -0.015906 -0.0128366 1
-0.000830141 0.166345 0.137949 1
0.0804675 0.130285 -0.0765754 1
-0.013911 -0.0182461 0.120231 1
-0.0289473 -0.084225 -0.0481514 1
0.0026813 -0.0339398 -0.0117215 1
0.00662909 -0.0294694 0.0198912 1
-0.10793 0.0506769 0.0786145 1
-0.0482922 0.0362366 0.0350202 1
-0.110712 0.0838853 0.00430895 1
-2.86588e-05 0.00115235 0.000880128 1
