# 1 = ball
# 2 = lepton
# 3 = photon
# 4 = PID > 100
# 5 = neutrino
# 6 = other
0.00163848 -0.00129356 1.88246e-05 3
-0.114247 -1.00934 -1.92743 5
-1.08349 -3.80034 -5.7455 2
-5.9176 -15.3174 -27.5835 5
0.26477 0.228611 0.361425 5
6.42659 16.0856 28.7233 4
0.0978178 0.410338 0.800702 3
0.846829 2.31795 4.35848 3
0.00160884 -0.0494669 -0.052205 1
0.0129951 0.245558 0.0753409 1
0.0482749 -0.201376 -0.103024 1
-0.00682789 -0.00690595 -0.0133107 1
-0.117418 0.459031 0.189615 1
-0.0303323 -0.0315496 0.0294882 1
-0.0977753 0.0259851 -0.121003 1
0.0755685 -0.128907 0.0462683 1
0.0245828 0.0388419 -0.0456262 1
0.178171 -0.0484419 0.0468322 1
0.0642323 -0.0727692 0.0718187 1
-0.117885 -0.134034 0.0767053 1
0.074829 -0.0436849 -0.0527929 1
-0.148562 -0.107549 -0.161842 1
-0.0482485 -0.039255 0.212684 1
-0.0226835 -0.000600651 -0.0743634 1
-0.0102768 -0.0380532 -0.00674315 1
0.00210432 0.0814911 0.00198114 1
-0.064533 0.0380812 0.0360474 1
0.0212281 0.172423 0.159732 1
-0.296805 -0.0386878 0.237505 1
0.085507 -0.0820911 -0.0314643 1
0.123605 -0.0651624 -0.0332815 1
0.216653 0.143892 0.430183 1
0.0838055 0.035777 -0.0765703 1
-0.118563 0.393289 -0.103646 1
-0.0605314 0.0823883 0.130976 1
0.0785622 -0.194801 -0.0691624 1
-0.0696089 0.00933836 -0.0483283 1
0.105456 0.172947 -0.0845637 1
0.156809 -0.00658702 -0.0415585 1
-0.168448 0.404682 0.130181 1
0.209506 0.0243695 0.0814935 1
-0.279535 -0.0236651 -0.168292 1
-0.0961911 -0.0252687 0.185964 1
-0.515689 0.259687 0.528997 1
0.183216 -0.161141 -0.369857 1
0.000897753 -0.00186652 -0.00174022 1
