# 1 = ball
# 2 = lepton
# 3 = photon
# 4 = PID > 100
# 5 = neutrino
# 6 = other
-0.0114062 0.0035649 -0.0449264 3
0.00202673 0.000982359 0.0549128 3
5.94522 8.67579 2.3043 4
0.353378 0.567192 -0.235466 4
0.186047 1.71398 0.294575 4
0.337207 -0.00493968 0.577962 4
-0.571835 -1.48062 0.31526 4
-0.414413 -2.05267 -0.478592 4
-0.755783 -0.470661 0.272641 4
0.0544005 -0.596952 0.130623 4
-0.647882 -0.58479 -0.164035 4
-0.520298 -1.16487 -0.0871594 4
-1.09844 -3.07827 -0.200395 4
-0.343197 -0.488468 -0.412318 4
-0.624743 -0.372761 -0.180611 4
-1.38974 -2.53545 -1.05691 4
-1.41814 -2.52545 -1.01283 4
-5.15854 -6.60188 -0.736711 4
-2.76681 -3.7241 -1.31378 4
-0.0541484 -0.110823 -0.0298608 3
-3.0876 -4.40611 -1.00433 3
0.555226 1.16427 0.162816 4
0.464883 0.701498 0.191122 3
0.217004 0.466612 0.0438989 3
0.518783 0.785423 0.181704 3
0.405951 0.564628 0.251162 3
0.771936 0.923161 0.213881 3
0.567692 0.863729 0.143894 3
1.53627 2.36959 0.438268 3
0.178831 0.273972 0.0978716 3
-1.45962 -1.81835 -0.81304 3
-0.290022 -0.30513 -0.0996061 3
1.00481 1.96375 0.70397 4
2.69832 3.98453 0.427912 4
4.55844 7.22056 1.33419 3
0.631603 0.928049 0.205837 3
0.00775923 -0.0131034 -0.0517185 1
-0.16543 -0.000614282 0.084113 1
-0.0687398 0.0519475 -0.176778 1
-0.155555 -0.0960662 -0.046266 1
-0.180043 0.227089 0.0651874 1
0.0757036 0.00903321 -0.034619 1
-0.731585 -0.0332304 -0.102056 1
0.0734553 -0.0325745 -0.0116772 1
0.0296925 0.0873085 0.0607621 1
-0.106127 0.0103372 -0.135429 1
0.0688394 0.0493996 -0.12703 1
0.0954731 -0.0199805 -0.159813 1
0.031849 0.106636 0.172744 1
0.0377415 0.0408538 -0.111692 1
0.0452707 0.104912 0.0615277 1
-0.194544 -0.243916 0.14168 1
0.248308 -0.332814 -0.15902 1
0.339146 0.0206521 -0.223222 1
0.166125 -0.0185904 0.139803 1
-0.0928051 0.00418953 0.0518478 1
0.000215135 -0.00653662 -0.0335381 1
0.153429 -0.0130927 0.129784 1
0.00149652 0.00309158 -0.0917463 1
-0.248468 -0.452843 -0.383675 1
0.0536962 0.0610418 -0.0435612 1
0.214788 -0.156457 0.170499 1
0.105318 0.0488577 -0.00323471 1
0.0377278 -0.0278148 0.000392925 1
-0.0737075 -0.0727243 0.0838636 1
-0.0846735 0.231676 0.13635 1
-0.013009 -0.226856 0.0116281 1
0.0838987 0.0288811 0.0840233 1
0.0276012 -0.0429132 0.0323331 1
0.0739765 -0.321189 0.478995 1
-0.187586 0.123689 -0.522468 1
-0.0452956 0.0512774 0.034959 1
0.000645277 0.00145927 0.000818568 1
