# 1 = ball
# 2 = lepton
# 3 = photon
# 4 = PID > 100
# 5 = neutrino
# 6 = other
0.00286488 -0.00142094 0.00577712 3
-4.09275 0.729298 1.87198 4
-1.88627 0.240301 0.570379 4
-5.38032 1.34249 1.88254 4
-12.3834 2.14173 5.55148 4
1.08813 1.17312 -0.942232 4
1.56944 -0.193876 -0.742242 4
0.716225 0.473281 -0.478129 4
2.38693 -0.700132 -0.733122 4
3.17253 -0.0697823 -0.992293 4
2.83677 -0.322935 -0.957963 4
8.09373 -1.23991 -3.01538 4
11.5049 -1.96187 -3.56079 4
-0.893634 0.011349 0.442063 4
-1.49523 0.244266 0.51735 4
-0.655121 -0.340661 0.19857 3
-0.309095 -0.244942 0.040948 3
-0.187711 0.0010148 0.0548717 3
-4.44521 0.584409 0.953442 3
0.0395978 -0.0409719 0.022554 3
0.0392958 -0.0079375 -0.126573 3
0.669611 0.0644856 0.349297 4
0.249491 -0.0274369 0.300609 4
0.0364399 0.0606377 0.0188843 3
0.0338942 0.057168 -0.137883 3
5.24149 -1.16045 -1.40664 3
0.835384 -0.162445 -0.27408 3
-3.18407 0.435477 1.19528 3
-4.4736 0.575494 1.84484 3
0.0319912 -0.00444584 0.0314098 3
0.102903 -0.112051 -0.12671 3
0.0899056 0.0874963 -0.175769 1
0.244518 -0.143024 -0.201588 1
-0.195574 -0.202873 -0.48257 1
-0.18778 -0.432876 -0.0694507 1
0.181 0.0524862 -0.0804957 1
-0.0983911 -0.000676442 0.0458064 1
0.107722 -0.17228 -0.632154 1
1.1197 -0.434887 0.370309 1
-0.234255 -0.259324 -1.29574 1
-0.292046 -0.0372992 0.163406 1
