# 1 = ball
# 2 = lepton
# 3 = photon
# 4 = PID > 100
# 5 = neutrino
# 6 = other
3.45781 -4.28117 -3.39775 4
-0.179864 -0.0575919 -0.0080097 4
2.1785 -5.82128 -0.611742 4
0.120618 -0.182558 -0.0471927 4
-3.65791 5.95659 2.97888 4
-5.84365 7.95094 5.24868 4
3.49531 -2.46859 -2.58878 4
1.76996 -1.21296 -0.729625 4
0.445766 -1.2934 -1.65933 4
0.0469171 -0.509764 -0.675973 4
1.59201 -3.04223 -1.32258 4
0.779216 -2.12324 -0.343925 4
-0.245975 -0.425123 0.208105 4
-1.2017 1.89996 1.4826 4
-6.42607 9.88127 5.47109 4
2.31256 -1.92507 -2.10202 4
1.41863 -1.30561 -1.40245 4
0.441592 -0.908802 -1.01517 4
0.647418 -0.665303 -0.463922 4
-0.00545519 0.00979243 0.0837625 3
0.0399031 -0.00450701 -0.0448755 3
0.0201629 -1.34655 0.244102 4
-0.0809659 -0.0187446 0.12657 4
-0.169376 -0.0382911 -0.0298327 4
-2.77417 5.12649 2.36076 3
-0.628959 1.27246 0.619412 3
0.405906 -0.336286 -0.473299 3
0.322043 -0.26756 -0.228125 3
0.075225 -0.0947145 -0.00172153 3
0.101676 -0.0049983 0.0976508 3
-0.0722118 -0.675639 0.00406308 3
-0.00698089 -0.282247 0.0865781 3
0.135851 -0.146125 -0.0764028 3
0.740686 -0.661575 -0.706352 3
0.17477 -0.338885 -0.366792 3
0.11149 -0.0564458 -0.130123 3
0.433107 -0.477957 -0.441808 3
0.296875 -0.318393 -0.443114 3
0.00254966 -0.135877 -0.0351763 3
0.0514522 -0.00167499 -0.0665298 3
-0.0251788 -0.223296 -4.77395e-05 3
-0.00131153 -0.257645 0.14709 3
-0.00230106 -0.0494172 0.046284 3
-0.295927 -0.137985 0.207055 3
