# 1 = ball
# 2 = lepton
# 3 = photon
# 4 = PID > 100
# 5 = neutrino
# 6 = other
-0.0290985 0.0236784 -0.0166316 3
0.422287 1.75371 0.546502 4
0.089845 0.628343 -0.0384447 4
0.0623137 1.21741 -0.312306 4
0.184822 1.08587 -1.09104 4
-0.732605 -0.744406 0.295841 4
0.00214786 -0.525265 -0.132137 4
-3.28973 -7.43208 -2.23287 4
0.29868 1.10074 0.268511 4
0.464831 0.707362 -0.00537803 4
0.0351274 0.368105 0.192375 4
-0.222701 -0.227461 -0.104702 4
-0.462694 0.160862 0.115063 4
-0.0306943 -0.261727 -0.204068 4
-5.05457 -11.8386 -2.3978 4
-4.83758 -10.6165 -2.07074 4
6.43859 16.9692 4.40972 4
0.258537 0.460312 0.126244 4
-0.13824 0.30088 -0.0545266 4
1.18198 3.09422 0.59036 3
0.822569 2.48979 0.468571 3
0.0049258 0.508903 -0.00455888 3
0.114272 0.468075 -0.0756004 3
-0.0348335 -0.263647 0.199584 1
0.903438 -1.08977 1.37269 1
0.0272082 -0.000616801 -0.161848 1
0.0570474 0.150387 -0.0129021 1
-0.305583 0.5929 -0.300201 1
1.16654 -0.0638453 0.192617 1
0.176576 0.288231 -0.226028 1
0.270233 -0.0943933 0.155511 1
0.0540617 0.0448429 -0.0592296 1
0.414265 -0.799158 0.377239 1
0.0422979 -0.0110187 -0.0475749 1
-0.19659 0.111361 -1.24511 1
-1.62222 0.0184187 0.441149 1
-0.0931829 0.0927442 0.32421 1
-0.394028 -0.173386 0.0330777 1
0.371029 0.283559 0.431879 1
1.4167 -0.156976 0.777431 1
0.374122 0.0643182 -0.20739 1
0.125238 0.176598 0.190755 1
0.385351 -0.289636 0.00751417 1
0.0461039 -0.119646 0.442487 1
-0.446642 -0.236391 -0.702953 1
0.262234 0.0540502 0.537706 1
0.104768 0.486419 -0.21064 1
0.238359 0.642062 -0.399876 1
-0.178146 0.731547 -0.342166 1
0.191761 -0.235839 -0.159571 1
-0.0198157 0.223878 0.226273 1
0.18734 -0.196099 -0.00988561 1
0.392652 0.140326 0.350111 1
0.0915966 -0.0246155 -0.0742479 1
0.409098 -0.0379832 -0.173001 1
