# 1 = ball
# 2 = lepton
# 3 = photon
# 4 = PID > 100
# 5 = neutrino
# 6 = other
0.106049 -0.0867293 0.0132398 3
0.00721752 -0.0077091 -0.163707 3
-2.2499 -1.54117 2.25544 4
-17.8043 -16.0858 19.7261 4
0.482388 0.940354 -0.430615 4
3.02666 3.36508 -2.33987 4
0.433895 0.982791 -0.255762 4
0.381518 -0.564464 -0.00800963 4
4.9596 7.04992 -4.53644 4
6.24693 9.19772 -5.70419 4
0.417065 0.996348 -1.36774 4
0.0620421 -0.105872 0.194469 4
0.178372 0.0760372 -0.174064 3
0.177579 0.0726997 -0.405532 3
-0.0905313 -0.0468645 -0.247551 4
0.152471 -0.394462 -1.06924 4
-0.0105667 -0.257133 -0.594114 3
-0.0539182 -0.306478 -0.245225 3
1.01279 1.38274 -0.616098 3
0.283708 0.489365 -0.255839 3
0.308672 -0.180847 -0.281061 3
-0.00828758 0.00988273 -0.0146827 3
0.301241 -0.765325 1.19535 4
0.0351874 -0.00691207 -0.035725 3
0.132625 0.226686 -0.0333386 3
0.016127 -0.00936957 -9.19768e-05 3
0.254836 0.402283 -0.175582 3
0.221769 0.709959 -0.0683109 3
0.181985 0.285348 -0.0484011 3
0.822935 -2.85361 -1.96566 4
0.0374718 -1.28335 -0.787279 4
0.164595 -0.53425 -0.88094 4
0.153252 -0.2283 -0.247831 3
0.427507 -0.915727 -0.650381 3
0.106006 -0.291493 0.568212 4
0.11978 0.0215933 0.301488 3
0.102745 -0.00616899 0.0555291 3
-0.101668 0.0206308 -0.0661167 3
-0.221955 -0.101227 -0.00656131 3
-0.371992 0.145015 0.0421589 1
-0.171668 -0.330661 -0.101593 1
0.389306 -0.113807 -0.554758 1
-0.466554 -0.218424 0.299232 1
-0.13074 -0.143841 -0.0996169 1
0.0838827 0.503992 -0.129753 1
0.553385 0.106109 -0.175966 1
-0.669103 0.0776354 -0.512977 1
0.0095925 0.317772 0.599372 1
