# 1 = ball
# 2 = lepton
# 3 = photon
# 4 = PID > 100
# 5 = neutrino
# 6 = other
0.37726 -0.0563946 8.15931 3
0.00370239 -0.000992274 -0.153593 3
-0.992145 -2.71377 3.45396 5
-2.45443 -5.30758 7.49551 2
-2.29837 -7.34013 11.9803 5
-0.104312 0.692139 -1.13839 5
1.27752 3.31488 -5.95823 4
0.428105 1.30239 -2.61422 3
3.42391 10.6647 -20.5569 3
-1.10013 -0.728323 -2.72113 1
-0.00289442 0.18911 0.278447 1
0.0959226 -0.242288 0.282711 1
0.532089 -0.80146 -0.0169999 1
0.111596 0.013872 -0.0403484 1
-0.044523 0.1223 0.261229 1
0.423593 0.186122 -0.679155 1
0.115923 -0.273113 -0.207308 1
-0.213088 -0.334926 0.118791 1
-0.145206 0.0268283 0.104586 1
0.0380618 0.116867 0.144245 1
-0.18027 -0.452987 0.3118 1
-0.316264 -0.824537 0.0910632 1
-0.207082 0.118986 -0.137006 1
0.174681 0.244428 0.0140172 1
0.515984 -0.0979891 -0.187656 1
0.0992194 0.178732 0.109087 1
0.588814 0.212619 0.530362 1
-0.0921705 -0.0189829 -0.173754 1
-0.139881 -0.421351 0.437083 1
0.301721 -0.0304033 0.230236 1
-0.114337 0.084536 -0.073808 1
0.541131 0.173269 0.826772 1
-0.399712 -0.0450445 1.06475 1
0.357065 0.21177 -0.0418977 1
-0.256383 -0.482955 0.153111 1
-0.061972 0.416373 -0.117093 1
0.243923 1.18892 -0.608279 1
0.448578 0.18851 -0.240279 1
-0.383934 -0.235678 -0.0979573 1
0.113243 0.178921 -0.212724 1
-0.704945 0.582624 -0.0706999 1
