# 1 = ball
# 2 = lepton
# 3 = photon
# 4 = PID > 100
# 5 = neutrino
# 6 = other
0.104709 0.476442 0.318051 4
-3.35948 -1.08336 -3.15373 4
-1.69955 -1.24476 -1.05614 4
4.64351 2.50922 3.59858 4
2.15946 1.44568 1.21707 4
0.467045 -0.0278018 0.0141666 4
-0.122046 -0.258314 -0.108268 4
-0.7396 -0.281844 -0.638584 4
-1.19514 -1.40375 -1.33939 4
0.56187 0.588004 0.352834 4
-0.225124 0.177843 0.38391 4
-3.86408 -2.56635 -2.18983 4
4.04966 2.06868 3.15745 4
11.522 8.06604 8.28838 4
0.811454 0.624436 0.784708 4
1.5047 0.582898 0.722688 4
-0.292078 -0.0346159 0.247353 3
-0.0208447 0.0388648 0.0612103 3
-0.0859872 -0.12955 -0.006453 4
-0.242033 -0.155352 -0.367654 4
-3.47113 -2.2315 -2.12926 3
-2.37958 -1.64694 -1.55577 3
0.656862 0.399704 0.409534 3
0.484409 0.435083 0.312505 3
0.847831 0.495518 0.528077 3
0.682175 0.27989 0.460984 3
-0.025367 0.159192 0.0759774 3
-0.0237749 0.0406236 -0.050696 3
-0.299098 -0.145985 -0.138317 3
-0.335739 -0.270419 -0.316867 3
-2.01183 -1.47209 -1.49144 4
-3.46588 -2.37097 -1.77024 4
-3.22595 -2.25417 -2.8485 4
-1.54752 -0.834239 -0.720691 4
-0.055994 -0.109916 -0.0478027 1
0.288043 -0.11574 0.18105 1
0.227377 0.12059 0.0866539 1
0.181508 0.00363155 0.0298148 1
-0.0616526 0.0320907 0.0270936 1
-0.00347727 -0.463137 -0.109612 1
-0.0521445 -0.0962528 -0.116336 1
0.0830533 0.0526132 -0.00053216 1
-0.205037 0.00950169 -0.18357 1
0.067246 0.163324 0.0649164 1
0.186421 -0.102349 -0.0401209 1
-0.0678889 -0.436591 0.00429043 1
0.0416943 -0.00997096 -0.0272007 1
-0.14864 0.102164 -0.237437 1
-0.401458 0.119024 -0.045605 1
0.126943 0.085149 0.127829 1
0.192658 0.054531 -0.0317918 1
-0.0412525 -0.0908778 -0.0521205 1
-0.220035 0.0597272 -0.2351 1
-0.368434 0.270503 0.100811 1
-0.0403662 0.017066 0.00449781 1
0.129325 -0.362147 0.0824112 1
-0.0499195 0.0592895 -0.0643116 1
0.00601161 0.134593 0.174433 1
-0.14628 0.183562 -0.00453496 1
-0.0157896 0.00853754 -0.00956395 1
0.0107616 0.147733 0.0296144 1
-0.0817786 -0.077331 -0.121109 1
0.0317873 0.207739 -0.256739 1
0.0922574 0.0545948 -0.409561 1
0.126643 -0.0497684 0.0599378 1
0.0522887 0.0197317 0.0590204 1
0.17849 0.102853 0.0855955 1
-0.0998781 0.117813 -0.165173 1
0.049888 -0.235126 -0.14353 1
0.0638219 -0.0398138 0.0835332 1
0.0599893 0.0865366 0.0486048 1
