# 1 = ball
# 2 = lepton
# 3 = photon
# 4 = PID > 100
# 5 = neutrino
# 6 = other
-0.413702 -0.0206745 -0.559473 4
0.00811561 0.13859 0.299165 4
-0.460316 -0.690708 0.805609 4
-0.300627 -0.299623 0.261713 3
-0.340186 0.0114606 0.0272256 3
-0.61916 -0.153315 0.108509 3
-0.213045 -0.0664098 0.246802 4
-0.651631 -0.470642 0.70883 4
0.739726 1.4653 -0.52648 5
15.5283 16.9242 -12.9395 2
-1.44589 -1.47809 1.17036 4
-0.124249 0.0103813 0.153613 3
-0.314126 -0.114348 0.18884 3
0.597052 0.709967 -0.738204 4
-0.996314 -1.35714 1.08178 4
-1.0859 -0.9417 0.609125 4
-0.235951 -0.31803 0.0826739 3
-2.26901 -3.20781 2.70161 3
-2.98804 -4.24 3.70822 4
-1.15871 -1.1608 0.432209 4
5.74913 6.4319 -5.62919 4
1.17002 1.40501 -2.2929 4
-6.78295 -7.55874 5.93752 4
-0.733201 -1.15607 0.839505 4
-1.72824 -1.43231 0.974705 4
-0.311759 -0.347061 0.323424 3
-0.184874 -0.202101 0.0753815 3
-1.06721 -1.48045 0.815351 3
-0.00401138 0.00229346 0.00566727 3
-0.0333551 0.27953 0.195627 1
-0.00834483 0.0248699 0.0228557 1
0.374903 -0.248916 0.0794147 1
-0.0517414 0.0661691 -0.19131 1
0.0230149 -0.0836447 0.0566435 1
-0.0285395 -0.00755281 0.000286544 1
0.0519532 0.0530317 0.175268 1
0.0248603 0.0346302 0.00775853 1
0.0196155 -0.0217347 -0.197211 1
0.0219629 0.0531218 0.0833668 1
0.0108667 -0.0555536 0.135229 1
0.0151688 0.0239348 0.0352769 1
0.141249 -0.0984349 -0.164797 1
0.034708 0.0070335 0.0340491 1
0.0323715 -0.0524662 0.144313 1
0.0985209 0.0116885 0.0134913 1
-0.0696077 0.0577999 0.0508507 1
0.00723341 0.00695335 -0.0270325 1
0.0937697 -0.112497 0.0643553 1
-0.0875865 -0.0493675 -0.0287366 1
-0.014215 -0.0607178 0.519063 1
-0.0190446 -0.231604 0.120992 1
-0.00103096 0.000652633 -0.00182627 1
