# 1 = ball
# 2 = lepton
# 3 = photon
# 4 = PID > 100
# 5 = neutrino
# 6 = other
0.427213 0.290274 -2.42242 3
-1.29191 0.0499835 0.674167 4
0.295016 -0.0126951 -0.160599 4
1.61339 1.66239 0.191119 4
0.189847 1.15156 -0.427421 4
6.37061 5.03184 1.39827 4
1.09835 -0.425864 0.00909872 4
1.14164 0.950369 -0.778923 4
0.377478 0.211467 -0.201851 4
0.277841 -0.681318 0.0701947 4
-0.69451 -1.50442 1.0583 4
0.395433 0.56452 -0.445605 4
1.94076 2.17742 -0.433763 4
0.920027 0.398035 -0.573419 4
-0.148427 -0.00929241 -0.166991 4
-0.301389 -0.0672829 -0.65548 4
-0.0801247 -0.324868 0.314556 4
3.39915 2.92116 -0.416243 4
0.392224 0.211721 0.156843 4
-0.605708 -0.963267 0.233917 4
-0.35854 0.0355382 0.0525459 4
-0.363593 -0.159525 0.24466 4
0.318072 0.663138 0.0734225 4
0.405038 0.911734 0.322546 4
1.10423 0.785669 0.488144 3
1.18345 0.735055 0.391065 3
-0.0417721 -0.0478441 0.0115661 3
0.141064 -0.302487 0.177261 3
0.0704858 -0.138288 0.205386 3
0.248773 0.0626874 0.0352666 3
0.0228446 0.0538079 0.0500687 3
0.215118 0.19995 0.270613 3
0.0482318 0.133827 0.0532935 3
0.00543184 -0.0495301 -0.030024 3
-0.064911 -0.212479 0.136731 3
-0.30575 -0.181786 0.13072 3
-1.19953 -1.53472 0.572504 4
-0.793394 -0.715354 0.264138 4
-0.2184 -0.886341 0.373749 4
-0.752065 -0.520633 0.329273 4
-1.04626 -1.20828 0.298902 4
-0.140298 -0.211584 0.0969321 4
-0.0618573 -0.022667 -0.0718849 3
0.0247702 -0.14271 -0.0648509 3
-0.0547217 0.0586876 -0.0124719 3
-0.0613546 0.288905 -0.276899 3
-0.919902 0.0964956 -0.903624 4
-3.41023 -4.51367 1.07685 4
-1.30858 -1.00963 0.102803 3
-0.0427387 -0.0102308 -0.00935374 3
-5.35442 -1.39393 -1.1176 3
-1.30634 -0.340655 -0.204986 3
0.0402073 0.0163358 -0.0221045 3
0.724717 -0.204766 -0.0928638 3
-2.31736 -1.54352 -0.170634 4
-0.0952479 -0.287187 -1.05642 1
0.445756 -0.0981964 0.203624 1
0.477568 0.552844 -0.609104 1
0.0976837 -0.00375562 0.00457567 1
0.14079 -0.0582159 0.42014 1
0.147438 0.360512 0.192348 1
-0.34315 -0.324845 0.702092 1
-0.362676 0.249256 0.297114 1
0.759328 0.176158 -0.526582 1
0.26872 -0.043602 0.256283 1
-0.921474 -0.287729 -0.141928 1
-0.452097 -0.103419 0.0582026 1
0.0137179 0.0497127 -0.117406 1
-0.0331045 -0.234084 -0.0766424 1
-0.0806544 -0.136872 0.175622 1
-0.734048 -0.639684 -0.254535 1
-0.115891 0.389095 -0.525483 1
-0.447143 -0.0516305 -0.310421 1
-0.80468 -0.0957812 1.34929 1
-0.204491 0.33626 -0.192225 1
0.409846 0.30097 -0.271532 1
0.225179 0.491275 -0.102082 1
-0.214572 -0.0998083 -0.0165295 1
0.0575127 -0.0406442 0.00132184 1
0.172154 0.0110583 -0.139381 1
0.376792 -0.20812 -0.447825 1
0.0162144 -0.151252 -0.0556509 1
0.112698 -0.189378 -0.30025 1
-0.0503872 0.0456415 -0.0953579 1
0.432506 -0.195564 0.306757 1
0.0869425 0.0816132 0.202623 1
-0.447443 -0.157365 0.319722 1
0.130963 -0.0699578 1.11119 1
0.637161 0.285652 -0.572613 1
0.150779 -0.175876 0.00617459 1
