# 1 = ball
# 2 = lepton
# 3 = photon
# 4 = PID > 100
# 5 = neutrino
# 6 = other
-5.77229 4.09542 -25.0889 3
-0.0282561 -0.00584712 0.500216 3
-0.326935 -0.164898 -5.83822 3
-3.35236 4.8635 7.57226 4
2.46788 -4.38116 10.4091 4
0.0667522 -0.453228 0.689873 4
0.35862 -0.396243 1.67356 4
1.22361 -3.53011 8.03712 3
0.294655 -0.673243 1.61677 3
0.651351 -1.3182 3.03171 3
0.106033 -0.157155 0.495145 3
0.357431 0.132097 0.563606 3
0.0211147 -0.0131011 0.00387447 3
0.0355872 -0.430429 0.136589 1
-0.481954 1.06694 -0.340078 1
1.73241 0.774029 -0.144747 1
-0.848337 0.258013 0.280129 1
0.204481 -0.596749 0.249558 1
0.307515 0.534199 -0.178704 1
0.0613977 0.878937 0.109354 1
0.564038 -1.00376 -0.0948328 1
0.0572945 0.0751731 -0.271839 1
-0.0238137 -0.00999589 -0.0015659 1
0.488274 -0.0793643 -0.173067 1
0.717496 -0.0310164 -0.449595 1
-0.0114962 0.392543 0.233469 1
0.0754638 -0.386367 0.231969 1
-1.26476 1.05004 -0.381147 1
0.255305 0.0863265 -0.434505 1
-0.0665399 0.103816 0.23834 1
0.0768664 -0.198173 -0.0124302 1
0.672968 0.482378 -0.631469 1
0.141493 -0.0133933 0.112412 1
-0.11209 0.116618 -0.282677 1
0.129894 -0.314308 -0.747646 1
-0.0539584 0.200773 0.066255 1
-0.303281 0.221965 -0.33422 1
0.277564 -0.089198 0.163595 1
0.0383634 -0.0787028 0.105981 1
0.209428 -0.62103 -1.19631 1
0.164783 0.158815 -0.00854681 1
0.679306 -0.39663 -0.387551 1
0.282414 -0.304311 0.144622 1
-0.0660152 0.158945 0.325307 1
-0.00770847 -0.00392474 0.00718661 1
