# 1 = ball
# 2 = lepton
# 3 = photon
# 4 = PID > 100
# 5 = neutrino
# 6 = other
0.0919996 -0.0881129 0.0508218 4
-1.00907 2.13661 0.0823181 4
3.32125 -4.37357 1.10376 4
-1.07252 0.474228 -2.07554 4
-0.100617 1.49817 -0.321033 4
-2.30854 3.31949 -0.283553 4
-6.31534 6.78098 -1.09262 4
3.86142 -4.70291 1.03814 4
4.38793 -5.63789 0.718616 4
5.74375 -6.32439 1.12949 4
0.165824 -1.95838 0.010232 4
1.71176 -1.45321 0.306659 4
0.299586 0.0039696 0.294144 4
-5.35335 6.06789 -1.18829 4
-0.224949 0.0689308 -0.116532 4
-0.178653 1.01657 -0.331197 3
-0.414894 0.3211 -0.0696853 3
-0.442233 0.468026 -0.0834901 3
-8.7496 8.4099 -1.62291 3
2.56619 -2.55531 0.48657 4
0.738511 -0.779923 0.359867 4
0.298516 -0.06969 0.00159694 3
0.624073 -0.353896 0.029777 3
0.17625 0.355803 -0.229588 3
0.129152 0.172036 -0.243176 3
0.470558 -0.39312 0.0062226 3
0.104046 -0.0543761 -0.0535091 3
0.0300021 -0.0548621 0.0169474 3
2.05209 -1.89744 0.789995 3
0.138485 -0.087842 -5.41955e-05 1
-0.00994697 0.127562 0.236479 1
-0.283194 -0.0499896 0.316234 1
-0.00482451 -0.0107615 0.0368351 1
0.103581 0.455301 0.323738 1
-0.0165739 0.00269047 -0.00931566 1
-0.133302 0.0730746 0.0537986 1
0.022773 0.0691295 -0.0798334 1
0.0237266 -0.0142557 -0.0359745 1
-0.222348 -0.36456 -0.160784 1
0.0673957 -0.0489345 -0.116757 1
0.13266 0.0808415 -0.0445703 1
-0.488379 -0.771091 0.64891 1
0.0266175 0.00502137 -0.0525156 1
0.0197253 -0.0839139 0.0934746 1
-0.0361525 0.108389 0.0766533 1
0.0556521 0.112084 0.00172296 1
0.00097655 0.000642173 -0.00208215 1
