# 1 = ball
# 2 = lepton
# 3 = photon
# 4 = PID > 100
# 5 = neutrino
# 6 = other
-0.00128836 0.00188531 0.0774191 3
2.58029 0.110615 -0.737129 4
0.961273 0.816369 -0.269242 4
-7.87157 -1.65758 -6.43094 4
-19.159 -6.14473 -16.6677 4
0.838832 0.119611 0.0855866 4
2.51049 0.688248 2.79542 4
1.40679 0.0185911 1.36743 4
3.09225 1.01632 3.01437 4
2.53099 0.290188 2.00423 4
7.31328 2.31855 7.1447 4
-2.12463 -0.517677 -1.83137 4
-1.01745 -0.238791 -0.337978 4
-0.218617 1.17422 1.31885 4
-0.277966 0.401717 0.118838 4
3.28622 0.615919 2.56535 4
0.621632 0.186522 0.548586 4
3.11794 0.902143 2.91178 4
-0.332858 0.0501138 -0.565692 3
-0.118777 -0.00574314 -0.0837959 3
0.429239 0.461837 -0.294205 3
0.182717 0.140799 -0.032264 3
1.44889 0.369397 1.4932 3
0.473624 0.182165 0.436781 3
0.10536 -0.212376 0.0531058 1
-0.117436 0.0468038 -0.00481901 1
0.166339 -0.354833 -0.130723 1
0.115154 -0.0688817 -0.174659 1
-0.0023237 -0.00169599 -0.0136974 1
-0.0665259 -0.0487206 -0.00852482 1
0.0437383 0.145461 -0.0289446 1
-0.0849005 -0.013335 0.0449526 1
0.0717217 0.00547822 0.0137488 1
0.0293922 0.0758447 0.0575354 1
0.219808 -0.0482906 0.195006 1
-0.0388218 -0.300729 0.550259 1
0.0244742 -0.057692 0.00812293 1
-0.0174624 -0.177562 0.0640741 1
0.0159373 0.128375 0.115144 1
-0.216598 0.143814 0.133992 1
0.0145154 -0.221692 0.155067 1
0.0321582 -0.129255 0.0961516 1
-0.00985811 -0.0252518 0.0390582 1
-0.070464 -0.19449 -0.003448 1
0.114032 0.0062413 0.20855 1
-0.000530607 0.00210599 -0.00221456 1
