# 1 = ball
# 2 = lepton
# 3 = photon
# 4 = PID > 100
# 5 = neutrino
# 6 = other
1.96826e-06 -3.92535e-06 0.000411658 3
-0.48312 0.303926 0.428825 4
-1.26001 1.33817 0.876185 4
-0.00190696 0.695269 0.637031 4
0.457077 0.459671 -0.78309 4
0.557425 -0.701025 -0.408006 4
-0.0771233 -0.189638 0.365615 4
0.583 -0.513955 0.139717 4
0.59159 -0.313507 -0.690477 4
-1.12445 1.22572 -0.318711 4
-1.07838 1.57075 0.666426 4
-2.87957 2.94155 1.57297 4
-1.28131 1.70142 1.1544 4
0.0276209 0.353138 -0.753336 4
-0.118093 -0.487696 -0.126211 4
1.09207 -2.26007 -1.24195 4
3.60632 -3.8688 -1.40279 4
0.38461 0.569596 -0.427997 4
0.911225 -0.556699 -0.0502304 4
4.68882 -4.81218 -2.42878 4
1.44117 -4.43538 -2.27449 3
0.0584595 -0.164408 -0.0573891 3
0.206594 -0.946906 -0.200607 3
0.585762 -1.80077 -0.391303 3
0.948322 -0.532353 -0.10815 3
1.34317 -0.815642 -0.311042 3
-3.04435 3.18125 1.54034 3
-2.9002 3.21279 1.4663 3
-0.482902 0.574634 0.223784 3
-4.92118 6.19118 2.75878 3
0.104808 -0.041619 -0.318843 3
0.163972 -0.174286 -0.311041 3
0.85408 -1.04591 -0.269985 3
0.342401 -0.379902 -0.184536 3
0.439481 -0.37692 -0.274089 3
0.600972 -0.572173 -0.226676 3
0.193077 0.179369 0.0444671 1
-0.180221 0.233309 0.232813 1
0.175667 0.0894985 -0.316222 1
0.140497 -0.107041 -0.151823 1
0.103779 -0.0787977 0.0618634 1
-0.566173 -0.0201935 -0.0514717 1
0.218477 0.50492 -0.247624 1
0.066395 -0.0233476 0.129378 1
-0.088713 0.378257 0.451278 1
0.167228 0.896362 -0.136923 1
0.149376 0.00267692 -0.0588341 1
0.180931 -0.0855677 -0.21974 1
-0.179537 0.137706 -0.0838685 1
0.163543 -0.585282 0.258022 1
0.10299 0.12939 0.0481733 1
0.0698085 -0.0131652 0.031921 1
0.392408 0.203349 -0.118382 1
0.121249 0.803573 0.0843237 1
-0.4755 -0.0461156 0.269374 1
0.0595954 -0.74162 -0.135423 1
-0.412191 -1.06711 0.99873 1
0.0101933 0.850278 0.212097 1
0.208037 -0.155154 -0.502208 1
0.235501 -0.345538 0.257149 1
-0.447534 0.129144 0.412857 1
-0.0634432 -0.189359 -0.169559 1
0.456024 -0.330064 -0.0253063 1
-0.0999779 0.0990691 -0.19817 1
0.24766 -0.0639808 0.135227 1
-0.464628 0.433388 0.299468 1
-0.366552 -0.205668 0.135706 1
-0.377528 0.0931352 0.0256743 1
-0.105993 0.365 0.41024 1
0.409379 -0.650856 -0.330233 1
0.529541 -0.146188 0.049348 1
-0.21239 0.152693 0.567481 1
-0.667442 -0.351789 -0.471142 1
-0.029881 0.196498 -0.169697 1
