# 1 = ball
# 2 = lepton
# 3 = photon
# 4 = PID > 100
# 5 = neutrino
# 6 = other
-0.00159563 -0.00767996 -0.0599318 3
-1.17022 -1.6762 1.00251 4
-0.689443 -0.313651 0.717292 4
-3.20813 -2.66105 0.671982 4
-0.812801 -0.419106 -0.264548 4
0.188089 0.0719265 0.10885 4
0.466274 0.426796 -0.862476 4
0.65206 0.453267 -0.612092 4
2.34597 4.45198 -2.88059 4
0.297514 0.412584 -0.164286 4
0.899208 -4.12592 3.01345 4
-0.126049 -1.45689 0.649459 4
0.270231 -0.373129 0.477257 4
0.306451 -1.23032 0.599909 4
-4.36394 -3.68977 2.32961 4
-0.37298 -0.517803 0.05418 4
-3.24847 -1.76865 1.49095 4
-1.03323 -0.610836 0.610175 4
-0.456151 0.0428195 0.586059 4
0.36377 0.225994 -0.192405 4
-0.420382 0.43786 -0.825521 4
0.639798 1.69993 -1.00893 4
0.324732 0.158279 -0.276 4
0.294629 0.545126 0.00299641 4
3.06829 4.73469 -2.27578 4
4.6783 7.99896 -3.59234 4
2.52802 3.43106 -1.91787 4
0.482159 -1.165 1.00296 3
0.232051 -0.583845 1.11129 3
0.138906 -0.800155 0.279967 3
-0.029181 -0.087867 0.0386298 3
0.0607411 0.2233 -0.00928288 4
0.158902 -0.135026 -0.108695 4
0.0940368 0.10612 -0.0306825 3
0.459133 1.01848 -0.425137 3
0.213629 0.410941 -0.312999 3
0.143289 0.555194 -0.482287 3
0.326174 -1.65614 1.01846 3
0.187304 -1.28167 0.667559 3
-0.107778 -0.193115 0.159404 3
-0.0523863 -0.270103 0.373305 3
-1.38378 -0.956343 0.0946119 3
-0.447767 -0.220738 0.0352953 3
-0.679218 -0.325916 -0.0712309 3
-0.492166 -0.303413 0.0468062 3
0.00561766 0.122332 -0.0296291 3
0.104964 0.25199 -0.272542 3
-0.214575 0.0413009 0.0866684 1
0.0273221 -0.0322047 -0.0579113 1
0.0310409 -0.347618 -0.295076 1
0.00566542 -0.0283971 -0.0374342 1
-0.209484 0.0410522 0.0151883 1
0.0034001 0.019654 0.148914 1
-0.0166053 0.0837604 0.0415514 1
0.00130581 0.00633794 -0.0377539 1
-0.0732047 0.0929064 -0.0551428 1
-0.059122 0.105098 0.171552 1
-0.262703 0.133148 0.0859687 1
-0.0383712 -0.0395784 0.00735301 1
-0.143719 0.0879141 -0.0123569 1
0.0396985 0.103316 0.0697064 1
-0.058257 -0.127381 -0.0965942 1
0.144522 -0.0383384 0.0198394 1
-0.15766 -0.0200956 0.117726 1
0.135153 -0.208467 -0.0300055 1
0.0474764 0.0757933 0.0631244 1
0.00954061 -0.00727502 0.00528929 1
0.0421445 -0.0617864 0.00341336 1
0.0976401 -0.0196621 -0.0576266 1
-0.101133 0.119993 0.0333585 1
-0.0359264 0.118862 -0.00459246 1
0.0332541 -0.00978034 0.0336832 1
-0.113724 -0.200971 -0.107917 1
-0.0749101 -0.161584 0.00463163 1
-0.457119 -0.355806 -0.185196 1
-0.0843085 -0.0790427 0.0377407 1
-0.23942 -0.0448173 0.0644214 1
0.0506274 -0.0527985 0.179187 1
0.00356294 0.0931173 -0.0418109 1
-0.0775152 0.00279514 0.0607039 1
0.245131 -0.00805965 -0.149065 1
0.200274 -0.138915 0.0713916 1
-0.0662348 0.0117104 0.0646837 1
-0.14235 0.049669 0.0010538 1
0.243784 0.108102 -0.242117 1
0.208803 -0.0790956 -0.0840194 1
-0.0263747 0.00086531 -0.0203658 1
0.0746365 -0.020848 -0.055296 1
0.134634 -0.0617842 -0.0647885 1
0.0252945 -0.00877236 -0.0376367 1
0.013226 -0.091621 -0.182149 1
