# 1 = ball
# 2 = lepton
# 3 = photon
# 4 = PID > 100
# 5 = neutrino
# 6 = other
-0.000633185 -0.00271813 -0.059735 3
0.514401 0.497424 -1.36479 4
-0.333792 0.772459 1.63864 4
-0.152417 0.0261595 0.12169 4
-1.02979 0.577575 -0.807312 4
-0.482996 -0.0940786 0.181575 4
-0.487425 0.255666 -0.556251 4
0.0944442 0.00214126 -0.188431 3
0.0582557 0.467933 0.309368 3
-0.00871417 0.0125812 -0.0117079 3
-0.00374663 0.178984 -0.750741 3
-0.250845 -0.189235 -0.269607 3
-0.50467 0.0224618 1.26228 3
-0.580708 0.0658667 1.88026 3
-0.121624 0.0397152 0.0214642 3
-0.238801 0.316431 0.064946 3
2.60608 -1.55857 -7.62859 4
4.69734 -2.53194 -9.21734 4
-0.273077 0.0147046 0.921744 3
-0.194954 0.0787637 0.956949 4
-0.167826 0.100521 -0.0207949 3
-0.110989 0.15669 0.0890076 3
-0.0689464 -0.0366913 0.0365034 3
-0.388637 0.104172 0.100626 3
-0.131677 -0.00590871 0.0579648 3
-0.0777558 0.0143954 -0.0699939 3
0.414565 -0.176166 -0.802096 4
1.68093 -0.597622 -4.05696 4
-4.09623 1.80386 10.2598 4
2.84564 -0.94505 -6.32763 4
0.627496 -0.280022 -0.857432 4
0.0271714 0.0214377 -0.0298603 3
0.771431 -0.0550408 -1.13506 3
-2.17877 0.469596 5.17696 4
-0.203506 0.280319 0.709031 4
-0.367572 0.054589 1.56105 3
-0.00648579 0.0264892 0.0527829 3
-0.985238 1.46582 5.51896 4
-0.721056 -0.0688684 4.62167 3
-0.483685 0.0343417 2.64147 3
0.546854 -0.266402 -1.59691 4
0.845156 -0.566524 -1.64941 3
0.253133 -0.17491 -0.655408 3
0.0583785 -0.0810962 -0.00525891 1
-0.000802737 -0.0432139 -0.058661 1
0.0328791 0.0311834 -0.0359104 1
-0.277062 0.0936173 -0.0825707 1
-0.00746678 -0.0042243 -0.0137803 1
-0.128413 0.192299 0.081797 1
-0.113204 0.0140629 -0.097786 1
0.0303976 0.0443489 0.0213892 1
-0.0467167 -0.051499 -0.0933964 1
-0.128411 -0.129471 0.0481644 1
-0.115766 -0.157421 0.0732836 1
-0.332451 0.0945319 -0.207055 1
-0.0189496 0.01804 0.027326 1
-0.257652 0.0127735 0.010093 1
-0.0525705 0.022571 0.0362525 1
-0.123284 -0.0268058 -0.0387147 1
-0.148712 -0.0749407 0.104876 1
-0.0835265 -0.24346 0.0105452 1
0.0177511 -0.0122707 -0.0182935 1
0.245612 -0.316083 -0.0252128 1
0.130997 0.21117 0.0163685 1
-0.0398081 0.051794 0.0690707 1
0.0284562 0.0427512 0.0488243 1
