# 1 = ball
# 2 = lepton
# 3 = photon
# 4 = PID > 100
# 5 = neutrino
# 6 = other
-13.5814 -3.28112 -13.7529 4
-0.506613 -0.280954 -1.28671 4
0.114977 -0.412164 -0.207577 4
0.831186 -0.0378572 -0.822059 4
2.31735 -1.79357 -1.07597 4
-0.1824 0.487874 0.328256 4
2.09575 2.75263 3.85718 4
2.05216 1.80937 3.56061 4
0.257488 0.135114 0.393498 4
2.95417 3.30506 4.81839 4
0.24067 0.42581 0.569177 4
4.55073 4.94739 9.26373 4
-1.13424 -0.499737 -1.70802 4
-1.93904 -0.634937 -1.25468 4
-1.01626 -0.0229222 -0.723223 4
0.949902 -0.478918 -0.774543 4
0.449539 -0.21065 -0.00564025 4
-1.79398 -0.418828 -1.31702 3
0.225089 -1.21504 -0.00306826 3
0.134199 -0.0225586 -0.0990551 3
-0.0286212 -0.270826 -0.140457 4
0.103445 -0.189889 0.0984001 4
0.299036 -0.300336 0.0611882 3
1.76585 -1.36814 0.203892 3
1.29809 0.130243 1.93151 4
0.112385 0.0205353 0.272892 3
0.122795 0.0665168 -0.0414078 3
0.10865 0.0368049 0.0894996 3
0.236984 0.209191 0.653433 3
-0.00153581 0.0794281 0.191612 3
-0.649089 -0.00216783 -0.59204 3
-0.621929 -0.134857 -0.572318 3
-0.999387 -0.264538 -1.57167 3
-0.0913113 -0.0510405 -0.104709 3
0.115178 -0.30518 -0.0305498 3
0.446674 -0.808475 0.0977875 3
-0.0996588 -0.185065 0.119606 1
-0.0195055 -0.0293728 -0.138424 1
0.0760398 -0.159479 -0.0273807 1
0.0250443 0.00518489 0.0370096 1
-0.168915 -0.238975 -0.174747 1
-0.00096195 -0.0328575 -0.0581435 1
-0.0969143 -0.0224664 0.0738237 1
-0.00622283 0.0356797 -0.0146409 1
0.158899 -0.0301579 -0.167257 1
0.0647754 -0.0257298 0.0140071 1
-0.59851 0.349993 0.154981 1
0.154393 -0.00137624 -0.529566 1
0.13245 -0.0360287 0.0964392 1
0.0192968 -0.096126 -0.150932 1
-0.0620419 0.0906871 0.0350698 1
-0.0552025 -0.0292802 -0.109004 1
-0.0947592 0.0774053 0.073529 1
0.0247072 0.0362096 -0.0223708 1
0.440612 0.0988209 -0.0413178 1
0.133874 0.0340861 -0.0834095 1
0.0855089 -0.0506896 -0.0609687 1
-0.055464 -0.0418407 0.339694 1
0.134698 -0.54169 0.165225 1
-0.0166391 -0.266897 0.154893 1
0.163614 -0.4262 0.188245 1
0.17258 -0.115491 -0.0510272 1
0.1234 -0.0984718 -0.141237 1
0.0963461 0.077191 -0.00245475 1
0.110865 0.048378 0.120677 1
0.0190234 -0.0262395 -0.049019 1
-0.022503 -0.0576957 -0.0217151 1
0.0611433 0.0178876 0.019541 1
0.0299009 0.244291 0.039957 1
-0.0206942 -0.0225797 -0.020196 1
-0.176961 -0.05949 -0.441171 1
-0.0536323 0.0508546 0.16389 1
0.0862377 0.0238469 0.200406 1
-0.00131236 0.00240857 0.000528477 1
