# 1 = ball
# 2 = lepton
# 3 = photon
# 4 = PID > 100
# 5 = neutrino
# 6 = other
-0.000429525 -0.000923631 -0.0031075 3
1.25253 1.16105 -1.19674 3
-8.86285 -10.5699 11.0132 5
-6.20418 -7.51603 8.74736 4
7.32983 7.8238 -8.48646 5
0.497144 0.75219 -0.614753 4
8.42099 9.61043 -9.62559 4
0.915092 0.958067 -0.716377 4
-1.14564 -1.15171 1.71487 3
-1.81995 -2.00454 2.68213 3
-0.365273 0.110469 0.0582276 1
-0.465016 -0.0362417 0.289779 1
-0.243394 -0.542643 -0.955107 1
0.1116 -0.14969 0.042065 1
-0.0136167 0.577955 -0.124682 1
-0.107852 -0.132693 0.201393 1
1.09314 -0.351185 -0.328829 1
1.3181 -0.173554 -0.127928 1
0.130205 -0.0306394 0.228441 1
0.0113866 -0.216127 -0.206038 1
-1.63491 -0.533653 0.571575 1
0.204999 -0.182449 0.125517 1
0.390074 0.156782 0.0897538 1
-0.269031 -0.248161 0.196331 1
-0.0859599 -0.0171457 -0.256554 1
0.247446 -0.0697287 0.210355 1
-0.752369 1.31329 -0.43491 1
-0.421396 0.255952 -1.05271 1
0.271226 -0.0540787 0.26601 1
1.33915 1.288 -0.342176 1
-0.214144 0.630381 -0.994592 1
-0.936522 0.0310042 0.519709 1
0.315895 -0.789952 -0.38284 1
-0.233532 -0.692952 -0.44006 1
-0.072746 0.794612 -0.667277 1
