# 1 = ball
# 2 = lepton
# 3 = photon
# 4 = PID > 100
# 5 = neutrino
# 6 = other
-0.000249313 -0.00076097 -0.00568681 3
-3.87076 0.219649 -1.73628 4
-8.1889 -0.729259 -3.36985 4
-1.32608 0.775149 -0.444306 4
-1.30222 -0.213786 -0.649734 4
2.28244 0.0102573 0.36631 4
3.13997 -0.368095 1.62542 4
-1.52984 0.303234 -0.999387 4
-0.455926 0.21671 0.111495 4
0.147788 0.394168 0.278277 4
0.593191 -0.00701918 0.265246 4
0.948639 0.968566 0.540849 4
1.03043 0.0849464 0.488572 4
-6.92264 -0.505843 -2.51759 4
-10.8605 -1.31012 -6.20702 4
0.116855 -0.262302 -0.263322 4
-0.0207753 -0.317861 -0.0188473 4
-0.150463 -0.00781174 0.0801356 3
-0.298573 0.0823209 -0.0065642 3
0.149663 0.0640984 0.0347948 3
0.0857889 -0.00475396 -0.0753253 3
1.66836 0.274317 0.841995 3
0.43163 0.00241184 0.222587 3
-0.0212111 -0.0212874 -0.00114292 3
0.0765799 0.118901 0.0785186 3
0.434546 -0.00209001 0.164507 3
0.260131 -0.107045 0.092445 3
0.447294 -0.205591 0.387336 3
0.332076 -0.0591195 0.179603 3
0.434796 0.0437562 0.233105 3
0.209082 -0.0720088 0.100834 3
7.64736 0.071516 3.83061 4
6.04655 0.383255 2.13942 4
5.03237 0.141055 2.39701 3
4.29488 0.189915 1.9328 3
0.0581241 0.063655 0.0239261 1
-0.210919 0.28795 -0.0144859 1
0.104953 0.137227 0.0172351 1
0.0652975 0.150772 -0.139181 1
0.0285982 0.0838833 0.0568625 1
-0.196576 -0.0470366 -0.153382 1
0.0181581 0.00846388 0.0152348 1
-0.0045268 0.018128 -0.0392298 1
0.340478 -0.300686 0.00372749 1
0.0504439 -0.0875741 0.394043 1
-0.126431 0.300721 0.21085 1
-0.427194 0.00056484 -0.0626414 1
-0.150023 0.241037 0.144769 1
0.0362063 -0.319345 -0.0874457 1
-0.036426 -0.000384926 -0.00592549 1
-0.0630738 -0.153468 0.0309776 1
-0.188898 -0.00726775 -0.252153 1
0.00158531 -0.0913847 0.0589964 1
-0.0868374 -0.184054 0.0341312 1
0.127286 0.0225485 -0.108871 1
-0.0886464 0.122404 0.139991 1
-0.143344 0.116069 -0.000838735 1
0.0314915 -0.0161157 -0.112821 1
0.0305256 -0.255726 -0.127333 1
0.0459334 -0.146753 0.075314 1
-0.000273881 -0.00286049 -0.00259906 1
0.0139882 -0.0107088 -0.0299326 1
-0.0929587 -0.481132 0.402485 1
0.0362545 0.0398697 -0.018866 1
-0.034034 -0.122543 -0.101289 1
0.0859561 0.231583 -0.0633684 1
0.141271 0.554522 -0.0581899 1
-0.130242 -0.0323836 -0.0683929 1
-0.167147 -0.199188 -0.320779 1
-0.017376 -0.0327957 -0.0109073 1
0.0846715 -0.0377183 0.0731008 1
0.00148203 0.000256914 0.00016642 1
