# 1 = ball
# 2 = lepton
# 3 = photon
# 4 = PID > 100
# 5 = neutrino
# 6 = other
-0.0010492 -0.000479481 -0.00133758 3
-6.6129 1.15229 -1.53836 4
-18.5453 1.55393 -3.48254 4
-7.061 0.83064 -1.30679 4
2.24003 -0.227323 -0.102875 4
2.71465 -0.233446 1.68312 4
1.98015 -0.301796 -0.0627398 4
0.697578 -0.163589 0.208396 4
-1.27782 -0.314527 -1.14851 4
-0.729092 0.32978 -0.172353 4
-0.38411 0.0640767 0.38524 4
0.320579 0.0573759 -0.132844 4
0.569554 0.456758 0.396838 4
2.25587 -0.544145 0.45123 4
1.57642 -0.311894 0.261418 4
12.6895 -1.09567 3.11979 4
-0.0786335 0.0295058 -0.0333358 3
-2.11362 0.0877353 -0.956673 3
-0.0708568 -0.00305417 0.00200675 3
-1.68196 -0.7478 0.0877445 3
1.39507 -0.107114 0.296068 3
2.92597 -0.0289994 0.617552 3
5.91786 -0.94527 1.84765 3
2.56052 -0.386963 0.708803 3
0.0281681 -0.180764 0.0476461 3
-0.0811046 -0.103512 0.0847272 3
-0.246407 0.0180964 -0.207374 1
0.024798 -0.136974 -0.773927 1
0.274885 -0.0612214 0.135046 1
0.0984742 -0.230657 0.31262 1
0.19597 0.428542 -0.0183274 1
-0.0359783 0.0569324 -0.0329066 1
-0.139231 0.743807 -0.102117 1
0.0314819 0.272015 0.17085 1
-0.292736 0.0391005 -0.222116 1
-0.285766 -0.637976 0.500315 1
0.0147064 -0.417111 -0.00656446 1
0.101428 -0.194777 -0.597654 1
0.0970214 -0.0364492 -0.502513 1
0.994561 0.870862 -0.47774 1
-0.0740836 0.787916 0.312003 1
-0.0388383 -0.0817826 0.0364933 1
0.132324 -0.194135 0.17347 1
-0.155567 -0.194661 -0.0777715 1
-0.00191897 0.00384244 -0.00696195 1
0.00719548 0.0287792 0.156132 1
0.0631788 0.0701023 -0.03082 1
