# 1 = ball
# 2 = lepton
# 3 = photon
# 4 = PID > 100
# 5 = neutrino
# 6 = other
-0.108835 -0.193058 11.4619 3
-0.000485891 -0.000195056 -0.000272643 3
0.000645308 -0.000257401 -0.0278831 3
-0.394475 -0.299918 -0.127978 4
0.336793 0.673797 -0.155418 3
-0.0822776 0.357453 -0.209148 4
0.0825589 -0.0341471 -0.183417 4
-0.225757 0.00975441 -0.709689 4
-0.147304 -0.241906 -0.286497 4
-0.896643 -1.03895 -0.0778103 4
-0.434099 -0.271881 -0.189531 4
2.69454 2.64059 -0.0436598 4
8.20914 8.64527 -0.541116 4
1.1748 1.2566 0.108697 4
1.49473 1.16966 -0.424487 4
0.0357689 0.0299705 0.00940698 3
-0.0378839 -0.0779405 0.102256 3
-0.0851609 -0.0950542 -0.0271576 3
-0.28059 -0.0524372 -0.149651 3
-0.229847 -0.47776 -0.163472 3
-0.244105 -0.311714 -0.208179 3
-4.40824 -5.23285 -0.980306 4
2.83403 3.11654 -0.560007 4
1.45331 1.26505 -0.127064 3
1.36896 1.15627 -0.246236 3
-7.63746 -7.90963 -2.03249 4
-0.459621 -0.363957 -0.14661 3
-0.0606995 0.00199022 -0.0277571 3
-1.0553 -1.09681 -0.384312 3
-3.67323 -3.58797 -1.10144 3
-0.112331 -0.10649 -0.254 1
0.964957 0.546422 0.0458365 1
-0.10692 -0.00390407 0.405356 1
-0.269494 0.246195 -0.142601 1
0.238939 -0.0972008 -0.202151 1
0.216981 -0.100534 -0.63471 1
2.2215 -1.02733 -0.770862 1
-0.0111583 0.001304 0.0704226 1
-0.0599505 -0.0609436 -0.119512 1
-0.280866 0.921263 -0.150389 1
0.0489873 0.138719 0.474734 1
0.185564 0.0815364 -0.426335 1
-0.105464 -0.67461 -0.137493 1
-0.192738 0.714633 -0.453506 1
0.422138 -0.140869 0.0680695 1
0.0452031 0.083075 -0.00810052 1
0.369678 0.00177961 -1.20425 1
0.167339 0.0817629 0.854949 1
-0.0691171 -0.187995 0.261359 1
-0.0545074 0.254184 0.162681 1
0.0256211 -0.00425087 -0.0328472 1
-0.655911 -0.199802 -0.0545156 1
0.186172 -0.502316 0.015271 1
-0.215259 -0.0377004 -0.24667 1
-0.0656603 -0.0377702 -0.0531855 1
0.0938266 0.595303 -0.00871942 1
-0.0861264 0.0768457 -0.054187 1
-0.05394 -0.10275 -0.0630087 1
0.125605 -0.0476637 0.16829 1
-0.149916 -0.0301321 0.000701948 1
0.0393591 -0.0658725 -0.367495 1
-1.11602 0.569008 0.123949 1
0.0392372 0.0523853 -0.082059 1
-0.500957 0.294476 -0.189292 1
-0.0378791 -0.251944 0.069236 1
-0.468625 -0.0134507 0.379348 1
-0.0015226 -0.00188865 0.00499997 1
