# 1 = ball
# 2 = lepton
# 3 = photon
# 4 = PID > 100
# 5 = neutrino
# 6 = other
-1.30245e-07 2.42324e-06 0.000189567 3
0.0570477 0.442665 -0.106467 4
-0.328468 0.632517 1.3551 4
0.891175 -0.521014 -0.964528 4
0.910049 -0.520572 -1.33946 4
0.835924 -1.10667 -2.0396 4
0.71639 -0.549192 0.119299 4
0.530603 -1.00904 -0.548815 4
-0.37183 0.468283 0.585102 4
-0.195881 0.369575 0.359151 4
-5.09443 5.59551 6.45 4
8.27086 -12.6103 -14.2943 4
-0.260102 0.174718 0.0412253 4
-0.493681 3.0807 3.36465 4
-0.876188 2.3937 1.97344 4
0.706224 -0.899029 -0.155137 4
-0.307687 1.83836 1.61837 4
1.03979 -1.54495 -2.08267 3
2.45983 -3.2991 -4.56072 3
-3.74125 3.66607 4.24734 4
-1.05738 0.929063 1.23496 4
0.571855 -0.239108 -0.41684 3
0.64805 -0.418151 -0.443353 3
-3.36883 2.83269 3.3511 3
-1.59767 1.32777 1.69878 3
-0.0992221 -0.0252032 -0.113408 1
-0.0158853 0.0733002 -0.0112267 1
0.0012015 0.00221923 -0.00158547 1
0.179228 0.154782 0.246559 1
0.0616753 -0.0357294 0.100797 1
-0.0478562 -0.182582 0.184163 1
-0.0123088 0.0283375 -0.0325233 1
0.078965 0.0632577 -0.213534 1
0.311279 -0.336323 0.326934 1
-0.0155173 -0.0133584 0.00953324 1
-0.11613 -0.0895817 -0.246537 1
-0.0701237 -0.409308 0.0670749 1
-0.00231534 -0.0522976 0.0175106 1
0.212238 0.0271661 0.0475248 1
-0.240729 0.0796434 -0.110042 1
-0.0266235 -0.0886566 0.0659708 1
-0.118047 0.0372214 -0.0274354 1
-0.123487 0.0451317 0.0127468 1
0.0342469 -0.0389131 -0.132639 1
0.0105319 0.100211 -0.00720927 1
0.0405846 -0.130712 0.228019 1
0.020633 0.0181879 -0.000668685 1
0.0929547 0.243287 0.112424 1
0.0322424 0.192759 -0.136747 1
0.263187 0.13616 -0.387043 1
0.0275959 0.0384112 0.060439 1
0.10933 0.0911031 0.0308246 1
-0.144309 0.0117416 -0.132091 1
-0.382747 -0.182829 0.111892 1
0.0364095 -0.218755 0.0658776 1
0.0189163 -0.194305 -0.239665 1
0.00698574 -0.0968321 0.290464 1
0.0480535 0.0365715 0.178224 1
-0.110186 -0.0459561 -0.0969276 1
-0.146665 -0.137734 0.0840754 1
-0.111481 0.0659334 0.136943 1
0.27505 -0.232478 0.0644316 1
-0.0219807 0.0298964 0.000945867 1
-9.55677e-05 0.00177806 -0.000950765 1
