# 1 = ball
# 2 = lepton
# 3 = photon
# 4 = PID > 100
# 5 = neutrino
# 6 = other
-0.00327885 0.000773413 -0.029527 3
1.74236e-07 1.51145e-06 0.000124275 3
0.405037 0.630693 -0.377745 4
-2.09144 -3.42493 0.915541 4
-0.848505 -0.900782 0.266497 4
0.560351 0.389169 0.188282 4
0.0315777 -0.178088 0.271543 4
0.0507896 0.102226 -0.0680923 3
1.55014 2.22876 -0.482293 3
0.288408 0.424498 -0.0323333 3
2.0655 0.724189 -0.116 3
1.92705 0.635928 0.0169316 3
0.150898 0.368353 0.288664 3
-0.0212082 0.0407455 0.00657775 3
0.259455 -0.0198047 -0.098376 3
0.14951 -0.120747 -0.0510964 3
-0.513021 -0.973283 0.163547 4
1.13231 1.07743 -0.46555 3
0.451467 0.42713 -0.097853 3
0.313789 0.452405 0.812857 3
0.0337573 0.181026 0.29373 3
0.169737 0.108602 -0.115686 4
-2.11876 -2.19019 0.401489 4
1.94296 2.72975 -0.613592 4
0.444648 1.61294 -0.430367 4
0.679094 1.48151 -0.176061 4
0.936879 1.10512 -0.403637 4
1.59567 2.79561 -0.881901 4
1.61182 2.95438 -1.01721 4
-3.86213 -5.18817 0.817125 4
-3.16781 -4.60072 0.774253 4
-1.49478 -2.50974 0.69732 3
-0.0644451 -0.0651505 0.0311272 3
1.39506 2.40992 -0.86275 4
0.29304 0.394367 -0.0457212 4
0.383139 0.818934 -0.172798 3
0.00923869 -0.00421497 -0.00256425 3
0.507449 1.14741 -0.323476 3
0.238383 0.38196 -0.0652597 3
-0.175516 -0.176056 0.108661 3
-0.25506 -0.227979 -0.0106308 3
-3.28549 -4.75377 0.610803 4
-0.67176 -1.31315 0.0594336 4
-1.81752 -2.09622 0.477391 4
-0.0364181 -0.0063949 0.00778881 3
-0.0841151 -0.349578 -0.0714506 3
1.14819 2.70292 -0.781091 4
0.140776 0.167862 -0.0169218 3
0.266126 0.700304 -0.0541173 3
0.760509 1.38876 -0.253744 3
0.624343 1.40264 -0.288382 3
0.0549623 0.0900545 -0.0666417 3
0.865458 1.73573 -0.612643 3
-0.200908 -0.142228 0.0672725 3
-0.130948 -0.242515 0.00654209 3
-0.800992 -0.933951 0.334748 3
-0.368436 -0.486827 0.0769272 3
-0.813805 -1.13933 0.317695 3
-0.490995 -0.72583 0.0929812 3
-0.678343 0.538036 -0.26217 1
-0.175123 -0.447606 0.0283411 1
-0.0967366 0.104694 0.135564 1
0.629459 -0.689764 -0.337607 1
-0.336206 -0.0748002 0.0878175 1
-0.134363 0.284616 -0.047508 1
-0.0237106 -0.248799 0.203836 1
0.694853 -0.508826 1.17141 1
