# 1 = ball
# 2 = lepton
# 3 = photon
# 4 = PID > 100
# 5 = neutrino
# 6 = other
0.00800122 0.00957118 -0.0927094 3
-0.981453 0.802362 0.26415 4
-1.55382 1.14524 -0.30668 4
-0.0272762 0.976735 -0.408251 4
-0.504564 0.674251 -0.401774 4
-0.284254 1.03457 -0.43495 4
-1.51644 7.10522 -3.99525 4
-0.912071 -0.339294 0.284217 4
-0.390572 -1.25466 0.284721 4
0.397848 -2.17964 -0.563907 4
4.1477 -1.62525 1.87423 4
-1.12689 0.840653 0.248727 4
-0.459754 1.03265 0.0694207 4
-0.410982 1.68926 -0.873195 4
-0.183278 0.904052 -0.27916 4
0.459754 0.805351 -0.377058 4
-0.119799 0.740411 -0.741467 4
0.115072 0.304593 -0.155788 4
-0.843141 -0.482236 0.688458 4
-0.644077 -5.46768 0.0715446 4
0.0323468 -0.0624361 0.0719858 4
-0.27906 -1.08585 -0.404219 4
-0.576367 -1.85573 0.239789 4
1.69605 -0.790434 1.19363 4
2.21531 0.023345 0.485141 4
2.07371 -0.57469 0.68373 4
1.04262 0.124832 0.616264 4
-0.475239 2.15976 -1.69406 4
-0.132103 -0.624243 0.23322 3
-0.309886 -0.950849 0.228659 3
0.360534 -3.44818 -0.482155 4
-0.0543553 -0.22648 -0.0152034 3
1.86336 -1.15701 1.44712 4
0.271594 -0.110407 0.153125 3
0.579408 -0.0462665 0.19909 3
2.00673 -0.413047 0.678837 3
-1.21105 1.29075 0.635675 3
-2.08373 2.47411 1.10132 3
-0.0582281 0.0217257 -0.155174 3
-0.112185 -0.0422904 -0.0419413 3
-0.0392514 0.0268978 0.0278809 3
-0.125288 0.613504 0.213812 3
-0.434259 0.467798 0.2134 3
-0.107838 0.158006 -0.00498281 3
-0.0628015 -0.270989 0.0975229 3
-0.0311894 -0.696439 0.434984 3
-0.377422 -1.37421 0.259739 3
-0.0248244 -0.0220064 0.0146288 3
0.0741371 -2.78432 -0.342272 3
0.00501125 -0.234893 -0.0688876 3
-0.0924828 0.33308 -0.243414 3
-0.0566008 0.0662181 -0.00179518 3
-0.0136214 0.192153 -0.0635463 3
-0.242529 0.812799 -0.515829 3
0.011102 0.192915 -0.0366835 3
-0.148419 1.01483 -0.436879 3
-0.563253 0.634599 0.0336467 1
-0.0311309 -0.0614445 0.0508496 1
0.16028 0.264235 -0.187491 1
-0.0824969 0.318502 0.0850953 1
0.823805 0.503053 -0.0930178 1
-0.0173438 -0.00769541 0.105233 1
0.389648 -0.125039 0.192756 1
0.259895 -0.576375 -0.509171 1
-0.259772 0.595412 0.0528215 1
0.117815 0.0175182 -0.221793 1
0.176836 0.022892 0.222927 1
-0.0607619 -0.669504 0.646176 1
0.233659 0.157419 0.105366 1
-0.0543629 0.0509048 -0.270623 1
-0.576027 -0.859392 0.361785 1
-0.648478 -0.237186 -0.778598 1
-0.192362 -0.142974 0.386721 1
-0.029737 0.197107 -0.0602644 1
0.000607062 -0.000140758 -0.000210061 1
