# 1 = ball
# 2 = lepton
# 3 = photon
# 4 = PID > 100
# 5 = neutrino
# 6 = other
0.117848 0.113256 0.561873 3
-1.90096 -1.16958 -2.93895 4
-2.16371 -1.69944 -3.59727 4
-3.62315 -1.69618 -4.7982 4
-2.22346 -1.24086 -2.82362 4
-0.40859 -0.423133 -0.0580044 4
-0.121079 -0.00441282 0.335165 4
0.333573 0.42109 0.477029 4
0.163369 0.063323 0.671644 4
0.902391 0.3793 1.25883 4
-0.1792 0.032106 -0.349893 4
0.322777 0.321917 0.0935786 4
-0.142653 0.187531 -0.182463 4
0.398946 0.596959 -0.136565 4
1.39339 0.80953 1.39403 4
2.33457 1.97162 2.51865 4
-3.18785 -2.14342 -5.3612 2
-2.08344 -1.4427 -2.47351 5
-0.809627 -0.654869 -1.59275 4
-0.610119 -0.226236 -1.15198 4
0.103699 -0.0461162 -0.0225785 3
0.00896317 -0.148541 -0.0309294 3
0.137033 0.0013417 0.106262 3
0.229021 0.155515 0.366464 3
0.650689 0.178034 0.920648 4
1.60474 0.677569 2.05521 4
0.0282514 -0.127945 -0.227864 3
0.124316 -0.471298 -0.428964 3
0.0834226 -0.184122 -0.050404 3
0.190854 -0.18101 0.0506604 3
-3.08498 -1.0258 -3.70645 4
-0.0780968 -0.0627034 -0.0932525 3
-0.351959 -0.161591 -0.789941 3
6.04174 3.69319 9.48493 4
2.40425 1.70469 3.71842 3
0.597837 0.359567 0.945106 3
2.44464 1.37828 3.85081 3
1.01027 0.484905 1.46616 3
-0.16562 0.141863 -0.0673686 1
-0.00947986 0.00657267 0.105401 1
0.1258 -0.299578 -0.0621886 1
0.205093 -0.0172041 0.0737198 1
-0.113741 -0.0780171 -0.0485704 1
0.0718409 -0.0976035 0.0178858 1
-0.0694545 0.0282196 0.00772302 1
-0.0554684 0.123988 0.0345735 1
-0.0277275 0.04498 0.0749705 1
0.0615464 -0.0473963 -0.234071 1
0.0467656 -0.0479743 -0.129012 1
0.0414913 -0.160625 0.014431 1
0.159633 0.224309 0.186233 1
-0.0229455 0.0451406 -0.006765 1
0.00961823 -0.0704871 0.0641552 1
0.0320016 -0.00869804 0.0411225 1
-0.0282264 0.127614 -0.142337 1
-0.0415089 0.0094204 -0.0563719 1
-0.00105461 -0.0925793 0.0491779 1
-0.0246984 0.00963523 0.00716165 1
0.0549963 0.00148217 0.0538317 1
-0.00167978 0.00204984 0.0140152 1
0.0488137 0.0154888 0.11863 1
-0.0852743 0.0263363 0.208042 1
-0.0838733 0.248802 0.170473 1
-0.143751 -0.189397 0.639629 1
-0.251255 -0.0885794 -0.0413024 1
-0.21947 -0.421648 -0.117664 1
0.0345173 0.068017 -0.168467 1
-0.0734249 0.0526142 -0.280553 1
0.0260008 0.107255 0.0730529 1
-0.0404877 -0.0171372 -0.0263806 1
0.306328 -0.116032 -0.237402 1
0.0786353 0.0382886 0.287146 1
-0.020403 0.0456676 0.0665596 1
0.0854882 -0.113819 -0.115345 1
0.00850229 0.0281192 0.030652 1
-0.332933 0.254423 -0.216255 1
-0.108925 -0.0914552 0.0331171 1
-0.134505 -0.112538 0.118574 1
0.00113049 0.000721501 -0.000926966 1
