# 1 = ball
# 2 = lepton
# 3 = photon
# 4 = PID > 100
# 5 = neutrino
# 6 = other
0.0142694 -0.0604532 1.73056 3
-0.0003829 0.000792365 -0.00148448 3
0.00474613 -0.0505582 -2.30227 3
-0.553151 -0.122486 0.64538 4
-0.379171 0.229791 0.129301 4
-0.241163 -0.17551 -0.198869 4
-2.03722 0.209004 1.1992 4
-0.0950694 -0.0543694 -0.114062 4
-0.168579 -0.125772 -0.383951 4
0.195111 -0.00643002 -0.0833709 4
5.48771 0.75695 -2.10512 4
-1.11288 -0.308167 0.201512 4
-2.94294 -1.79692 1.3327 4
-1.24243 -0.708733 0.561771 4
-1.20963 -0.33339 0.163449 4
0.365812 0.660406 0.380313 4
0.893808 0.802072 -0.445765 4
4.90018 1.31471 -0.604376 4
-0.575808 -0.105734 0.29594 4
-0.662037 -0.457859 0.832886 4
-0.377225 -0.0671906 0.082402 3
-2.68307 -0.647616 0.268297 3
0.099965 -0.236921 0.0340357 4
0.324894 -0.0345668 -0.0931871 4
-0.184248 -0.65174 0.196561 3
-0.0967812 -0.140736 0.0101948 3
0.00396233 0.0225852 -0.0120527 3
0.0408798 0.965242 0.36119 3
0.183036 0.173303 0.0593273 3
0.0672915 0.236591 0.0880117 3
0.293432 0.0632188 0.410213 3
0.201012 -0.04028 0.425792 3
1.85882 0.237061 -0.594216 4
-0.0721808 0.0334053 0.283118 3
-0.162179 -0.0282641 0.194457 3
-1.04103 -0.014333 0.636465 3
-0.195207 -0.0211502 0.190702 3
-0.128162 0.0505006 0.0291694 3
-0.187502 0.284901 0.0197833 3
0.195581 -0.0336466 -0.0686994 3
0.982746 0.129609 -0.395018 3
2.26591 0.151878 -0.806411 3
0.233858 0.0507433 -0.0575895 3
-0.304734 -0.0657533 -0.0319796 3
-0.98817 -0.320849 0.116187 3
-0.0267066 -0.027817 -0.0619508 3
-0.0543411 0.00753631 0.0659993 3
-0.0577151 -0.0259407 0.002767 3
-0.0386235 0.0319932 0.165741 3
1.12006 0.00729682 -0.387535 4
0.3673 0.0700551 -0.219951 4
-4.9524 -1.95221 1.07636 4
-9.24762 -2.2061 0.392403 3
-1.22355 -0.25218 0.0215184 3
6.62466 1.47231 -1.96095 4
2.52461 0.566544 -0.684026 3
4.16129 0.787438 -1.01957 3
-0.148412 0.124233 -0.0559994 1
0.188082 -0.0415969 -0.02664 1
0.118847 -0.0173888 0.181938 1
0.0769733 0.0531221 0.472642 1
-0.15225 -0.00282136 -0.050541 1
-0.103226 0.650317 0.353723 1
-0.0307108 0.172051 0.0650401 1
-0.505376 0.0276502 -0.379271 1
-0.102604 -0.417807 0.128423 1
-0.679898 -0.356746 0.000946557 1
0.3123 0.178549 -0.11283 1
-0.0814384 0.169808 0.0239346 1
-0.132532 -0.111505 0.321597 1
-0.107188 0.368548 -0.75964 1
0.00454774 -0.331435 0.155491 1
0.945443 -0.224047 0.0704142 1
0.485165 0.187303 -0.332418 1
-0.118666 0.457259 -0.348024 1
-0.367772 0.20792 0.142762 1
0.0185606 0.478901 0.145691 1
0.211104 0.185429 0.0314516 1
