# 1 = ball
# 2 = lepton
# 3 = photon
# 4 = PID > 100
# 5 = neutrino
# 6 = other
0.360696 -0.256736 1.37941 4
-0.322481 0.688896 1.3034 4
-0.221107 0.0994461 0.752986 4
0.0117155 0.0253321 -0.343771 4
0.755729 -1.01328 -2.96968 4
-0.0457089 -0.487607 -1.60365 4
0.0418085 -0.801145 -1.76825 4
-0.0604814 -0.0292487 -1.28388 3
-0.0822812 -0.0830801 -0.559783 3
0.351867 -0.184886 0.022237 3
-0.14324 -0.0422018 0.240879 3
-0.892861 0.717767 2.85419 4
-0.230721 0.0379538 0.979685 4
0.204982 0.21002 1.87506 3
0.0324029 0.0308989 0.088782 3
-0.077807 1.76832 3.71086 5
-0.682174 2.03345 7.11394 2
-0.160933 -0.121518 -0.226375 3
-1.1866 -0.650195 -1.99065 3
-1.01729 -0.802839 -6.38286 3
-0.433334 -0.738746 -2.9012 3
0.116556 -0.141488 -0.158767 3
0.115404 -0.155714 -0.405154 3
0.0356332 0.0562799 -0.0545753 3
-0.083386 -0.00831244 -0.0503661 3
-0.177543 0.035816 -0.197833 3
-0.153162 0.113813 -0.0727869 3
-0.167477 -0.065851 -0.0918129 3
-0.069667 0.0114689 0.0397679 3
-0.0914497 0.0404874 0.240734 3
-0.282407 0.330636 0.613923 3
0.660171 -3.41879 -9.88349 2
0.018646 -0.593906 -1.23023 5
0.0536598 -0.396407 -0.948112 3
0.0563017 -0.047405 -0.244013 3
2.01444 1.84 5.87634 4
0.272065 0.301261 1.15975 4
1.25144 1.41258 8.16636 4
0.0143 0.0751248 0.354658 3
0.259293 0.24938 0.955071 3
0.552263 -1.09936 -3.45943 4
-0.172094 -0.17824 -0.751422 4
0.405541 0.390763 -0.113013 1
-0.00989869 -0.0536705 -0.0624723 1
0.117226 -0.056798 0.0161381 1
0.0720672 0.200025 -0.199673 1
-0.0381091 -0.00655026 -0.0291789 1
-0.0773249 0.0108234 0.0737458 1
0.0073621 -0.447122 -0.392826 1
-0.0225252 -0.0171719 -0.0151727 1
0.0925553 0.309082 0.19694 1
-0.144352 0.122394 0.14017 1
-0.58378 -0.28928 -0.294539 1
0.10835 -0.0269411 -0.00432652 1
0.360849 -0.0211077 -0.130461 1
-0.147459 0.135774 -0.217449 1
0.0185271 0.142881 0.238742 1
-0.0262544 0.0888327 0.129073 1
-0.0941825 0.226777 -0.24016 1
-0.10746 0.258611 0.0841216 1
0.121835 0.0418292 -0.0401316 1
0.0478943 0.0503769 0.0826574 1
-0.0350758 0.0513955 0.0427527 1
0.0537927 0.0279577 -0.0621443 1
0.0748233 -0.215249 0.0512289 1
0.00593842 -0.101949 0.103177 1
-0.0220501 -0.189257 -0.0901394 1
-0.633928 0.220067 0.0653094 1
0.0369187 -0.0156131 0.0684327 1
0.114743 0.0660066 -0.190408 1
0.141466 -0.229577 -0.0140504 1
-0.227887 0.381066 0.586426 1
0.0125215 0.0552927 0.00880248 1
0.0178185 0.0445434 0.00782323 1
-0.024345 0.0642852 0.000286011 1
-0.0407708 0.019538 0.0503939 1
