# 1 = ball
# 2 = lepton
# 3 = photon
# 4 = PID > 100
# 5 = neutrino
# 6 = other
2.65372 0.967628 -7.96601 3
-0.000533201 0.000945428 -0.00280172 3
0.485613 -0.335119 -0.00930308 4
-1.17213 0.12555 2.54329 4
0.311875 0.0644085 -0.361829 4
-0.579716 0.299561 0.857114 4
-1.27939 0.655505 1.58969 4
-0.749068 -0.119664 1.2328 4
-1.27671 0.293108 4.05415 4
-1.82243 0.178358 2.35175 4
-0.503871 -0.03414 0.991631 4
0.145238 -0.0970611 -0.313061 3
0.0658851 0.13429 0.0179263 3
0.03806 0.13184 -0.117497 3
-0.0377695 0.0576036 0.0819185 3
0.0259042 -0.0644324 -0.0788067 3
0.248524 -0.808493 -1.83591 3
-0.0295902 -0.0716329 0.0291555 3
-0.0898633 -0.191461 -0.145289 3
1.68774 -1.11054 -2.99168 4
0.688013 -0.39118 -1.50782 4
0.395295 0.121777 -0.590879 4
1.36304 -0.342924 -2.02004 4
0.0547926 0.00898235 -0.108605 3
1.81441 -0.470471 -3.94533 3
2.48324 -0.901089 -3.06094 4
0.286689 -0.0486953 -0.489409 3
0.171624 -0.116855 -0.227468 3
0.34727 -0.174419 -0.567565 3
0.195731 -0.219495 -0.50527 3
0.533143 -0.454861 -1.39713 3
0.0450153 -0.0211049 -0.0428868 3
-0.468668 0.132486 1.0167 4
-0.63801 -0.0924978 1.21775 4
-1.84619 0.165894 3.70521 4
-0.0470248 0.0770589 0.0989294 3
-0.348315 0.191864 0.788928 3
1.2846 -0.214979 -1.22784 4
1.15715 -0.782769 -2.25146 4
-0.0664396 -0.0516472 0.059966 3
0.0603013 -0.0111326 0.0826614 3
-0.661936 0.273339 0.954049 3
-0.859124 0.369238 2.62417 3
1.87623 -0.824944 -3.59021 4
0.79709 -0.373529 -0.853015 4
-5.36191 3.5037 10.5362 4
-0.48168 0.397626 1.17669 3
-0.215183 0.218797 0.794577 3
-0.160787 -0.0380489 -0.0500862 1
0.277507 0.0285161 -0.335131 1
-0.0744736 0.217035 -0.0181587 1
0.0162046 0.0342946 -0.026904 1
0.066695 -0.439053 0.344832 1
-0.0836213 0.00701995 0.100097 1
0.0694278 -0.122892 -0.107644 1
-0.102676 -0.0462938 0.0208257 1
-0.132004 -0.103423 0.0888244 1
0.0308685 0.0629252 0.115979 1
0.0543027 -0.0565755 0.0735998 1
-0.0121142 0.0296266 -0.0897012 1
-0.109464 -0.0211214 0.0118833 1
-0.11352 0.105511 0.0573955 1
-0.0641457 0.227473 -0.127776 1
0.0178691 0.137132 -0.0108922 1
-0.0190132 -0.00284888 0.0159444 1
0.0187786 -0.126045 -0.0440407 1
-0.252779 0.140595 -0.377612 1
-0.107705 -0.0782505 -0.238621 1
