# 1 = ball
# 2 = lepton
# 3 = photon
# 4 = PID > 100
# 5 = neutrino
# 6 = other
0.0494709 0.014844 -1.87212 3
6.67177 -4.45502 -1.28639 4
4.2181 -1.46838 -0.441594 4
1.29724 -0.192504 -0.10848 4
-0.911017 1.84622 1.3356 4
-1.71363 0.382287 0.275788 4
-2.85421 1.67649 0.807511 4
-13.2272 4.87518 2.1598 4
6.40073 -3.50728 -1.33333 4
2.03834 -0.209918 -0.530311 4
4.84015 -0.557691 -0.174653 4
0.357945 -0.296276 -0.296422 4
-0.576175 0.679417 0.384715 4
-6.99348 3.33999 1.30697 4
-2.27192 0.998748 0.784833 4
0.293065 -0.297383 0.112053 3
1.23383 -0.155794 -0.417996 3
0.150366 -0.0350417 -0.00631525 3
-0.417509 -0.0740798 -0.0789875 3
-0.215843 0.011104 0.0427459 3
-2.02244 0.440871 0.287587 4
-3.1829 0.944328 0.858098 4
3.23117 -2.56457 -0.691145 3
2.01152 -1.47839 -0.368042 3
0.088905 0.413759 -0.243743 3
0.0362842 0.0656215 0.0103383 3
-0.0126278 -0.0285452 -0.010111 3
-0.31376 0.0893162 -0.0198854 3
2.10187 -1.26661 0.103393 4
0.885236 -0.525237 -0.412418 4
-1.56312 0.669166 0.473005 3
-0.237821 0.114163 0.0206356 3
0.500298 0.347057 0.498148 1
0.323003 -0.331909 -0.129678 1
-0.349914 1.04665 -0.286918 1
0.020854 -0.276041 -0.537896 1
0.0103113 -0.154899 0.140306 1
0.198822 -0.226826 -0.202639 1
-0.052249 0.245827 -0.0816536 1
-0.469135 0.0227189 -0.310195 1
0.425659 -0.121349 0.239321 1
