# 1 = ball
# 2 = lepton
# 3 = photon
# 4 = PID > 100
# 5 = neutrino
# 6 = other
1.97619 0.604954 26.7307 2
-0.165615 -0.304928 -21.7739 2
0.430352 -0.0332792 -0.364026 3
0.0850732 0.169592 7.59712 3
-0.00050421 -0.000248989 0.0170074 3
7.64981e-05 -0.00059936 -0.000290636 3
-0.907714 0.0283386 -6.09662 4
-0.06264 -0.129784 -0.574683 4
-0.0795568 0.0278543 -0.885795 3
-0.33873 -0.0439829 -6.7978 3
0.168296 -0.363947 -0.194274 1
0.134215 -0.155799 0.0772108 1
-0.104759 -0.18803 -0.137115 1
0.063401 -0.127026 -0.75432 1
0.150934 -0.0946113 0.0520669 1
0.0503309 -0.00632195 -0.0939327 1
-0.217599 -0.163867 0.0202007 1
-0.0862268 -0.0692644 -0.793885 1
-0.13548 -0.297254 0.021752 1
1.09934 -0.546686 1.40766 1
0.111948 0.319233 -0.303425 1
0.346428 0.311945 0.384501 1
0.4376 0.308981 0.190199 1
0.0611626 0.415048 -0.297565 1
0.301189 0.0250582 1.0654 1
-0.50108 -0.215992 0.0984785 1
0.272404 -0.527887 -0.468158 1
-0.422201 -0.206624 0.63263 1
0.0506603 0.61976 -0.358337 1
0.24037 -0.752677 0.430723 1
-0.429637 0.199491 0.0915939 1
-0.0446577 -0.0371044 -0.0451648 1
-0.0700131 0.269949 -0.239576 1
-0.370654 0.566548 -0.158953 1
-0.934769 0.00305295 -0.0516579 1
-0.701644 0.37707 0.724631 1
0.3716 -0.428255 -0.0338253 1
-0.467056 -0.150482 0.506834 1
-0.291998 0.200462 0.381679 1
-0.549196 0.0538304 0.474058 1
-0.0210244 0.199762 -0.00147177 1
0.14133 -0.0351871 -0.0415696 1
0.409852 0.178907 -0.438113 1
