# 1 = ball
# 2 = lepton
# 3 = photon
# 4 = PID > 100
# 5 = neutrino
# 6 = other
0.263816 -0.200425 -0.191686 4
0.163352 0.583005 -0.283003 4
-0.375465 -0.214751 0.416984 4
-0.281562 -0.224317 -0.0656767 4
-0.356233 -0.293045 -0.924641 4
0.323586 0.734628 0.048501 4
-0.228936 -0.279292 -0.17153 3
-0.253518 -0.316114 -0.398179 3
-0.158436 -0.301658 -0.201693 3
-0.0362189 0.229912 0.0454055 4
0.307601 -0.114112 0.030801 4
-0.0302172 -0.00271689 -0.287558 3
-0.09937 0.0102039 -0.100362 3
1.5254 2.03499 1.23717 4
0.539424 0.674177 0.282293 4
-0.0031908 0.0336034 0.0333047 3
-0.112637 -0.109964 -0.443617 3
-0.11048 -0.038979 -0.118773 3
0.603997 -0.262907 -0.482126 3
0.0842429 0.0135761 -0.071909 3
-0.162519 -0.0310354 0.0664067 3
-0.029731 0.0632521 0.0087082 3
0.126148 0.0581653 0.0236226 3
0.577859 0.237678 0.413914 3
0.0528196 -0.0128014 0.0445809 3
0.320167 0.128344 -0.00292259 3
0.171034 0.116876 0.156085 3
0.590123 0.749671 0.735995 3
-4.26707 -6.8406 -3.50464 4
-4.77957 -6.64287 -4.00463 4
-1.02921 -2.0979 -1.62098 4
4.57345 8.08594 6.64585 4
4.60424 5.13578 4.75946 4
2.38538 4.11303 3.98314 4
-1.64274 -1.935 -1.7463 4
1.16974 2.77561 2.12354 4
0.359056 0.239634 0.592158 4
1.52841 1.82619 0.923545 4
0.147784 0.30399 0.135542 3
0.164649 0.171149 0.194942 3
-0.654387 -0.634567 -0.599385 3
-0.0317586 -0.070255 -0.0860758 3
-0.00769655 -0.0153245 -0.0254774 3
-1.97302 -2.63614 -2.30759 3
0.014658 -0.198887 -0.336807 3
-0.0654721 -0.1174 -0.103971 3
-0.593632 -0.885377 -0.698265 3
-0.620962 -0.767546 -0.763635 3
-0.263826 -0.341469 -0.269391 3
-0.765802 -0.981031 -1.0614 3
-0.220866 -0.19733 -0.16865 3
-1.43722 -1.58774 -1.557 3
0.101023 0.0109688 0.169141 1
0.144365 -0.0378409 -0.153373 1
0.329899 0.0752983 -0.202484 1
-0.098981 -0.187143 -0.115023 1
0.169555 0.148816 0.0273768 1
-0.219172 0.0333307 -0.229862 1
-0.00986781 0.0417414 0.0189405 1
0.0334256 0.081687 -0.0467912 1
-0.0415565 -0.0472707 0.0283266 1
0.051657 -0.0264916 0.0393345 1
0.0573517 0.0238811 -0.0710213 1
-0.0474274 -0.0311527 -0.00754378 1
-0.0234462 -0.086988 0.113808 1
-0.0344469 -0.122949 -0.00428104 1
-0.0798104 0.103233 0.0572123 1
0.0905189 -0.0344525 0.0365614 1
-0.281345 0.123882 0.179973 1
0.1053 -0.182948 -0.11629 1
0.00642037 -0.0795409 -0.205783 1
-0.265048 0.230781 0.187647 1
0.0063881 -0.00464368 -0.0104284 1
8.40273e-06 -5.20511e-05 0.000492329 1
