# 1 = ball
# 2 = lepton
# 3 = photon
# 4 = PID > 100
# 5 = neutrino
# 6 = other
0.269974 -0.395023 -10.6695 3
4.7035e-06 2.16796e-06 -0.000263189 3
0.563209 -0.352767 0.580292 5
9.56501 -5.14772 15.8343 4
-1.33606 0.683472 -1.04809 5
-7.18464 5.84073 -7.52196 2
-7.56914 4.77333 -8.33642 5
1.10967 -0.71831 1.87677 3
5.84939 -4.09952 9.84682 3
-0.028053 -0.110186 -0.0204626 1
0.0172352 0.0851656 -0.521727 1
0.438324 0.164069 -0.352594 1
0.223543 -0.355349 -0.82025 1
-0.256201 -0.0159205 -0.228652 1
-0.284806 -1.0478 -0.455336 1
0.651446 0.137597 -0.142541 1
-0.539799 -0.122388 1.04831 1
0.109794 -0.261197 0.0140093 1
0.646083 0.196928 -0.00330172 1
-0.500187 0.407805 -0.366946 1
-0.0989779 -0.163549 -0.0116759 1
-0.0538183 -0.0141271 0.10648 1
-0.21344 -1.4105 -1.0906 1
0.736219 0.746773 0.358148 1
0.598619 0.439676 0.301608 1
0.332497 -0.706736 0.353632 1
-0.049066 0.0296273 0.0881964 1
-0.196228 0.0818514 0.101175 1
-1.93105 0.83714 -0.0800658 1
-0.522176 0.0423466 -0.771399 1
0.306445 0.309957 0.0040354 1
-0.136861 0.278319 0.388632 1
0.0184072 -0.00628244 0.000843574 1
-0.00360142 0.312302 0.112877 1
-0.198194 -0.421679 0.199186 1
0.534624 -0.247054 0.38848 1
-0.479447 0.228266 0.201486 1
-0.388762 0.00075646 0.636447 1
