# 1 = ball
# 2 = lepton
# 3 = photon
# 4 = PID > 100
# 5 = neutrino
# 6 = other
0.065696 -0.197438 -0.171932 3
0.0114017 -0.0121166 -0.206655 3
-0.560451 -0.784627 1.52652 4
0.021212 0.107007 0.250807 4
0.329565 0.280081 -3.6265 4
0.069123 0.12978 -0.650784 4
0.532625 -0.106404 0.650435 4
-0.239402 -0.678626 0.819062 4
-0.219298 -1.38341 1.05553 4
-0.366859 -1.81362 1.55892 4
-0.426391 -0.12355 0.614504 4
0.270235 0.215923 -0.980535 4
0.0889816 0.125347 -0.363693 4
0.0339646 -0.561248 -0.116011 4
-0.0583736 -0.342654 -0.634116 4
0.027337 0.167259 -0.190104 4
0.0587225 -0.0654989 -0.714109 4
0.226031 -1.85373 2.62823 4
-0.137848 -0.251805 -0.143199 4
-0.519961 -0.439203 0.377394 4
-0.452769 0.0123297 0.712146 3
-0.563028 0.0836917 1.17333 3
-0.107131 0.0203076 0.201202 3
7.74599 6.26463 -19.0915 4
-0.28263 1.18787 -1.88103 4
-0.0264201 -0.145842 -0.194332 4
-0.11754 -0.482601 -0.24936 4
-0.0963341 -0.264554 0.470962 3
-0.165911 -1.29139 2.10415 3
-0.126228 -0.262363 0.0179141 3
-0.0232123 -0.384689 0.0689608 3
0.155148 -0.0384151 0.291421 3
0.0687246 -0.0429098 0.0223551 3
0.133796 -0.368105 -0.679956 3
-0.00729684 -0.00342564 0.00361915 3
-0.212468 -0.781994 1.31728 3
-0.236253 -0.735432 1.02944 3
-0.0629839 -0.12207 0.0254676 3
0.058771 -0.0727442 0.0656037 3
-1.45348 1.3247 5.33342 4
0.948879 0.970877 -0.952533 4
-0.0528623 -0.0583898 0.037793 3
-0.307124 -0.0367533 -0.011876 3
-0.0528874 0.318874 0.229065 4
-0.777259 0.512928 1.12592 4
0.647816 0.659644 -1.43795 3
0.153634 0.13084 -0.440961 3
-0.229618 -0.0664868 0.93029 4
-0.0317871 -0.139603 0.447308 2
-1.10519 0.356068 1.47807 5
-3.3758 2.63255 6.51641 4
-0.182426 0.193169 0.283059 3
-0.0211971 -0.0587965 0.129946 1
-0.07973 0.0674516 0.0846897 1
0.214243 -0.0466234 -0.0148731 1
-0.00877868 0.130101 -0.124274 1
-0.0716411 0.190442 0.189428 1
0.0932696 0.0250823 -0.166215 1
0.0531407 -0.0622636 -0.0698475 1
-0.0615115 -0.138165 0.0185255 1
-0.00345263 0.00776458 0.0944393 1
0.266233 -0.220948 -0.0914813 1
-0.0387759 0.0813061 0.0665936 1
-0.0530076 -0.0883099 0.111212 1
0.0988108 -0.176898 -0.0636884 1
0.0301968 -0.103413 0.0801144 1
0.201076 0.0100241 -0.0842875 1
0.109217 -0.2186 0.0228017 1
0.133599 -0.0505812 0.194381 1
0.031602 -0.0729711 -0.0631926 1
0.0596813 -0.011891 0.00497582 1
-0.0831287 0.0625665 -0.0690734 1
-0.0069968 -0.0302678 0.0170282 1
-0.0104975 -0.051318 -0.0356183 1
0.0118352 -0.0193944 -0.0830078 1
-0.144192 -0.00885479 -0.137601 1
0.0219292 -0.214896 -0.136232 1
-0.0512854 -0.190634 0.0681967 1
-0.0261962 -0.0307856 -0.0301979 1
0.00462319 0.176567 -0.1635 1
0.00942047 -0.0614459 -0.0501235 1
0.0330487 0.0970243 0.0485528 1
0.397885 -0.222617 0.00752842 1
0.101543 -0.00018308 -0.286299 1
0.212241 -0.286938 0.457516 1
0.00999066 0.0699782 -0.0474518 1
0.0330997 -0.088065 -0.143987 1
-0.0110648 -0.106605 -0.0308153 1
-0.0285249 -0.117967 -0.231096 1
0.0205296 0.0146868 -0.0198397 1
0.0112287 0.00123957 -0.0105055 1
-0.202615 -0.0862693 -0.0905166 1
-0.0271421 -0.0564887 -0.131841 1
-0.318263 -0.0872492 0.0663036 1
0.0207214 0.18997 0.0828206 1
-0.00159778 0.00306327 0.00108189 1
