# 1 = ball
# 2 = lepton
# 3 = photon
# 4 = PID > 100
# 5 = neutrino
# 6 = other
-0.0287678 -0.151492 0.0595699 4
0.0926118 -0.298441 -0.348017 4
0.074268 -0.396377 0.337734 4
0.346721 -0.579926 -0.538838 4
-0.55943 0.0500802 -1.27826 4
0.372207 -0.348788 0.153512 4
0.310157 0.410258 0.198908 4
-0.0824445 -0.0460242 0.359031 4
-0.0691098 0.216545 -0.0928593 4
-0.585145 -0.0740682 0.760449 4
0.487008 0.516162 -0.0403477 4
-0.194437 0.253322 -0.717716 4
0.0899177 0.344293 -0.129254 4
0.384068 0.179201 0.651256 4
-0.0187499 -0.0899935 0.256508 4
0.0480897 0.0875695 0.214614 4
-0.0260192 0.119197 1.25527 4
-0.120916 -0.396515 0.686746 3
-0.0381878 -0.216361 0.210477 3
0.77793 0.0783731 -0.568329 3
0.577688 0.0181957 -0.292235 3
-0.035527 0.437081 -0.859179 4
0.534628 0.316985 -1.49959 4
-0.675008 0.058003 -1.13931 4
-0.859462 -0.0981104 -2.36743 4
0.329696 -0.14103 0.912529 3
0.0631212 -0.0989628 0.40585 3
-0.0113687 -0.00341955 0.0198288 3
0.383511 -0.235512 0.532208 3
0.330602 0.0777304 0.104184 3
0.196309 -0.0394236 0.126381 3
-0.34176 0.414436 -0.833309 3
-0.227221 0.130314 -0.391776 3
0.221843 0.0403237 0.695368 4
1.3553 0.411037 3.8836 4
0.981051 -0.0857071 2.39105 4
0.647124 0.133427 0.919652 4
0.912572 0.292145 2.64857 4
0.398901 -0.0860572 0.907985 4
0.2759 -0.0213305 0.44352 3
0.628833 0.0182767 1.42277 3
-0.0442892 -0.022105 0.293677 3
0.0139809 -0.0187691 -0.00585792 3
0.0458408 0.285548 0.537405 3
-0.0109257 0.0120952 0.158524 3
-0.0422047 -0.0446894 0.204797 3
-0.332617 0.0356988 1.53352 3
-0.00426013 0.0832248 -0.456994 3
0.0678809 0.0802659 -0.164639 3
-0.191703 -0.19933 -0.629122 3
-0.0152578 0.0220025 -0.0801471 3
-0.43772 0.10344 -0.731304 3
0.0271798 -0.0172889 0.0338863 3
1.06855 -0.0475169 2.09361 3
0.155613 -0.0377531 0.17569 3
0.430171 -0.161914 0.901561 3
0.370251 0.113829 0.760109 3
0.849354 0.0729192 1.49204 3
-0.526771 -0.0786354 -1.23124 3
-0.494717 -0.15607 -1.13844 3
-0.861858 -0.0981776 -2.03403 3
-2.18254 0.20588 -3.29181 4
0.543581 0.358028 0.78431 3
0.020919 -0.00843793 0.00959056 3
-1.40987 -0.782631 -2.12979 4
-1.75744 -0.13896 -2.87264 4
1.16952 0.0975116 3.46515 4
1.18384 0.133043 3.70028 3
-2.11369 -0.352857 -6.83274 4
-0.321922 -0.333557 -0.78835 4
-2.43902 -0.285406 -3.2313 4
0.102716 -0.119834 0.175305 3
0.137837 0.00747324 0.109297 3
0.0012988 -0.0763891 0.0554458 1
0.138814 0.0830804 0.0618751 1
-0.27355 0.213861 0.0539466 1
-0.0243794 0.0119534 0.0444576 1
0.0960783 -0.0734117 -0.410421 1
0.0939266 -0.196266 -0.158205 1
-0.00101798 -0.108104 0.0448411 1
-0.0750924 0.00354906 0.0481122 1
0.136288 0.157559 0.00657787 1
0.15972 0.0991997 -0.0360578 1
-0.0336054 0.0614937 -0.00855251 1
-0.0108651 0.00770375 -0.00583644 1
0.0843945 -0.0453346 -0.0188742 1
0.0219942 -0.368029 -0.107754 1
0.0457829 0.0525104 -0.132223 1
-0.175211 -0.0799944 0.112947 1
-0.0943934 0.116013 0.147092 1
-0.130673 -0.122598 -0.228353 1
0.127813 0.274024 0.24955 1
-0.034251 0.0867334 0.00996462 1
