# 1 = ball
# 2 = lepton
# 3 = photon
# 4 = PID > 100
# 5 = neutrino
# 6 = other
-0.00076932 0.000461388 0.000297111 3
-3.49689 1.02898 -2.06888 5
-11.6494 3.64974 -9.07436 4
4.72393 -2.08967 3.47986 5
2.43221 -0.732393 1.79154 4
5.2939 -2.18983 4.31899 4
1.24188 -0.525234 0.791197 4
15.2213 -6.15838 11.0121 4
2.68817 -1.1193 1.95954 4
-11.3342 4.22018 -9.06929 3
-4.06664 1.46847 -3.15711 3
-0.147034 0.079626 -0.00310229 1
0.0725903 0.202511 0.0122596 1
-0.119331 0.242326 0.284155 1
-0.353252 0.495012 -0.0772822 1
0.0104197 0.0321736 -0.00492084 1
-0.0254648 0.0244647 0.0236147 1
-0.171752 0.157883 -0.109584 1
-0.0482264 -0.0771614 -0.0190597 1
0.0440254 0.109971 -0.204442 1
0.0871222 0.0409038 0.117988 1
0.217967 0.0435676 -0.165365 1
0.1816 -0.159393 -0.133031 1
-0.0426704 0.0740391 -0.0424893 1
-0.282113 -0.0936574 0.16947 1
-0.226475 -0.105869 0.245084 1
-0.197624 0.440231 -0.00420343 1
-0.0322796 -0.0628013 0.272946 1
0.0785462 0.131263 0.0756702 1
0.0320449 0.124342 0.0872585 1
0.115316 0.193412 -0.0828998 1
-0.128632 0.243865 0.0117055 1
0.0192042 -0.00557824 -0.27521 1
0.0727775 0.0199295 0.104218 1
-0.0930378 0.0694458 0.0169206 1
0.177884 -0.109914 -0.0801944 1
-0.025496 -0.072046 0.103101 1
0.0732789 -0.010724 0.181799 1
-0.168726 0.165303 -0.11065 1
0.0591578 0.000383456 -0.466108 1
-0.0307415 -0.000549996 -0.0115123 1
0.0323715 -0.0419263 -0.0113957 1
0.0407033 -0.0254582 0.0154353 1
-0.0625739 0.0369682 0.000420732 1
-0.199028 0.0644144 -0.0845609 1
0.0250072 0.0198744 -0.0184504 1
0.00347237 0.191334 0.129613 1
-0.11958 0.050614 -0.0627028 1
-0.0418369 -0.141164 0.105178 1
0.0113387 0.0991141 0.0591923 1
0.107535 0.00019316 -0.0328115 1
