# 1 = ball
# 2 = lepton
# 3 = photon
# 4 = PID > 100
# 5 = neutrino
# 6 = other
0 0 -0.00019381 3
4.02702 -5.09605 0.155108 4
0.662374 -0.506441 -0.22114 4
-0.136714 -0.702297 -0.571748 4
-0.0344916 -1.03517 -0.0949523 4
0.547105 0.236833 -0.707903 4
-1.89427 2.62779 -0.486405 4
-4.65446 4.7116 0.641296 4
-20.3627 23.0382 1.0348 4
7.03372 -7.62591 -0.044198 4
1.64412 -1.96088 -0.194551 4
-2.74065 2.11366 0.6449 4
12.8957 -13.2802 0.567398 4
2.77707 -2.31908 -0.594494 3
0.244631 -0.148969 -0.208431 3
-0.0271992 0.010188 0.0943028 3
0.0187947 -0.0632625 -0.0137984 3
