# 1 = ball
# 2 = lepton
# 3 = photon
# 4 = PID > 100
# 5 = neutrino
# 6 = other
0.385939 0.265632 0.290373 4
0.350442 0.496824 0.541002 4
2.88928 1.54706 0.0303005 4
0.544959 1.84625 0.452114 4
1.99759 4.08774 9.63799 4
-7.20919 -16.3552 -8.33961 4
-0.708606 -2.74658 -1.02411 4
-1.99591 -1.86677 -1.20594 4
-0.458784 -0.378896 0.138044 4
-3.29103 0.45484 -1.88759 4
-1.92832 -0.209223 -2.14878 4
-2.0056 0.411396 -1.23336 4
-0.268423 -0.0486885 -0.152657 4
0.326126 -0.247971 -0.549725 4
0.673601 0.247513 -0.0450903 4
0.265825 -0.201512 0.163396 4
1.73174 0.166487 1.74874 4
2.87797 0.878101 1.27203 4
1.13242 2.94049 1.97649 4
-0.0397729 0.490416 -0.64174 4
0.303651 0.0173157 -0.366028 4
-1.48697 -0.297596 -0.493328 4
0.0473206 0.0247963 -0.0787143 4
0.412554 0.653571 0.330068 4
0.0855844 0.930326 0.258199 3
0.276089 1.26791 0.358249 3
0.174679 0.512354 -0.13308 3
0.347872 0.785335 -0.0571916 3
0.735806 0.411943 -0.537064 4
1.02954 0.539648 -0.504678 4
0.356379 0.433184 0.147502 3
0.544624 0.623023 0.0533965 3
0.0397738 0.0518808 0.0510115 3
-0.0150643 0.195531 -0.0402686 3
0.185574 2.4504 0.785815 3
0.000600298 0.00265897 0.00813144 3
0.301558 -0.165537 -0.0231739 3
0.10593 -0.000315464 -0.0634669 3
0.124858 -0.0405474 -0.138541 3
0.389527 -0.0198192 -0.156195 3
-0.00705832 0.109053 0.112179 1
-0.156225 -0.478848 -0.0652204 1
0.00898996 -0.0084836 -0.00201536 1
0.212792 -0.107644 0.0479523 1
-0.0959462 -0.237686 0.207056 1
0.0786158 -0.131341 -0.0244721 1
-0.0232963 0.0478959 0.0437936 1
-0.0280014 -0.0440228 0.0164098 1
0.254589 -0.117719 -0.0252939 1
0.0788157 0.0501335 -0.0642157 1
0.09244 0.0792159 0.0757494 1
-0.093432 0.020752 0.00761647 1
0.131345 -0.00201182 0.153148 1
-0.127914 0.0310749 -0.251409 1
-0.511065 -0.137356 -0.104141 1
0.0936652 0.0133346 0.20139 1
-0.154341 -0.231506 -0.103217 1
-0.00019849 0.00812569 0.0138175 1
0.021157 0.000477455 0.0181884 1
-0.0393321 0.00474114 -0.0438144 1
-0.0139784 -0.0500585 -0.0650693 1
0.0931987 0.0761103 0.0288905 1
-0.0811034 0.045718 0.240363 1
0.292692 0.324418 -0.00497909 1
-0.0326715 0.0418508 -0.00267032 1
0.209238 0.0346407 0.0020508 1
-0.029066 0.217838 -0.0211594 1
0.0646963 -0.040417 -0.0030652 1
0.0464788 0.162898 -0.200472 1
0.094242 0.0717614 0.316381 1
-0.17267 -0.184488 0.154854 1
0.00147429 0.0103552 0.0829122 1
0.072451 0.0179115 0.0235596 1
-0.167002 0.335639 0.183968 1
0.145548 -0.130529 0.232328 1
0.102978 -0.00267166 0.0996218 1
-0.0164994 0.0971761 0.101052 1
0.0773135 0.0367784 0.190816 1
0.174696 -0.0641051 0.00906848 1
0.172244 -0.022942 -0.00447705 1
