# 1 = ball
# 2 = lepton
# 3 = photon
# 4 = PID > 100
# 5 = neutrino
# 6 = other
-2.23357 1.02454 -0.334714 4
-0.337627 -0.15742 -0.0387112 4
0.00261514 0.217846 0.11114 4
1.50256 -1.35904 0.391139 4
3.32682 -1.17796 -0.490736 4
4.84238 -0.726606 -0.31577 4
7.20792 -2.12253 0.435663 4
10.7146 -2.58933 0.236006 4
-10.983 4.23737 -0.884156 4
-6.92027 2.1714 -0.429552 4
-3.61876 0.799809 -0.294072 4
-5.62783 1.91301 -0.0886884 4
-1.46374 0.835768 -0.124104 4
0.70629 -0.521955 0.315265 4
0.789527 -1.59256 0.229941 4
0.727149 -0.447 0.0288105 4
-0.444908 -0.034798 -0.158866 3
-0.282056 -0.0708778 -0.00450314 3
1.44975 -0.215665 0.346869 4
0.322138 -0.2365 0.129419 4
6.34268 -1.23175 0.322392 3
2.31122 -0.371822 0.14657 3
-0.231628 0.051702 0.00822188 3
-2.16569 0.714678 -0.273456 3
-1.41272 0.639223 -0.00545231 3
-2.55767 1.05863 0.146658 3
-0.361819 0.0070159 -0.00466036 3
-1.11247 0.118185 -0.232448 3
0.110618 -0.144947 0.0820461 3
0.835593 -1.53217 0.444198 3
-0.276532 0.18054 -0.00900493 3
-0.0190883 0.0160358 -0.0474592 3
-0.244145 0.0440202 -0.0964551 3
-0.21801 0.128935 0.00596726 3
-0.325527 0.228993 0.0406104 3
-0.80402 0.327816 0.0505273 3
0.19714 -0.0189338 0.102627 3
0.252114 -0.163645 0.258737 3
