# 1 = ball
# 2 = lepton
# 3 = photon
# 4 = PID > 100
# 5 = neutrino
# 6 = other
0.00223799 -0.003941 -0.00940965 3
-1.95689 0.327796 1.43473 4
-3.91474 0.580934 4.34848 4
-3.5469 0.951977 0.581219 4
-0.00727476 0.284407 0.443697 4
-0.0342634 0.510291 0.00162979 4
3.34888 -0.558062 -3.35372 4
-0.364892 -0.7971 1.03281 4
-0.526062 0.242586 1.03041 4
-0.161254 -0.243442 0.703417 4
-2.00809 -0.33843 1.9487 4
-0.534827 -0.276639 1.44968 4
-0.433485 0.417538 0.507387 4
-1.32616 0.136098 1.30152 4
-0.302955 0.109315 0.0193142 4
-1.71216 -0.188565 -0.506033 4
-0.0175426 -0.0292188 0.0252287 4
-0.276286 -0.270307 -0.0727892 4
17.2295 -1.9523 -15.1019 4
-0.897121 0.0391953 1.93011 4
0.106419 -0.958065 -0.814226 4
-0.411366 -0.116393 0.380305 3
-1.49896 -0.221955 1.57429 3
-0.573457 -0.268133 0.0782487 3
-0.0585076 -0.0577489 0.0526343 3
-0.843332 0.62223 0.376166 4
-0.625839 0.310425 0.296671 4
-1.21082 0.264898 0.531813 3
-0.454791 -0.0136369 -0.118464 3
1.96043 -0.0231667 -1.99089 3
0.28399 0.0439253 -0.263329 3
-0.424346 0.391017 0.832373 3
-0.127574 0.0357103 0.225992 3
-0.101155 0.0426885 0.242686 3
-1.11631 0.16699 1.79622 3
-0.99253 -0.0711182 1.21116 3
-1.12727 -0.0141966 1.58193 3
0.391399 -0.0238498 -0.245079 3
2.52726 -0.223703 -1.997 3
-0.552251 0.212491 0.174645 3
-1.87105 0.733142 0.338118 3
0.503356 -0.13677 -0.573345 3
0.502816 -0.0179446 -0.460257 3
0.188737 -0.0112532 -0.21114 3
0.786212 0.087754 -0.559097 3
0.248414 0.0308669 -0.219642 3
0.386081 -0.104386 -0.454694 3
-0.026829 0.203411 0.0677772 1
0.176972 0.168536 -0.0181731 1
-0.0390057 0.14559 -0.0182154 1
0.156932 0.128905 0.267462 1
0.016818 0.0200024 -0.0412553 1
0.00247986 -0.0040642 -0.0488904 1
0.266129 -0.0388156 -0.0704291 1
0.112759 -0.0655577 0.130363 1
-0.093396 0.0199221 -0.114134 1
0.157074 0.024769 0.0452647 1
0.00745666 -0.0311314 -0.0404209 1
0.209227 0.194831 -0.0149367 1
0.0342381 -0.176202 -0.0705762 1
0.0108483 -0.163098 0.284676 1
0.0354534 -0.269218 -0.0911987 1
0.492035 0.0637634 0.105505 1
0.0190779 0.0156755 0.0508275 1
0.169635 0.0750152 -0.0682798 1
-0.0370312 0.0634681 0.161569 1
-0.0526725 0.0998133 -0.03925 1
-0.0709688 -0.0969579 0.0225104 1
-0.00250114 -0.000612109 -0.000808578 1
