# 1 = ball
# 2 = lepton
# 3 = photon
# 4 = PID > 100
# 5 = neutrino
# 6 = other
-0.0293925 0.0152278 3.83284 3
-8.65048 -8.00528 -14.9165 5
-3.97109 -4.17697 -7.95388 4
14.6842 15.8664 24.0945 5
1.03715 1.70636 2.60202 2
1.74025 1.6712 2.96479 5
-1.42622 -1.77819 -2.9892 3
-4.08175 -4.94138 -8.0683 3
-0.263434 -0.151446 0.915274 1
-0.192984 0.685656 -0.113675 1
0.0294877 0.0410806 -0.0621304 1
0.579608 -1.09443 0.171007 1
0.632083 0.0610859 0.097079 1
-0.0946292 0.0159279 0.109624 1
-0.21628 0.249117 -0.166113 1
0.186751 -0.140031 -0.471335 1
0.0367015 -0.0243607 -0.0459401 1
