# 1 = ball
# 2 = lepton
# 3 = photon
# 4 = PID > 100
# 5 = neutrino
# 6 = other
0.00766046 -0.00691824 -0.0240797 3
-0.000581002 -0.00328836 -0.00159718 3
0.000796633 -0.000917305 0.000174034 3
0.00296915 0.00288329 0.496794 3
-3.39687 0.19624 -0.684953 4
-0.549123 0.0162583 -0.156677 4
0.0205479 0.455137 -0.506357 4
18.6322 0.86023 0.269079 4
0.406603 0.0916286 0.328359 4
-6.68832 0.774702 -0.332982 4
-1.48351 0.472043 -0.494571 4
-0.0936347 -0.0709502 -0.278773 4
7.19813 0.620264 0.036945 4
2.58682 -0.393425 0.196025 4
0.862721 -0.617024 0.357243 4
-2.56402 0.247647 -0.308325 3
-0.604665 0.0932127 0.0396006 3
-0.753862 0.269486 0.0256234 3
0.580142 0.276987 0.132016 3
1.13228 0.37071 0.348542 3
0.174504 -0.082636 -0.230521 4
0.423286 0.280253 -0.210475 4
0.131117 -0.0125786 -0.00139741 3
0.550948 -0.721722 -0.0807609 3
0.747471 -1.21909 0.551683 3
-0.622264 0.153371 -0.0103925 3
-0.426003 0.208629 0.0493204 3
0.420621 0.0835655 0.117513 3
0.941444 0.244881 0.0685067 3
-5.87548 0.225483 -0.298417 4
-4.39709 0.446462 -0.615619 4
-1.18649 0.296739 -0.0170699 4
-2.91538 0.552092 -0.152842 4
0.0924112 -0.706083 0.195138 4
0.191814 -0.621632 0.353765 4
-3.41903 0.571604 -0.43077 3
-0.934107 0.0874008 -0.0984463 3
1.2102 -2.67698 0.476229 4
0.184189 -0.101534 -0.113023 4
0.116471 0.176837 0.312577 1
0.0415492 -0.0529784 0.173087 1
-0.0449475 0.0212876 0.0504246 1
0.00283433 -0.120381 -0.156868 1
0.060801 -0.0987236 0.0367541 1
-0.150498 0.016458 -0.0688452 1
0.0719888 -0.143062 0.173904 1
0.0810392 -0.0436554 -0.0342592 1
0.0517221 0.0783674 0.0310938 1
-0.0126942 -0.0315561 -0.0231457 1
-0.0431849 0.0995655 -0.0713219 1
0.367262 -0.195942 0.223165 1
-0.0305448 -0.0685039 -0.0530377 1
-0.0144692 0.308634 -0.172208 1
0.062476 -0.0397072 0.115114 1
-0.153343 -0.0993572 0.168785 1
-0.104922 0.171218 0.345771 1
0.0602057 0.0295829 -0.148425 1
-0.011667 -0.0846788 0.135764 1
0.0818345 -0.06994 -0.0377263 1
0.0602972 0.07949 -0.0462525 1
0.121323 0.0141835 0.12305 1
-0.0453428 -0.0161853 0.0392893 1
-0.0225234 0.0283388 0.0509938 1
-0.0450125 -0.00273556 0.124994 1
-0.135928 0.124922 0.396197 1
-0.0994776 0.0144067 -0.406652 1
0.0326871 0.0231931 0.045794 1
0.04568 -0.086371 -0.0585874 1
0.00841766 -0.0273886 0.0360724 1
-0.354915 -0.257361 0.00648738 1
-0.131751 0.0643078 -0.0308656 1
-0.0156133 0.117604 -0.0201659 1
0.00622867 0.00226579 -0.0180277 1
-0.389112 -0.356661 0.0425217 1
-0.0577627 -0.124893 0.098665 1
-0.101451 -0.104372 0.0190395 1
0.0292506 -0.0834977 0.00619516 1
0.125213 0.115275 -0.141511 1
-0.0515447 -0.0527751 -0.292658 1
-2.25807e-05 0.0105206 0.0320427 1
0.00101142 0.00113981 -0.00172829 1
