# 1 = ball
# 2 = lepton
# 3 = photon
# 4 = PID > 100
# 5 = neutrino
# 6 = other
0.00126744 -0.00200856 0.00319745 3
-0.000707958 -0.000401111 -0.000254509 3
-0.711847 -1.4408 -0.585935 4
-0.415704 0.32282 -0.277006 4
1.80865 2.26776 0.746583 4
0.337935 1.14461 1.39205 4
0.548223 1.55115 0.768698 4
1.19677 2.80748 2.14784 4
-0.32714 -2.38178 -0.254153 4
-0.364558 -0.851087 -0.0529707 4
-0.451155 -0.44301 -0.44536 4
-0.232747 0.0727715 -0.756921 4
-0.262099 -0.468935 0.222956 4
0.376527 0.156748 0.0221506 4
0.734991 0.314184 0.163559 4
0.443082 0.990908 -0.356844 4
0.254521 -0.234024 -0.120406 3
-0.0524836 0.0966524 -0.444348 3
-0.0933603 -0.149947 0.0447112 3
-0.10478 -0.14872 0.209535 3
0.0167549 0.0325133 0.00641382 3
-0.127101 0.0366635 0.221988 3
-0.258428 -0.418329 -0.14277 3
-0.253041 -0.3252 -0.00309204 3
0.0123552 -0.0087291 -0.0996149 3
-0.0249359 0.10932 -0.0425144 3
-1.29639 -2.86712 -0.892502 4
-2.50598 -5.00536 -1.83228 4
-4.11338 -7.44412 -2.28344 4
8.62103 18.4009 5.66701 4
0.0505933 0.2245 0.0779168 3
2.09627 6.82923 1.87649 3
-1.96102 -4.31578 -1.46043 4
-2.21517 -4.79611 -1.67188 4
-1.24456 -2.64235 -1.01557 3
-0.482861 -0.950089 -0.450933 3
-0.0174832 0.353497 0.176493 1
0.454093 -0.15488 0.0218438 1
1.39141 -1.34926 -0.127847 1
-0.356776 0.386782 -0.535989 1
-0.119262 -0.197851 -0.00367497 1
0.210779 0.569336 0.165668 1
-0.562253 -0.071974 -0.0783897 1
