# 1 = ball
# 2 = lepton
# 3 = photon
# 4 = PID > 100
# 5 = neutrino
# 6 = other
1.25372e-06 -2.11823e-06 0.000194551 3
-4.39044 -0.514472 0.642118 4
-1.535 0.0539164 0.233426 4
-3.45921 -0.250852 0.508789 4
-10.203 -1.04185 1.93976 4
-0.320267 0.140415 -0.233934 4
0.679304 -0.507016 -1.02259 4
-0.342408 0.320608 -1.00725 4
0.278108 -0.256026 0.0532315 4
4.9129 -0.00782166 -0.521654 4
-2.49464 -0.403985 0.962261 4
-12.0069 -0.900688 1.58259 4
-0.0345851 0.239321 0.174283 4
0.182633 0.0241957 0.0630203 4
0.0164447 -0.166155 -0.505733 4
12.8417 0.960571 -0.356227 4
13.2802 1.18668 -1.0364 4
1.68275 0.803712 -0.193841 4
-0.481013 -0.00503454 0.180329 3
-0.624189 0.106984 0.353031 3
0.0516314 -0.00306605 -0.163804 3
-0.048344 0.0852806 -0.143246 3
-0.0752285 -0.0331603 0.0106595 4
0.205842 0.12209 -0.0120025 4
-0.0948434 -0.061507 0.0465746 3
-0.996988 -0.178955 0.478094 3
0.178546 -0.294226 -0.484923 3
0.0791518 -0.405088 -0.635096 3
0.640802 -0.116588 -0.14836 3
0.241917 0.0165431 0.00148162 3
0.476054 0.0994946 -0.104817 3
1.97318 0.158287 -0.314971 3
-0.0171587 -0.0618858 -0.346845 3
-0.0739369 0.00669623 -0.0896469 3
0.0390369 0.192047 0.172218 1
-0.0131825 0.0755914 -0.0681223 1
0.174482 -0.0999219 0.01768 1
-0.236528 -0.116347 0.0514941 1
-0.0397128 0.0202172 0.0438217 1
0.126387 0.0440021 -0.0563078 1
0.00502182 0.0170671 -0.00258013 1
-0.107343 0.349591 -0.174795 1
0.0946687 -0.171296 -0.0836678 1
0.0203433 -0.116245 0.0794706 1
-0.027436 -0.0703192 -0.0572458 1
-0.0359489 0.08834 -0.0267062 1
-0.353305 0.370914 0.0150978 1
0.00855682 -0.0183223 0.0175503 1
0.0144458 0.00227783 0.351157 1
-0.00338468 0.0452289 -0.00795494 1
-0.0180499 0.0575902 -0.0882269 1
0.143273 0.0511804 0.219466 1
0.0103303 -0.168532 0.152333 1
-0.00194719 0.14556 0.0506864 1
0.125796 0.135719 -0.0355616 1
0.0285836 -0.00436961 -0.0376276 1
0.0191167 0.0205905 0.0638447 1
0.0618991 0.0200089 0.0742091 1
0.00451214 -0.0155809 -0.0119837 1
-0.169926 -0.298907 -0.137022 1
-0.0449494 -0.0760553 -0.184011 1
-0.426558 -0.0311938 -0.103432 1
0.00444757 0.0311654 -0.0558312 1
0.101607 0.131065 0.0886201 1
0.000782267 0.0143969 0.022457 1
0.0275114 0.0993638 -0.191894 1
-0.0551058 0.0935886 0.116764 1
-0.0560032 -0.0183045 0.0141821 1
0.295891 -0.336195 -0.041219 1
0.0401297 0.0654016 0.19351 1
-0.172266 0.15491 -0.215962 1
-0.193076 0.128169 -0.131573 1
0.258388 0.215718 -0.0902965 1
-0.17436 -0.143008 0.149182 1
0.000898907 -0.00151875 -0.000157388 1
