# 1 = ball
# 2 = lepton
# 3 = photon
# 4 = PID > 100
# 5 = neutrino
# 6 = other
0.196475 -0.0465057 -0.174482 4
5.44751 -0.992477 -5.16257 4
-0.596653 0.277674 1.38621 4
-2.40019 -0.242757 3.08489 4
-2.22943 0.876174 2.62727 4
-0.440144 0.247491 1.23372 4
-2.29407 0.137225 1.93515 4
0.0811093 0.917721 -2.37169 4
-0.154653 0.704107 -0.285193 4
0.788828 0.406053 -0.326966 4
9.74046 -2.99523 -8.19446 4
-7.81499 0.86618 7.36394 4
-2.63357 0.0580835 2.58594 4
-0.0076097 0.360591 -0.34311 4
0.0252097 0.161293 0.130216 4
0.367971 1.04785 -2.06587 4
0.161766 0.551074 0.0129423 4
5.00311 -1.18123 -3.84038 4
1.02753 -0.340029 -0.917043 4
1.26207 -0.219346 -0.939946 3
-1.89074 0.137626 1.63121 4
-3.96963 0.637097 3.73398 4
0.749511 -0.198038 -0.538939 3
2.7775 -0.856397 -2.31105 3
-0.964942 0.157265 0.696777 3
-1.56002 0.311271 1.33973 3
-0.12374 0.0363982 -0.132415 3
-0.0124402 0.0173287 -0.0476465 2
-0.045214 0.0870449 -0.253055 2
-0.0189439 -0.0152477 0.00872544 3
0.0716719 -0.425842 -0.210337 3
-0.044604 0.0514531 -0.188595 3
-0.00180531 0.338124 -0.506464 3
0.0326259 -0.0501151 0.0115973 3
-0.139016 -0.248735 0.0553658 3
-0.168939 0.0927723 0.300825 3
-0.438839 0.0990039 0.440506 3
0.594403 -0.465575 1.04972 1
-1.26708 0.4092 -0.0700514 1
0.315829 -0.320237 -0.139062 1
-0.0576457 -0.37329 -0.126198 1
0.654796 0.0770249 -0.101744 1
0.157285 -0.179712 0.0984912 1
-0.180747 0.0876418 -0.479947 1
