# 1 = ball
# 2 = lepton
# 3 = photon
# 4 = PID > 100
# 5 = neutrino
# 6 = other
-0.000403448 -0.000533997 0.000344179 3
2.22989 0.53224 0.453719 4
-0.377082 -0.455508 -0.288968 4
0.362029 -0.0316137 0.095857 4
0.0261581 0.284937 -0.244281 4
0.0314269 0.390556 -0.521808 4
-0.408858 -0.00879097 -0.0177965 3
-0.409904 0.159999 -0.0181917 3
-0.588054 0.332278 0.109291 3
0.0451399 0.190889 -0.0738074 4
0.0409156 -0.025914 0.119965 4
2.61022 0.373259 0.0193794 3
0.190448 0.0646421 -0.00107869 3
0.343624 -0.020828 -0.0865136 3
1.45217 0.0872955 -0.147221 3
0.657502 -0.121909 0.0783136 3
1.91104 -0.548518 0.367122 3
12.7348 -1.61427 2.15308 4
-0.252975 0.277958 0.150217 3
-0.00434949 0.0875922 0.00700726 3
0.151981 -0.0492617 0.0613997 3
0.0277548 0.050373 0.0647377 3
-7.04423 1.37102 -0.540058 5
-22.1558 1.71494 -0.46185 2
-0.164554 -0.0304019 -0.252881 3
-0.0633228 0.0549656 -0.0416433 3
3.70248 -0.586733 0.677036 4
1.15597 0.121844 -0.208823 4
3.82581 -0.908005 0.454036 4
1.69136 -0.265135 0.349049 4
5.72717 -0.511112 -0.316705 4
0.628995 -0.320367 0.120923 4
1.40018 -0.512924 0.292708 4
-3.46382 0.0561111 -0.730829 4
-0.123704 0.109222 0.00569769 3
-0.558031 0.189165 -0.0856024 3
0.254398 -0.0745065 -0.0197444 3
2.10518 -0.349198 0.124962 3
-5.86119 -0.290534 -1.16853 4
-1.46947 0.236059 -0.330351 3
-0.360834 0.0407181 -0.148159 3
