# 1 = ball
# 2 = lepton
# 3 = photon
# 4 = PID > 100
# 5 = neutrino
# 6 = other
0.00574445 0.00209231 -0.0117292 3
-2.88913 1.60198 -0.924479 4
-0.482046 -0.0930811 0.265666 4
-1.62857 -0.685082 1.52903 4
-0.34781 -0.583286 0.597604 4
-1.6829 -1.08871 1.81697 4
-0.749592 -0.535564 -0.759809 4
-0.7228 -0.332972 0.343636 4
0.0972049 0.0589825 -0.34363 4
0.820056 0.169227 -0.699673 4
3.20703 -1.45798 0.64728 4
0.0826707 -0.0518707 -0.0948704 4
13.6403 -1.35983 -0.457578 4
-0.377487 0.837108 -0.434587 4
-2.19144 0.523637 -0.301905 4
-4.68362 1.77539 -1.02002 4
-1.04365 0.0222918 0.436028 4
-5.81513 2.07562 -0.426087 4
-3.79189 1.80861 -0.604852 4
-0.346245 -0.319469 0.0220367 4
-1.74589 -0.3159 1.11273 4
0.0798966 -0.0859691 0.114221 4
-1.81418 0.426388 -0.679337 4
12.6334 -1.04699 0.16401 4
-0.316336 0.152007 -0.0950146 3
-1.33686 0.403003 -0.546683 3
-1.38704 -0.110381 0.564153 3
-1.59378 -0.0594676 0.0506471 3
-0.323912 -0.205931 0.239235 3
-0.022257 -0.0646651 -0.240461 3
0.39611 -0.269187 0.153489 4
0.00389239 -0.128069 -0.0932994 4
1.93893 -0.123271 -0.183323 4
0.286876 -0.0683767 0.118366 4
-0.81946 0.454166 0.131003 3
-0.685615 0.416072 -0.00893771 3
-0.468829 -0.108921 0.0146543 3
-0.0637064 0.0149397 0.0440956 3
0.203612 -0.55695 -0.414499 3
-0.00561767 -0.156642 -0.154642 3
1.38052 -0.225206 -0.00305915 3
0.918442 -0.238863 0.0659513 3
-0.0113811 0.121892 0.119287 3
0.0108954 0.00609508 -0.0321447 3
0.570498 -0.143369 0.050961 3
1.05009 -0.0993518 0.00728213 3
0.376927 -0.0631402 0.220422 1
0.071545 -0.128425 -0.168427 1
0.270582 -0.352724 0.166711 1
-0.0266749 0.138458 -0.034587 1
0.00208518 0.0217494 0.0526697 1
-0.296627 -0.0425476 0.0103431 1
0.0788001 0.0285323 0.146118 1
-0.0831723 -0.0146241 0.16377 1
0.0959377 0.223238 -0.261222 1
-0.156924 -0.29264 0.267507 1
0.0235855 -0.0594581 0.13347 1
0.0494936 -0.072967 -0.096194 1
-0.574714 0.130001 -0.350016 1
0.0857988 0.0575672 -0.299513 1
-0.00104959 -0.006017 0.00319444 1
0.105343 0.0782778 -0.032092 1
-3.38451e-05 0.000573411 0.000125838 1
