# 1 = ball
# 2 = lepton
# 3 = photon
# 4 = PID > 100
# 5 = neutrino
# 6 = other
0.0134189 0.0668827 0.0938823 3
-0.000582735 -0.00698112 0.017902 3
4.11399 -5.02382 -9.87007 4
0.442309 -0.241159 -0.628107 4
-0.700497 0.751814 -0.912853 4
-0.248696 0.247645 -0.00686058 4
-0.254572 0.221812 0.351598 4
-6.28492 1.77757 5.90598 4
0.11964 0.330387 0.832956 4
0.181466 0.151683 0.0601895 4
0.645549 -0.00820018 0.375337 4
0.0519438 -0.152211 -1.57597 4
-0.231811 1.5483 0.593375 4
-0.588103 0.318303 -0.0181736 4
-1.32554 0.00437075 1.71445 4
-0.33267 0.130715 0.281719 4
-1.39564 0.695519 2.248 4
-0.147342 -0.0465607 -0.0379695 4
-0.371006 -0.109719 0.638474 4
1.60084 -2.45527 -4.56502 2
-0.112333 -0.286695 -1.00595 5
2.34294 -2.77127 -6.50232 4
0.62475 0.367093 0.635627 3
0.057686 0.0709768 0.133984 3
0.366289 -0.277075 0.343476 3
-0.574923 1.02045 0.0228131 3
-0.0369457 0.156949 -0.0182377 3
-0.775398 0.0872536 0.358929 3
-0.638048 0.195415 0.327996 3
-1.53869 0.664542 0.678399 3
-0.796016 0.261024 0.402084 3
-1.75234 1.57163 2.01652 3
-0.570372 0.584369 0.624737 3
1.1501 -0.473893 1.19846 2
3.53251 -0.520886 2.55003 5
1.41837 -1.06853 0.961625 4
-0.306875 0.329312 0.994592 1
0.277075 0.674793 0.461425 1
-0.174238 0.179768 -0.441838 1
0.0162739 -0.0125884 -0.00118805 1
-0.12949 -0.151557 0.0687371 1
0.108475 -0.161002 0.0512446 1
-0.509162 0.484196 -0.0293539 1
-0.112833 -0.131979 -0.359171 1
0.891171 -0.234834 0.115397 1
-0.00990764 0.000240367 -0.0296576 1
0.366063 -0.590411 0.655205 1
-0.849522 0.519408 -0.529131 1
0.261052 0.0154824 0.110396 1
1.40781 -0.0191152 -0.839591 1
-0.0922187 0.196998 -0.188299 1
-0.179372 0.0399442 0.644547 1
0.500791 -0.00400596 -0.27737 1
-0.294427 -0.57845 0.385823 1
-0.336165 0.1852 0.111387 1
0.00793765 0.44219 1.1812 1
0.080501 -0.622011 0.0569667 1
-0.701787 -0.220379 -0.25842 1
-0.124511 0.039087 0.0846758 1
0.397506 -0.292103 0.716779 1
0.00665249 -0.196603 0.0795751 1
0.772408 0.763224 -0.0480011 1
0.393009 0.996916 -0.0991807 1
0.0709879 0.606547 -0.159154 1
0.417526 0.122079 -0.808752 1
-0.140087 -0.162784 0.124142 1
