# 1 = ball
# 2 = lepton
# 3 = photon
# 4 = PID > 100
# 5 = neutrino
# 6 = other
1.89902 -0.459375 -0.385114 4
0.173523 0.0255462 0.21651 4
0.283889 0.162893 -1.36603 4
-1.27416 0.531162 -0.128343 4
-0.990538 0.464674 0.566836 4
-1.91069 0.341762 0.343935 4
9.74306 -2.35863 -0.747168 4
2.03871 -0.0488439 -0.551506 4
0.923412 -0.46917 -0.405587 4
-0.0638619 0.686216 0.0617058 4
-0.926174 1.26899 -0.433026 4
-2.6123 1.37118 -1.35491 4
-1.79481 1.4289 -0.128013 4
-0.540841 0.354663 -0.407227 4
-1.82981 0.856171 -0.372612 4
-0.773656 -0.115259 0.589746 4
-0.804163 0.274229 -0.121232 4
-4.49225 -0.890084 1.90435 4
9.52523 -2.54058 -1.4252 4
1.36112 -0.326348 -0.189775 3
1.32999 -0.227761 -0.0839622 3
-0.0630467 0.0691626 -0.109558 3
0.0551948 -0.00442788 -0.0465256 3
-1.41324 0.287058 0.316004 4
-0.688102 0.0887203 0.318516 4
-1.45 0.592355 0.559824 3
-0.239862 0.256218 0.255445 3
-1.17684 0.251215 0.108736 3
-2.44911 -0.247123 0.595101 3
-0.0618336 -0.0261804 0.026424 3
-4.10882 0.617792 1.47166 4
-2.77817 0.0295676 1.05417 4
1.51963 -0.360083 -0.091446 3
1.53431 -0.343277 0.0419426 3
0.120796 -0.0281697 0.00586281 3
3.60643 -1.40371 -0.333554 3
0.727224 -0.253622 0.147973 3
0.445312 -0.135112 -0.0140995 3
0.801823 -0.0927094 -0.0271165 3
1.96594 -0.440469 -0.090366 3
-0.272702 0.363138 -0.26449 3
-0.823391 0.951884 -0.502312 3
-0.620535 0.350434 -0.0206354 3
-0.480813 0.258079 0.102095 3
-0.551687 0.00335311 -0.189404 3
-0.226576 0.0624915 -0.0164415 3
-0.381735 0.0263877 0.122753 3
-2.565 0.298626 1.18145 3
0.0203828 0.280158 0.139789 1
0.0195281 -0.0947806 0.0505669 1
0.136432 -0.036997 -0.119243 1
0.0271612 -0.025994 0.0629553 1
-0.168072 -0.181979 -0.146929 1
0.0282722 0.00696553 -0.060182 1
-0.284018 -0.706466 -0.275295 1
0.12975 0.114951 0.0653278 1
-0.0156029 -0.00542367 -0.00203571 1
0.0992685 -0.432141 -0.279764 1
0.02732 -0.0901987 -0.0120301 1
0.138744 -0.238259 0.110354 1
0.0072873 0.0158634 0.0799551 1
-0.110268 -0.355254 0.03068 1
0.2377 -0.112689 -0.0137413 1
0.00361402 0.0701218 -0.104217 1
-0.011756 -0.000282782 0.00729019 1
0.0243564 0.290489 0.281143 1
