# 1 = ball
# 2 = lepton
# 3 = photon
# 4 = PID > 100
# 5 = neutrino
# 6 = other
-0.637039 -0.617032 -0.666579 4
0.409446 1.12765 0.817583 4
1.71895 1.74121 0.438003 4
2.006 3.9571 1.26522 4
1.35945 1.56487 0.383022 4
1.22743 2.02034 0.64133 4
0.108119 0.334884 0.521986 4
0.137884 -0.190514 0.91926 4
-1.70975 -1.54492 -1.84121 4
-0.409672 -0.929895 -1.4902 4
-0.320191 -1.06348 -1.56332 4
-0.292453 0.675482 -0.442921 4
0.205019 0.684436 -0.349994 4
1.34245 2.78274 0.913956 4
0.302282 1.20856 0.326342 4
2.68584 3.84276 1.20684 4
0.312028 0.314381 0.580326 4
0.371546 0.640342 1.65306 4
-0.0328454 0.0939756 1.52826 4
0.479224 -0.557042 3.44551 4
0.0785231 -0.625858 1.12979 4
-6.12121 -9.10552 -10.705 4
-0.295681 -0.307427 -0.470681 4
0.20817 -0.0431338 0.123282 3
-0.0437103 -0.135745 -0.132289 3
-0.736145 -1.27934 -0.981658 3
0.049796 -0.0322598 -0.16607 3
0.0741524 -0.143991 -0.0935651 3
0.455092 0.626386 0.493568 3
0.104973 0.143639 0.0429247 3
-0.0873241 0.340785 0.136948 3
0.00224494 0.0402876 -0.0287561 3
-0.629928 -1.59522 -1.86238 4
-2.21655 -2.94443 -3.32505 4
-0.612199 0.305063 0.111304 3
-0.0159651 -0.0121626 -0.00596352 3
0.289619 0.124574 3.63735 4
0.897809 -0.413369 4.35991 3
0.0262954 -0.00204394 0.246524 3
-0.268175 0.019619 0.481019 3
-0.0440285 0.0512034 0.239449 3
0.3289 0.186199 0.207995 1
0.619824 0.211315 0.481235 1
-0.432832 0.424331 -0.00140466 1
-0.298184 -0.1941 -0.257926 1
-0.397552 -0.418844 0.288064 1
-1.70399 0.388177 0.0953427 1
-0.0897208 0.0841218 -0.166502 1
-0.130799 -0.254803 -0.280951 1
0.0613924 0.0191898 -0.107453 1
-0.222235 -0.231956 0.0278563 1
0.492725 -0.0607739 0.0237809 1
1.22404 -1.71399 -0.698438 1
0.167044 -0.0937612 -0.0721498 1
0.00189144 0.557982 -1.05662 1
