# 1 = ball
# 2 = lepton
# 3 = photon
# 4 = PID > 100
# 5 = neutrino
# 6 = other
0.00708315 0.0101198 0.0196587 3
2.00993 3.53474 -2.70344 4
-0.276917 0.11229 -0.130879 4
-0.567724 -0.0120496 0.771838 4
-0.653041 -0.530016 0.13875 4
-1.33896 0.15184 2.38106 4
0.201224 -0.528373 0.033983 4
0.151046 0.102533 0.338287 4
-0.922306 -2.4873 1.00302 4
-1.4729 -6.26421 1.62555 4
-0.331195 -0.122968 -0.00834072 4
-0.539692 -0.305418 1.36332 4
-0.622379 -0.537168 0.445826 4
-2.0051 -0.547503 1.42226 4
-0.328877 0.138936 0.195034 4
0.429663 0.929953 -0.527107 3
0.579138 2.00579 -0.820547 4
0.879593 1.59391 -0.881373 4
-0.0222709 -0.111457 -0.00780476 3
-0.005966 -0.076185 -0.147065 3
-0.0551673 -0.0640727 0.149974 4
0.134245 -0.444881 0.172325 4
-0.344673 -1.39148 0.348032 3
-1.68589 0.449992 0.274337 3
-0.463456 0.168805 0.13585 3
1.02494 1.9839 -0.949739 4
0.11686 0.14837 -0.0233618 3
0.208441 0.296054 -0.244055 3
-0.185705 -0.411263 0.393969 3
-0.141003 -0.466506 0.272162 3
1.42551 2.205 -1.22952 4
-0.97275 -2.34492 0.328766 4
-0.0984954 -0.674862 0.207286 3
-1.01093 -7.34721 2.71915 3
6.56378 11.8302 -5.06925 4
0.264487 0.565143 -0.221707 4
-0.15532 0.251817 -0.157356 1
-0.381358 0.365247 0.544565 1
0.115832 -0.13519 0.187673 1
0.0274884 0.201628 0.117825 1
-0.52474 -0.342432 -0.439995 1
0.0293843 0.19545 -0.319908 1
0.175157 0.149772 0.251754 1
0.220045 -0.0851791 -0.171229 1
0.901555 0.0484883 0.38119 1
0.0335293 -0.0770191 -0.108074 1
0.500478 -0.200133 0.647219 1
0.0280515 0.992585 0.246853 1
-0.472714 -0.28459 -0.168986 1
0.532012 -0.221103 0.126464 1
0.0655029 0.266982 -0.703619 1
0.277084 -0.522555 -0.0156199 1
-0.710862 -0.351292 -0.68356 1
0.464866 0.0348676 0.469879 1
-0.0866953 -0.360784 -0.0766274 1
0.0840132 -0.39107 -0.0357995 1
-0.0984934 -1.1961 0.93851 1
0.0812388 -0.0842059 -0.228004 1
-0.0133439 -0.600791 -0.063833 1
0.318716 0.0039438 0.254708 1
-0.48395 0.465669 -0.239787 1
-0.157372 -0.636995 0.0291804 1
-0.471726 -0.0702701 -0.438612 1
-0.142868 -0.31474 0.242282 1
-0.278923 -0.000724437 -0.267296 1
0.256307 0.543685 -1.00077 1
-0.0833414 0.792196 -1.09877 1
-9.695e-05 0.00305757 0.00348191 1
