# 1 = ball
# 2 = lepton
# 3 = photon
# 4 = PID > 100
# 5 = neutrino
# 6 = other
3.68448 -0.64819 0.159048 4
-2.31872 0.128466 -0.407979 4
-19.4847 4.46714 -2.541 4
1.66286 -0.179728 -0.104138 4
0.0319592 0.357473 -0.414119 4
-0.18799 -0.109609 0.749637 4
-0.0440818 -0.264014 0.375822 4
-0.104897 -0.458232 0.600608 4
-0.359475 -1.0197 0.828757 4
-0.127329 -0.751957 0.271601 4
-1.18913 -0.255668 1.28312 4
-0.15224 -0.0849911 -0.0696356 4
-2.23778 0.768888 0.0850114 4
-0.223871 -0.235613 -0.0479762 4
-0.721713 0.0981355 -0.283014 4
0.134531 -0.364134 -0.263449 4
4.37142 -0.691387 -0.140209 3
1.61479 -0.00680525 0.247311 4
2.73895 -0.313688 0.430917 4
0.792939 0.0273076 0.105525 3
0.162116 -0.0561505 0.0215768 3
0.954668 -0.478821 -0.320049 3
0.0489252 -0.0137306 0.0125782 3
0.179816 -0.190648 0.165098 3
0.228765 -0.170739 0.0390226 3
-0.0441151 -0.028022 0.0761241 3
-0.156244 0.126279 0.120303 3
0.0806305 0.00634154 -0.0205041 3
0.128533 0.204883 0.0240339 3
-0.543567 0.0354053 -0.22245 3
-0.0748814 0.0365364 -0.0849044 3
-0.454356 -0.0155116 0.554112 3
-0.185557 0.0668778 0.170627 3
-7.60118 1.94719 -1.05992 3
-0.137406 0.0217402 -0.00638582 3
12.3657 -1.92202 0.0135058 4
6.61096 -0.756539 -0.510388 4
0.187303 -0.00247956 0.00415593 3
0.280053 -0.171173 -0.0348903 3
0.209381 0.108946 0.17632 1
0.00474281 -0.0154943 -0.0314008 1
0.0591552 0.0187402 0.0759085 1
-0.0527009 0.0294881 0.00470464 1
-0.0890836 -0.0561392 0.016599 1
0.0127654 -0.0657753 -0.0276774 1
0.0263141 -0.0326281 1.11977e-05 1
-0.0190926 0.175516 -0.21685 1
-0.376057 0.0910814 0.106116 1
-0.0043516 0.0146854 -0.151042 1
-0.148509 0.0924307 0.0324857 1
0.0144913 -0.00569142 0.0102647 1
-0.0483259 0.138821 0.157374 1
-0.104293 -0.0160142 0.0672539 1
-0.013234 0.0239814 0.122861 1
0.152173 -0.0273846 0.0222075 1
-0.0818379 0.183721 0.0453262 1
0.0579126 0.067903 -0.111463 1
0.028068 -0.0731442 0.227897 1
0.11876 0.174762 -0.00814696 1
0.0133587 -0.023363 -0.000838316 1
0.0599424 0.0194009 -0.0789176 1
0.25862 0.440642 -0.0737287 1
0.00352866 0.00177647 0.0351102 1
-0.193217 0.291074 0.0125661 1
-0.22826 -0.301154 0.414434 1
0.0277102 0.0168752 -0.0922669 1
0.00808111 -0.0250963 0.0743555 1
0.2659 0.323296 0.102931 1
-0.050269 0.0865613 -0.132913 1
-0.138509 -0.0370285 -0.207089 1
0.0562161 0.064748 -0.231871 1
0.0778318 -0.177347 -0.052346 1
0.188159 -0.111442 0.0514706 1
0.316193 0.0180016 -0.0813129 1
-0.310876 -0.131635 -0.148635 1
0.0308877 -0.0523502 0.044764 1
-0.0756806 -0.103118 0.0728192 1
-0.0994715 -0.0489227 -0.0955229 1
0.133502 -0.180293 0.061082 1
-0.000154303 -0.00154161 -0.000330896 1
