# 1 = ball
# 2 = lepton
# 3 = photon
# 4 = PID > 100
# 5 = neutrino
# 6 = other
2.01649e-06 2.14629e-07 0.000278858 3
-1.64393 0.198234 -5.26943 4
-1.38625 -0.395034 -2.33694 4
-1.12633 0.159615 -1.16151 4
0.124717 -0.105255 0.606499 4
0.362289 0.20231 0.537872 4
1.60531 0.254753 2.53986 4
-0.595339 0.0971752 -1.85649 4
-1.8228 -0.281246 -3.20153 4
-0.784788 -0.120342 -2.68453 4
-2.64642 0.416865 -5.95649 4
-1.244 -0.565293 -1.81941 4
-2.23948 -0.567868 -4.43097 4
-1.35068 0.15154 -2.99889 4
-1.45022 -0.113514 -2.16917 4
-0.213352 -0.251346 -0.520996 4
-0.214191 -0.35864 0.179392 4
0.238111 0.0339413 -0.0404944 4
-0.198398 0.0850322 -0.111704 3
-0.0293466 -0.0332318 0.009655 3
-0.163998 0.0329879 -0.223206 4
-0.493451 0.110577 0.0194503 4
2.04634 0.204662 3.13308 3
0.365299 0.0105688 0.469516 3
12.7239 0.660133 24.4193 3
1.35328 0.129503 2.25987 3
-0.652635 0.106018 -0.539206 3
-0.0685164 0.014981 -0.127553 3
0.00576563 -0.0437128 0.045917 3
0.081711 0.0285965 -0.0457103 3
-0.065993 0.0672122 0.0363941 1
0.0113719 -0.058877 0.0118309 1
0.0363479 -0.0716079 -0.0838609 1
-0.0271957 0.123266 0.0516304 1
-0.0107955 0.104843 0.021841 1
-0.025936 0.383188 -0.00694878 1
-0.00228296 -0.0727022 0.0769747 1
0.00872974 0.0226563 0.00291094 1
-0.00882741 -0.0415506 0.0203873 1
0.151858 -0.156887 0.0658772 1
0.0381463 0.161594 -0.0579842 1
-0.107833 0.031603 0.0841268 1
-0.0489073 0.00240341 0.0152087 1
-0.00842347 0.0777677 -0.130257 1
0.0471358 0.207488 -0.0197592 1
-0.0616534 -0.00987954 0.0523289 1
0.14326 0.0327481 -0.00764016 1
0.00170175 -0.0236594 -0.110749 1
0.0503435 0.00432947 0.255576 1
0.020442 0.0689761 0.0229334 1
-0.264503 -0.0744622 0.0371796 1
0.222467 0.0426838 0.0485027 1
0.0586532 -0.0764702 -0.00927606 1
-0.180319 0.0758644 -0.0535462 1
0.296539 -0.29196 0.0482723 1
0.050722 0.0906403 0.148514 1
0.0210784 -0.00635841 0.00832826 1
0.199653 0.0915101 -0.102099 1
-0.135048 -0.0337735 0.0399607 1
0.0416341 -0.00890296 -0.0121564 1
-0.107614 -0.0952551 0.065915 1
-0.286249 -0.213755 -0.349328 1
0.000521605 -0.0413809 0.147179 1
-0.0762456 -0.30386 0.250806 1
-0.158705 -0.116808 -0.0344904 1
0.0471893 -0.0920267 0.38541 1
-0.0256092 0.0595476 0.0438214 1
-0.24439 0.176428 -0.0420784 1
-0.0139016 -0.0734171 0.0576261 1
0.0152421 -0.0470662 -0.0355048 1
0.00789602 -0.00975882 0.163823 1
-0.148018 0.00473526 0.228938 1
-0.0460938 0.028815 -0.0609104 1
0.00100141 0.000106587 -0.00218898 1
