# 1 = ball
# 2 = lepton
# 3 = photon
# 4 = PID > 100
# 5 = neutrino
# 6 = other
0.00286497 -0.00232102 2.47389 3
0.0647937 0.0511414 0.0906025 4
3.25611 1.35397 0.100467 4
-4.96173 0.171245 -1.29268 4
-2.7636 -0.0840519 0.208183 4
-3.13553 -0.0446864 -0.972001 4
-1.07218 -0.0296575 0.413434 4
-1.82465 -1.33537 -1.55618 4
-1.23006 -0.264716 -0.171261 4
-0.98745 0.276329 -0.035458 4
11.4226 0.121503 -0.287608 4
0.700321 -0.000544736 0.105399 4
0.387899 0.265969 -0.140047 4
2.25373 0.116823 0.0300541 3
9.63941 0.2959 -0.0624767 3
1.12234 0.0376255 0.265451 3
2.98707 0.229199 -0.180658 3
0.492229 0.0540588 -0.148851 4
2.99149 0.00132907 -0.437825 4
-1.33026 -0.203376 0.385137 3
-1.3937 -0.107545 0.307634 3
-3.24672 0.383543 1.82688 4
-1.68746 0.409649 1.37536 4
-0.0502166 -0.162099 -0.0165724 3
0.0578514 -0.0807038 -0.066652 3
-3.37861 0.0275253 -0.62491 3
-0.552093 -0.0483523 -0.116524 3
-1.29432 -0.157475 -0.190526 3
-0.271447 0.0267456 -0.0558538 3
-0.629152 0.026769 -0.0127455 3
-0.610483 -0.0144529 -0.139959 3
-1.01819 -0.137934 -0.208918 3
-0.931912 -0.20571 -0.0894188 3
-0.476885 0.00627666 0.036438 3
-0.506921 -0.0399581 -0.0926585 3
-0.513129 -0.0875227 -0.196152 3
-0.262514 -0.0847678 -0.0120706 3
-0.910576 -0.251883 -0.121775 3
0.000799608 -0.00926605 0.00508356 3
0.831166 -0.160245 0.0184069 3
0.66445 -0.00740949 0.00243835 3
-0.784948 0.145248 0.436262 3
-1.43671 0.251976 1.01111 3
-0.0107112 -0.116385 -0.160535 1
-0.181611 -0.0194604 -0.039251 1
0.204192 0.0414055 -0.362428 1
0.300859 0.00813788 -0.155825 1
-0.189466 -0.136585 0.109762 1
-0.176823 0.14962 -0.226275 1
0.301329 0.165606 0.0236174 1
-0.289493 -0.451436 0.384447 1
-0.216562 0.395636 -0.330475 1
-0.0494931 -0.258856 -0.627647 1
0.699364 0.108193 -0.604082 1
0.111164 -0.00336687 0.157052 1
-0.639549 -0.602489 -0.483472 1
-0.357617 -0.65592 0.776537 1
0.156841 0.0854404 -0.0948361 1
0.150292 0.182957 0.0489591 1
-0.00621997 0.0576608 0.0531244 1
0.266075 0.26209 0.483098 1
0.46587 -0.14435 -0.216122 1
-0.266468 0.0473032 -0.437339 1
0.114371 0.152027 -0.160751 1
