# 1 = ball
# 2 = lepton
# 3 = photon
# 4 = PID > 100
# 5 = neutrino
# 6 = other
-2.48765 -0.464686 1.49189 4
-0.208898 -0.183754 -0.293866 4
-0.870493 0.279017 0.200823 4
0.0408793 -0.254409 -0.205707 4
0.572595 0.206969 -0.293412 4
-0.287203 0.361759 0.0424734 4
-5.2142 0.865242 4.12246 4
-5.88413 -0.313036 1.51746 4
-1.29288 0.297605 0.695078 4
-0.15383 -0.057662 -0.0639236 4
-1.01853 -0.14238 0.550731 4
0.929431 0.246959 -0.456917 4
-6.67503 1.04937 4.64776 4
-0.0441038 0.002695 0.0657005 3
-0.645476 0.217142 0.33238 3
-0.353363 0.0996876 -0.12136 3
-0.458848 0.298624 -0.187811 3
4.46333 -0.590956 -2.44616 4
1.92237 -0.163379 -1.01216 4
1.41487 -0.378248 -0.978266 2
10.0929 -1.51854 -4.29971 5
-0.261581 0.0312067 0.229896 3
-0.274402 -0.0931538 0.338525 3
-0.0412522 -0.0146692 0.00451323 3
-0.460118 0.290133 0.0778847 3
-1.02533 0.0152377 1.11266 3
-0.241326 -0.0350149 0.34991 3
-0.68423 -0.106152 0.523936 3
-0.422774 -0.0853087 0.203673 3
-0.0331332 0.0721966 0.0676092 3
-0.367587 0.312734 0.117559 3
0.0278344 -0.0558791 -0.0136099 3
-0.0593569 0.0319196 0.0425989 3
-3.72002 0.578251 2.02341 4
-0.399979 0.0804708 0.0524214 4
1.70153 0.00482273 -0.938331 3
0.711262 0.0854003 -0.365226 3
1.02765 -0.134897 -0.535671 3
0.59077 0.013749 -0.254172 3
0.625293 0.013896 -0.31779 3
0.160548 -0.065633 -0.0796004 3
0.981569 -0.16936 -0.582092 3
0.418923 -0.163366 -0.27358 3
8.67462 -0.518533 -4.42695 4
-0.275663 0.0203239 -0.00846177 1
-0.0465454 0.0329433 0.0891389 1
0.0146898 0.010235 0.0588614 1
-0.101663 -0.0241876 -0.185656 1
-0.0156897 -0.0457497 -0.0692585 1
-0.0952543 0.00431411 0.105264 1
0.21351 0.139915 0.0693377 1
-0.13565 -0.00892603 -0.296172 1
-0.210874 0.280307 0.250166 1
-0.0591806 -0.0744281 0.00320389 1
0.147635 -0.141133 -0.0487625 1
0.0287321 0.00062228 -0.00703862 1
-0.253312 -0.0368182 -0.0888306 1
0.0878133 -0.00647595 -0.215625 1
-0.162888 0.0586594 0.0188905 1
0.0724968 -0.068503 0.0920165 1
0.276899 -0.313217 -0.0369327 1
-0.13384 0.184971 0.138831 1
0.0986183 -0.0364761 -0.173473 1
0.212987 0.144313 0.0611512 1
-0.0125346 0.0422225 -0.0104022 1
0.176929 -0.0725501 0.0278774 1
-0.13159 -0.0537822 -0.0288965 1
-0.192868 0.0465338 0.137657 1
-0.220336 0.0337644 0.0262816 1
0.156615 0.0479863 -0.251663 1
0.0543464 0.0336201 0.172442 1
-0.0226663 0.0615961 -0.0510971 1
0.0306855 0.0305415 -0.0240068 1
-0.00233148 0.0317679 0.0375823 1
0.0612522 0.189299 -0.0922643 1
-0.144813 -0.0693623 -0.203159 1
-0.0751551 -0.173627 -0.132432 1
0.0138934 -0.0640889 0.0567138 1
0.046939 -0.189297 0.13804 1
-0.0395949 -0.0155733 0.0124031 1
-0.0912449 -0.0218959 0.0473158 1
0.147338 -0.218891 -0.0966802 1
-0.0430524 -0.0012882 -0.00536144 1
0.0293855 0.177694 -0.1373 1
-0.139269 0.0459195 -0.0782587 1
-0.0354227 0.0726436 0.0335206 1
