# 1 = ball
# 2 = lepton
# 3 = photon
# 4 = PID > 100
# 5 = neutrino
# 6 = other
0.0105215 0.0150847 -1.01517 3
7.13757 2.73713 12.6235 4
10.6524 4.14959 20.6816 4
0.688295 0.190783 1.39738 4
-0.00890736 -0.274285 0.489027 4
0.369549 -0.582753 0.609958 4
-0.202948 0.781938 0.302311 4
-0.263917 -0.312066 -0.00155151 4
-1.80695 -1.10774 -4.07595 4
-0.459899 0.135223 -0.412135 4
-0.804385 -0.310708 0.197001 4
0.191335 -0.19938 -0.211428 4
-0.594466 -0.00362783 -0.121153 4
-0.414393 -0.107902 -0.693514 4
-0.79295 0.346358 -1.66332 4
-5.99819 -1.91576 -11.5605 4
-7.13533 -2.88962 -16.6461 4
-0.142096 0.096481 0.0318058 1
0.014215 0.0451768 -0.00522521 1
0.0608978 -0.00746917 0.0662765 1
-0.0413852 -0.225052 0.0454051 1
0.0825022 -0.205891 -0.304417 1
-0.0349438 -0.171528 -0.0824126 1
0.198239 0.0831115 0.114693 1
0.0306518 0.0507591 0.143628 1
-0.238536 -0.0942664 0.171103 1
0.0327289 -0.00186189 -0.00401523 1
-0.0329354 0.00217119 0.0602966 1
0.152641 -0.0779789 -0.0106904 1
-0.0854685 -0.226828 0.0233838 1
0.0889387 -0.0198863 -0.0108764 1
0.137911 -0.0790365 0.0393025 1
-0.193981 0.0121094 0.0802517 1
-0.201029 -0.0430567 -0.182157 1
-0.273622 0.211503 -0.195467 1
-0.208008 -0.0818359 0.0881554 1
-0.0452804 0.0103183 -0.00722416 1
0.131238 0.0707957 0.0382576 1
