# 1 = ball
# 2 = lepton
# 3 = photon
# 4 = PID > 100
# 5 = neutrino
# 6 = other
-1.4436 -1.75896 35.5313 2
-0.0251935 -0.587564 -15.4777 2
-0.138736 0.465649 -2.97858 4
-1.29946 0.706383 -9.70578 4
0.307958 0.0660402 -0.613732 3
0.114593 0.0797767 -0.467826 3
-0.0896393 0.457554 -2.3944 4
-0.214867 0.243662 -1.16366 4
-0.0526838 -0.0748217 -1.0838 3
-0.0539255 0.0561396 -1.39975 3
-0.0990731 0.825863 0.287976 1
0.408038 -0.432939 -0.374171 1
0.251616 -0.33336 -0.177876 1
0.36362 0.0685597 0.16081 1
-0.0102062 -0.00487509 -0.0303803 1
-0.0865069 0.00794891 -0.149461 1
0.227855 1.1357 0.105578 1
-0.0710202 -0.113643 0.255382 1
-0.240594 -0.865712 0.959436 1
0.193974 0.3123 -0.0540013 1
-0.589877 -0.34183 1.15812 1
-0.0586067 -0.0833068 0.0636401 1
-0.359733 0.131611 -0.525802 1
0.130033 0.269928 -0.213229 1
-0.140864 0.156877 -0.0133264 1
0.0764057 -0.0216557 0.0695651 1
-0.190536 -0.0589996 0.00196934 1
-0.412397 0.438476 -0.635575 1
0.179894 0.161808 -0.809321 1
-0.153232 0.0215869 -0.166177 1
1.36516 0.446764 0.759184 1
1.00172 0.277897 -0.768815 1
0.0274754 -0.05507 0.0149912 1
-0.617238 -0.373574 0.387478 1
-0.108011 0.0527831 0.175657 1
-0.328727 -0.939224 -1.10146 1
1.32666 -0.749333 -0.0780699 1
0.227592 0.302004 -0.0576637 1
0.190792 -0.152381 0.0243771 1
0.0179982 0.248964 0.395093 1
0.379015 0.0136434 0.0895664 1
-0.00567601 -0.000678514 0.000482255 1
