# 1 = ball
# 2 = lepton
# 3 = photon
# 4 = PID > 100
# 5 = neutrino
# 6 = other
0.0585551 0.0386584 5.32813 3
5.71691 -2.14125 -7.37074 4
-0.70664 -0.531464 0.316061 4
1.20046 1.81931 1.56707 4
0.27412 0.705665 0.572469 4
0.105163 0.597906 -0.0518497 4
1.18141 -0.376741 -1.01648 4
0.128761 -0.02288 -0.0948252 4
1.00852 0.880974 -0.80888 4
1.51157 -0.238238 -1.69498 4
1.61243 -0.201673 -2.45292 4
0.691758 -0.366312 -2.52929 4
0.676908 -0.259336 -0.786469 4
3.95361 -1.92986 -5.84533 4
-1.05571 0.122773 0.428942 4
-0.193593 0.197176 0.412822 4
0.628248 -0.105491 0.174918 4
0.976807 0.877564 1.24246 4
-5.13168 0.16206 3.22558 3
-8.47138 0.939207 5.61213 3
-0.388651 -0.0388654 0.45114 3
-1.23447 -0.209679 1.12325 3
-0.0704432 0.185478 0.194267 3
0.0558826 0.327501 0.327426 3
0.29649 -0.255245 -0.507303 3
0.857649 -0.6472 -1.07047 3
0.0192983 0.0360455 -0.022302 3
-0.14818 0.127218 0.0595096 3
0.216037 0.506057 0.348087 3
0.141452 0.173973 0.217758 3
-0.387443 -0.0115993 0.313695 3
-0.222894 0.0688929 0.290625 3
-0.393761 0.00912253 0.363052 3
-0.227005 0.0794345 0.130257 3
-1.71634 0.165962 1.0969 3
-0.00915338 -0.00899003 0.0136926 3
-0.136694 -0.260735 -0.184485 1
-0.577403 0.371081 1.09513 1
0.1173 0.107743 0.134732 1
0.021785 -0.535057 -0.111897 1
-0.162683 -0.383889 0.835704 1
-0.100717 -0.273276 -0.518674 1
0.159727 0.0792871 -0.107064 1
0.179261 0.0448857 -0.489109 1
0.0623085 0.0604832 0.0920326 1
0.37503 0.128068 -0.140901 1
-0.149959 0.229468 -0.18906 1
0.449458 0.501699 -0.231894 1
-0.861322 -0.190717 0.193507 1
-0.235286 -0.234324 -0.0636782 1
0.051056 -0.196796 0.0645746 1
0.355065 -0.121885 0.167939 1
-0.0609233 -0.0950677 -0.139558 1
0.0269034 0.217645 0.266829 1
-0.541825 0.158675 -0.121155 1
-0.299831 -0.105011 0.0594719 1
-0.211587 0.232641 0.22693 1
-0.47923 -0.0628657 -0.705378 1
0.18353 -0.0208054 0.00602823 1
0.287876 -0.109964 -0.165965 1
-0.125711 -0.409649 -0.0424051 1
0.169871 -0.55931 0.374056 1
0.181766 -0.785423 0.0703413 1
0.0298933 -0.154993 0.113662 1
-0.0423535 -0.146346 0.133998 1
0.110017 -0.267524 -0.281649 1
0.346073 0.570619 -0.807036 1
0.0329375 0.311944 -0.0987716 1
-0.307722 0.30802 0.0617355 1
-0.0473027 0.0567657 -0.0385076 1
-0.154027 -0.0637848 1.04907 1
0.124646 0.0499645 -0.329984 1
0.245207 0.814233 -0.261822 1
0.0482261 -0.112398 -0.0386904 1
-0.0180752 0.170444 0.563559 1
