# 1 = ball
# 2 = lepton
# 3 = photon
# 4 = PID > 100
# 5 = neutrino
# 6 = other
-0.00120616 -0.00199228 0.00535547 3
3.47504 -5.38787 1.45515 4
0.838556 -1.06323 0.124393 4
1.2531 -1.19017 -0.28018 4
0.734866 -0.577917 -0.605706 4
0.45696 -1.20496 0.362836 4
-1.43865 2.92325 -0.0408007 4
-2.69893 5.96818 1.21712 4
-3.3387 7.66991 0.681869 4
-0.758047 1.52767 0.672339 4
-0.473975 0.0343266 -0.481916 4
-1.3132 2.35404 0.917831 4
0.475906 -0.0414371 -0.0262739 4
0.110677 -1.0377 -1.26719 4
-0.950689 -5.25327 -8.0286 4
0.202147 -0.128724 0.0290701 3
0.412637 -1.48292 0.458624 3
0.230278 -0.751831 0.334554 3
0.137672 0.0422318 -0.00938434 4
0.245625 0.11127 0.158539 4
-0.540602 1.74104 0.533939 4
-0.71092 2.94929 0.845027 4
-1.11868 3.23808 1.12722 3
-0.73159 2.86161 0.801799 3
-9.7001e-05 0.00245528 0.00657318 3
-0.136357 -0.118364 0.00182603 4
0.0473365 -0.131088 -0.39835 4
-0.209795 0.09013 -0.0616308 3
-0.0428232 0.117255 -0.0202088 3
-0.20063 0.0209993 -0.0415931 3
-0.2316 -0.0456742 -0.191199 3
-0.268835 -0.556302 -1.61283 3
-0.0549683 -0.0277021 -0.121258 3
1.97688 -3.03284 0.808092 3
5.56552 -8.27554 2.4027 3
0.129279 0.114914 -0.0611251 3
0.0995783 0.200182 0.0490187 3
-0.0120084 -0.0379261 -0.0991263 3
-0.0894248 0.11353 -0.450696 3
0.800498 -0.770349 0.119491 1
1.00027 0.284479 -0.443025 1
-0.492761 -0.323564 -0.56711 1
-0.273049 0.496463 0.460481 1
-0.0141784 -0.463015 -0.266777 1
-0.780369 -0.197378 0.960576 1
-0.329293 -0.495654 -0.595163 1
-0.0595166 -0.11805 -0.0701539 1
0.35686 -0.194428 0.381413 1
-0.119563 0.155619 0.32401 1
-0.450623 0.36412 0.371634 1
-0.06294 0.123381 0.405314 1
-0.0561122 -0.395387 -0.321171 1
-0.656831 -0.16245 0.00651199 1
0.0654544 -0.0396812 0.0395434 1
0.0018397 0.00297861 -0.00138228 1
