# 1 = ball
# 2 = lepton
# 3 = photon
# 4 = PID > 100
# 5 = neutrino
# 6 = other
1.78196e-05 -5.41746e-06 -0.000248992 3
-0.000353971 -0.405853 -0.462672 3
-0.000478314 0.00109661 -0.000497093 3
-1.33873 -6.53578 -6.99541 5
-0.465403 -11.1523 -11.7798 2
-1.12105 -6.72706 -7.17758 5
1.8472 5.22028 5.45422 5
2.83676 7.77568 8.42478 4
0.196278 0.887223 1.19013 4
3.19887 9.37008 9.75856 4
0.0804428 -0.235415 0.413196 1
0.385525 -0.442584 0.360031 1
-0.004811 -0.0458397 -0.0160124 1
-0.289559 -0.0596294 -0.227959 1
0.118977 -0.334818 -0.138806 1
0.00686998 0.0721404 0.197377 1
0.0263354 0.483534 1.36757 1
-0.244456 -0.134356 -0.411186 1
-0.0052242 -0.0247923 0.19875 1
-0.288711 0.099506 -0.293093 1
-0.313544 1.33971 0.358452 1
-0.366648 -0.885129 -0.0762587 1
-0.0414457 0.0827062 0.0127716 1
-0.146707 -0.284473 -0.641645 1
-0.450613 -0.164263 0.0539602 1
-0.556201 -0.098341 -0.014696 1
-0.0630517 0.247023 0.00507425 1
0.440512 -0.237849 -0.269208 1
-0.0141909 0.0105821 -0.417934 1
0.498505 -0.0995692 0.18898 1
-0.271149 0.179802 0.0810056 1
-0.0108043 -0.00555283 0.350914 1
-0.331917 -0.139663 0.391483 1
-1.25216 0.564151 -0.0139062 1
0.0570798 0.472385 0.0186282 1
-0.0952264 0.113167 0.129558 1
-0.835091 0.0548726 0.391799 1
0.163209 -0.201591 -0.136838 1
-0.0285203 1.35529 0.317515 1
-0.154337 -0.556835 -0.381861 1
-0.0241843 0.138438 0.141162 1
-0.0525542 0.0596587 0.0180692 1
0.0655031 0.111525 -0.383005 1
-0.755595 0.000172425 0.206353 1
-0.631341 0.176688 -0.0968973 1
0.221876 -0.0409493 -0.0916689 1
0.0101014 -0.003071 -0.00311398 1
