# 1 = ball
# 2 = lepton
# 3 = photon
# 4 = PID > 100
# 5 = neutrino
# 6 = other
1.31095 -0.855685 -4.14517 4
2.05978 -0.815985 -6.722 4
0.118147 -0.572461 -2.52367 4
1.09577 -0.460378 -5.46108 4
-0.299626 0.108887 -1.01217 4
-0.039727 -0.221613 -1.21561 4
-1.11339 -1.60986 -5.31568 4
0.262024 0.248142 0.153293 4
-0.80918 0.743956 4.68088 4
-1.4139 1.00391 8.99901 4
-0.30431 0.386458 4.17995 4
0.968297 -0.0769628 -3.11135 4
0.540766 -0.576681 -3.71259 4
-0.186483 -0.578826 -3.08432 4
0.00155811 0.0539558 -0.319882 4
-1.02405 1.12026 7.99402 4
-0.350485 0.566103 2.85577 4
0.119289 -0.108683 0.154425 4
0.0695061 -0.0147023 0.271656 4
-0.0616774 0.41697 1.67295 3
-1.63987 2.06477 10.0752 3
0.235601 -0.183565 -1.6831 3
0.0495773 -0.00212423 -0.109679 3
0.0604824 0.00476858 -0.1889 3
0.271746 -0.290124 -1.1606 3
0.382674 -0.171303 -1.10113 3
-0.000103044 -0.0181948 -0.0126359 3
0.0408946 0.0277649 0.00187017 3
-0.0661024 -0.0628759 -0.0202869 3
-0.267941 0.359376 -0.179755 1
0.688972 -0.0453337 -0.23807 1
0.796129 0.175141 1.19622 1
-0.0674319 -0.187979 0.296219 1
-1.42789 -0.427127 -1.21368 1
