# 1 = ball
# 2 = lepton
# 3 = photon
# 4 = PID > 100
# 5 = neutrino
# 6 = other
3.71145 -3.58259 -5.80921 4
0.775628 -0.364202 -0.48106 4
0.324711 -0.744241 -1.80516 4
-0.850812 1.16046 1.73036 4
-8.74204 8.70635 15.0293 4
-0.0871722 -1.18929 -0.606415 4
-0.383516 -0.225969 -0.158173 4
-0.290478 0.416655 0.0573119 4
-0.0103706 0.363821 0.67224 4
-1.74275 1.49171 2.00775 4
0.0096416 -0.0477025 -0.0427517 3
0.587505 -0.440747 -0.700592 3
7.61888 -7.10074 -11.9073 4
4.34638 -3.84779 -6.2723 4
0.107975 -0.425325 -0.431517 3
0.634579 -0.183612 -0.86666 3
-0.916708 1.13999 1.79614 4
-0.297268 0.186428 0.274201 4
-0.130176 0.069653 0.229151 3
-1.06283 0.912749 1.69456 3
0.0549708 0.0340991 -0.010182 3
0.195522 -0.0552559 -0.235591 3
-0.0403681 -0.0441388 0.31361 3
0.0011195 -0.00392241 0.00678472 2
0.0211446 -0.124259 0.18496 2
-1.95608 1.69556 3.1263 3
-1.80906 1.5235 3.05561 3
0.755958 -0.694845 -1.17424 3
0.708556 -0.555286 -1.19587 3
-0.0195633 0.029545 0.0166511 3
-1.5689 1.56391 2.23669 3
-0.0122057 0.00799274 -0.00956456 1
-0.014314 0.00713406 -0.0619669 1
0.0259091 -0.0769258 -0.0467564 1
-0.0554315 -0.143715 -0.0036478 1
0.0724106 0.00996111 0.00385643 1
0.00476148 0.0435639 0.0515218 1
0.122352 0.0664502 0.0625163 1
0.0191081 -0.102129 0.204311 1
-0.0256382 -0.0151541 -0.0189913 1
0.0203353 0.157839 -0.0186014 1
0.0938924 -0.00203154 0.0182321 1
-0.326055 -0.190448 0.192726 1
-0.0647873 0.000513177 -0.0797379 1
-0.00256982 -0.0323773 0.032198 1
-0.0222684 0.1678 -0.342927 1
-0.17228 0.191595 -0.140643 1
0.184462 -0.00340199 0.232727 1
-0.0484814 0.0519189 -0.0565259 1
0.182699 -0.112524 -0.402439 1
-0.0606484 0.086071 -0.237997 1
0.132822 0.223337 -0.112841 1
