# 1 = ball
# 2 = lepton
# 3 = photon
# 4 = PID > 100
# 5 = neutrino
# 6 = other
7.11697e-06 -9.7455e-06 0.000253233 3
0.00648006 0.0217061 -0.209776 4
-0.307804 -0.0330049 -0.794992 4
0.35337 0.399457 -0.88286 4
0.293667 1.9421 -0.62908 4
0.0292788 0.16063 1.04723 4
0.210799 -1.08143 1.45342 4
0.432744 -0.387798 1.195 4
0.431103 -0.688741 1.183 4
1.80369 -0.397194 -3.00722 4
0.415278 0.156384 -1.11892 4
-0.139167 0.0823584 0.079198 4
0.132967 -0.272537 1.02328 4
-0.102066 -0.332911 0.827742 4
-0.923881 -0.0378375 1.21648 4
-0.644834 -0.257684 1.94182 4
-0.919598 0.0493205 1.88818 4
-0.17395 0.141752 0.266393 4
-1.46524 -0.38441 2.06974 4
1.24371 0.115332 -2.48139 4
-1.25555 -0.269416 2.2605 4
0.0864033 0.174199 -0.344717 4
0.449874 0.31634 -0.423493 4
0.126517 0.0931603 -0.0993598 4
-0.106813 0.000283737 -0.0166185 4
0.0611592 0.0969404 -0.359484 3
-0.00422915 -0.161057 0.317908 3
-0.175562 -0.268386 0.816792 3
-1.23321 -0.0491595 2.29713 3
-1.55301 0.0725525 2.74916 3
0.530934 -0.144729 -0.765389 3
0.677599 -0.216904 -1.27052 3
-0.79693 -0.120843 1.49073 3
-3.30562 -0.255758 5.87072 3
0.194469 0.0337245 -0.430911 3
0.94217 -0.112449 -1.82048 3
0.763302 -0.278983 -1.71279 3
0.434089 -0.0603649 -1.00764 3
0.0286789 0.0256116 -0.0413546 3
0.00984143 0.029582 -0.668853 3
0.411596 0.0737404 -0.327303 3
0.169071 0.0334114 -0.265324 3
-0.0446007 -0.0257602 0.267896 3
0.00301893 -0.0824784 0.0664962 3
0.0611956 -0.0126074 -0.198017 3
2.21479 -0.482229 -4.90176 3
0.00940546 -0.0225414 -0.0770543 3
0.562204 -0.0118562 -1.19778 3
1.24544 -0.253501 -2.67307 3
0.828586 -0.0702548 -1.8708 3
-0.160246 0.135443 0.00572121 1
0.00851325 0.0971169 -0.173666 1
0.0793154 -0.079257 -0.110981 1
-0.619627 0.475927 -0.0740972 1
0.268878 0.291654 -0.344855 1
0.212543 -0.978698 0.16037 1
-0.267081 0.679339 -0.466258 1
0.0652527 0.375434 0.134269 1
-0.178993 0.573802 -0.4454 1
-0.192604 0.129021 0.738137 1
0.172902 -0.35854 0.362937 1
1.37388 -0.728639 0.355145 1
0.0185485 0.0771017 0.0411924 1
-0.355734 0.400054 -0.366307 1
-0.0438028 0.722822 0.0064246 1
-0.180432 -0.65133 0.138993 1
-0.28425 -0.16051 0.0446877 1
-0.0326142 -0.276678 -0.229261 1
0.0306205 -0.0926818 0.339651 1
-0.0410979 0.355521 -0.281395 1
0.331558 0.0386278 -0.0897063 1
-0.312187 1.75436 0.312102 1
-0.820689 -0.0732681 0.0307557 1
-0.756843 0.460119 -0.148719 1
0.505914 -0.713593 -0.226066 1
0.0690094 -0.167463 0.353822 1
-0.694138 -0.00106438 -0.0613632 1
0.355599 0.237476 -0.414328 1
-0.551663 -0.140801 -0.616556 1
-0.29901 0.207154 0.00893072 1
0.283162 0.171201 0.282298 1
0.00394281 -0.00539902 0.00143508 1
