# 1 = ball
# 2 = lepton
# 3 = photon
# 4 = PID > 100
# 5 = neutrino
# 6 = other
-0.00511519 -0.000680435 0.15818 3
-0.0287363 0.11211 -0.256215 4
0.403841 -2.02752 -1.15844 4
0.0715088 -0.870967 -0.80011 4
-0.374582 1.4457 1.03533 4
-0.430005 3.12646 1.24756 4
0.125477 -1.0622 -0.45864 4
-0.201432 0.593478 1.00538 4
0.289854 1.39249 1.29352 4
0.576534 -2.83166 -1.7165 4
0.475444 -0.100166 -0.0259141 4
0.0355249 0.114385 0.0796843 4
-0.113895 0.0352167 -0.0432286 3
-0.0404936 0.153184 -0.0843702 3
-0.967882 8.87643 5.63604 2
-2.55324 13.7198 7.58312 5
0.128803 -0.0459521 0.107943 3
0.11769 0.0503973 0.250079 3
-0.819619 4.99944 3.28203 4
0.33784 -2.06544 -1.4095 3
0.281654 -2.6308 -1.7355 3
1.2839 -8.25777 -5.03384 4
2.27957 -13.2408 -8.83992 4
0.0921986 -0.620198 -0.326239 3
0.0958573 -1.07511 -0.786171 3
0.0973017 -1.03236 -0.925273 3
-0.546497 0.211927 0.864487 1
-0.967302 0.251058 -0.511279 1
0.129028 -0.289727 0.0760173 1
-0.251938 -0.0768509 0.19559 1
0.384834 -0.236013 0.202257 1
-0.0500598 0.248994 0.31044 1
0.0953621 0.00470816 -0.102365 1
0.200033 1.07573 0.724217 1
-0.151453 0.0527061 0.161632 1
