# 1 = ball
# 2 = lepton
# 3 = photon
# 4 = PID > 100
# 5 = neutrino
# 6 = other
0.0224396 -0.0384141 -0.0367871 3
0.249038 -2.79173 3.10468 4
-0.0737183 -0.0123826 0.103593 4
0.847243 0.00243291 -0.599201 4
-0.14137 0.776317 -0.604352 4
-0.847696 5.41716 -5.18629 4
-0.0827227 -0.49669 0.453402 4
0.350308 -3.76617 3.43378 4
-0.107605 0.134682 0.138229 4
-0.439543 0.138809 -0.798934 4
-0.189783 1.00351 -1.20056 4
-0.0701348 -1.88546 1.51485 4
-0.048595 -0.0198647 0.00772323 3
0.0564192 -0.131314 0.00648949 4
0.192518 -0.4237 0.274205 4
-0.584754 4.99561 -4.00515 2
-1.24719 9.36503 -9.2624 5
-0.443314 3.4493 -2.92174 3
-0.0838711 0.449021 -0.331137 3
0.0322061 -0.628508 0.6511 3
0.0708825 -0.631141 0.482791 3
0.0678545 0.0094742 0.0182658 3
0.189828 -0.199304 0.18342 3
-0.768195 4.34526 -4.88195 4
0.550729 -4.39878 4.31617 4
0.118893 -6.6419 5.99644 4
0.44827 -2.45135 2.20859 3
0.889354 -5.84715 5.38855 3
1.06554 0.578828 1.62198 1
0.130117 -0.09728 -0.489245 1
-0.0783968 -0.0731619 0.351454 1
0.505297 0.422342 -0.331735 1
-0.617953 -0.35122 -0.0284445 1
0.0636791 -0.20696 0.24577 1
0.0329623 -0.0401922 0.214806 1
-0.0570561 0.0453521 -0.0358741 1
-0.00168796 -0.000448922 -0.00250353 1
