# 1 = ball
# 2 = lepton
# 3 = photon
# 4 = PID > 100
# 5 = neutrino
# 6 = other
0.00468635 0.0010494 0.0083389 3
-6.69337 3.68946 8.19244 4
-0.271264 0.590354 0.931613 4
-4.47807 2.86436 5.86301 4
-1.14812 0.589613 0.982847 4
-0.792574 0.686601 0.646298 4
0.0443918 0.540202 0.193004 4
1.44605 -0.629552 -1.70244 4
1.03078 -0.34273 -0.881512 4
0.959832 -0.585764 -1.69849 4
2.96037 -2.20756 -3.6168 4
-4.73157 3.06418 4.88998 4
-3.18436 2.27462 3.75107 4
-0.0529313 0.261488 0.210896 4
5.01829 -3.86082 -6.63929 4
1.75633 -1.86691 -2.92142 4
5.21511 -4.23031 -6.98998 4
0.94305 0.0386032 -0.651579 4
0.028211 -0.0691167 -0.013036 3
0.0571494 -0.0817801 -0.105402 3
0.367498 -0.247876 -0.885412 3
-0.656012 0.520658 1.09174 3
-0.236289 0.215381 0.296689 3
1.27423 -1.43905 -2.07161 3
0.90959 -0.899745 -1.48476 3
-0.0610459 0.0399543 0.126263 3
-0.325399 0.41039 0.406055 3
-0.0310092 -0.00547447 0.0691083 3
-0.131466 0.200174 0.313295 2
-0.0889022 0.139508 0.211452 2
-0.578767 0.386625 0.714123 3
-0.039217 -0.00018928 0.0800953 3
0.00229019 -0.0684391 0.16776 3
0.177474 -0.0902953 0.261135 3
0.0399857 -0.154445 0.147503 3
0.109548 -0.103266 0.0252845 3
-0.0417259 -0.0455791 0.18741 3
0.053955 -0.139683 0.160772 3
-0.0101745 0.0154697 -0.00751545 3
0.104277 -0.21506 -0.199512 3
0.326337 -0.309219 -0.168981 3
0.00846373 -0.0306959 -0.0555456 3
0.407068 -0.289034 -0.470518 3
0.00570225 -0.00946627 -0.0626594 3
0.195968 -0.323176 0.29931 1
-0.237753 0.466889 -0.335096 1
-0.225245 0.331808 0.086335 1
0.253835 0.246665 -0.20035 1
0.195571 -0.196643 -0.0107149 1
0.363842 0.291605 0.130537 1
0.00515826 0.0764045 -0.133657 1
-0.0376059 0.0452329 0.168445 1
0.119181 -0.088146 0.163292 1
0.269248 0.106613 -0.25618 1
-0.378294 0.468894 0.1547 1
-0.222314 -0.0327825 0.63167 1
