# 1 = ball
# 2 = lepton
# 3 = photon
# 4 = PID > 100
# 5 = neutrino
# 6 = other
0.155985 -1.34725 -0.0239663 4
0.658937 -1.8175 0.108572 4
0.798119 -2.23616 -0.704743 4
0.257094 -0.0981042 -0.0952496 4
-1.67291 3.3852 -0.81011 4
-1.96834 4.00131 -1.28632 4
-0.023474 -0.345321 -0.0639598 4
1.11729 -1.80258 0.49862 4
-0.249012 0.805466 -0.674963 4
0.837744 -1.03056 0.530112 3
1.78168 -2.12003 0.903693 3
0.131601 -0.866717 -0.119592 4
0.145555 -0.943659 0.0980591 4
-0.340222 0.509386 -0.15591 4
-0.294361 0.48928 0.19265 4
-0.0964203 0.15179 -0.0944548 3
-0.757057 0.765277 -0.309826 3
-0.272145 0.531946 -0.103492 3
-0.545636 0.824249 -0.308974 3
-0.0431058 0.114555 0.0178642 3
-0.447334 0.474261 0.0343109 3
-0.237812 0.408166 -0.0149809 3
2.76688 -4.20731 1.80651 4
1.39727 -1.83903 1.03008 4
0.333004 -0.455749 0.220054 3
0.0484736 -0.0728092 -0.0190764 3
-0.195633 0.110812 -0.0852859 3
-0.506492 0.559917 -0.225956 3
-8.10304 14.2478 -4.22367 4
1.64791 -2.6288 1.45651 4
6.4081 -9.47921 4.0289 3
1.13445 -1.70875 0.664658 3
-0.459945 0.543302 -0.08807 3
-1.3007 2.97085 -1.11878 4
-1.37054 1.78785 -0.842379 4
-0.0077257 -0.102009 0.00804959 1
-0.00614127 -0.0847928 -0.0654136 1
0.051027 -0.0155654 -0.0458395 1
-0.0721252 0.000172605 -0.111495 1
-0.173144 -0.024724 0.0468937 1
-0.0520145 0.00721939 0.0749779 1
-0.00365144 0.0407528 0.0509336 1
-0.175241 0.188322 0.0762108 1
-0.024751 -0.0171147 0.00875683 1
0.0491871 -0.189812 -0.179097 1
-0.204367 -0.0456375 -0.0505834 1
0.0526198 -0.00625114 -0.0565215 1
-0.135059 -0.279962 -0.0915521 1
0.0293118 -0.102249 -0.141716 1
-0.0800173 0.299323 0.161987 1
-0.00662485 -0.0135001 -0.00372375 1
-0.0355258 -0.0500576 -0.057564 1
0.0325184 -0.0578569 -0.082118 1
-0.000249213 0.00780304 0.0221463 1
0.0779772 -0.0294329 -0.127648 1
0.0695656 0.13955 0.191075 1
-0.017175 0.239642 0.104053 1
0.0856181 -0.0632533 0.0299357 1
0.250046 -0.16932 -0.181169 1
-0.0660805 -0.138642 0.0347422 1
-0.0364107 -0.0202456 -0.0484899 1
0.0521046 -0.0047036 0.137322 1
0.0271629 0.0301033 0.009217 1
-0.202445 -0.0715215 -0.0275478 1
0.0394347 -0.0542812 0.0260965 1
-0.285754 0.113674 0.111107 1
0.0922242 0.0633257 -0.0828326 1
-0.210331 0.0796694 0.10894 1
-0.123595 0.133058 0.0813319 1
0.221351 0.408636 0.114092 1
0.160792 -0.0676657 0.241369 1
-0.082615 0.019727 -0.208014 1
-0.149966 0.0867848 -0.111375 1
-0.152993 0.0896924 0.271317 1
0.00231066 -0.033104 -0.0103096 1
0.288875 -0.0212837 -0.387949 1
-0.0140262 0.0336412 -0.0604156 1
