# 1 = ball
# 2 = lepton
# 3 = photon
# 4 = PID > 100
# 5 = neutrino
# 6 = other
0.189775 0.0120216 -9.41263 3
0.393708 -0.157216 0.544467 4
-0.104747 0.106901 0.182861 4
-0.226665 0.221517 0.012167 4
-1.25717 0.294444 -3.26117 4
0.286966 0.189068 1.10942 4
0.111338 -0.0608356 -0.0581935 3
0.326962 -0.141225 0.0624266 3
6.74287 -2.20697 18.3207 4
0.554567 0.349949 2.76034 4
0.579029 -0.19413 1.26465 4
0.0143607 -0.0379478 0.130749 3
0.113454 0.0927514 0.23287 3
0.286968 -0.0862856 0.76615 3
4.0277 -0.733702 9.93517 3
-0.232769 -0.0401533 -0.324459 3
-0.125323 0.0657473 -0.296189 3
-0.597514 0.326466 -1.45246 4
-3.19758 1.84918 -6.96181 4
0.950429 0.268472 1.71487 4
0.0459455 -0.144532 0.169051 4
-0.952544 0.0559155 -1.29189 4
-2.80317 -0.76447 -4.21511 4
-1.39768 0.822852 -1.75563 4
-0.985225 0.231526 -2.07038 4
-1.86479 0.360038 -4.22837 4
-0.191503 -0.0764775 0.253402 1
-0.58059 0.165308 -0.334255 1
0.045669 0.0208866 0.0996304 1
-0.153814 -0.224999 -0.28239 1
-0.325773 -0.00774176 -0.23959 1
-0.152026 -0.112022 0.039014 1
-0.0270896 0.00882908 -0.00447351 1
-0.0201237 -0.674151 -0.0643365 1
-0.285464 -0.072322 0.0923906 1
-0.174247 0.0249834 -0.228865 1
-0.231052 -0.118894 -0.284474 1
0.698113 0.699152 -0.6945 1
0.0784708 -0.353135 0.167625 1
0.140198 0.126779 -0.408846 1
0.520003 -0.0746835 -0.515924 1
0.0153179 0.22142 0.126417 1
0.638311 -0.339923 -0.246242 1
-0.578877 0.274074 -0.447929 1
-0.295924 -0.167637 1.09251 1
0.00151067 0.00116776 0.00322731 1
