# 1 = ball
# 2 = lepton
# 3 = photon
# 4 = PID > 100
# 5 = neutrino
# 6 = other
1.04676 -8.58117 -3.841 4
0.405182 -3.31554 -2.01292 4
-0.0424113 0.313256 0.628676 4
-0.057331 0.937924 1.31423 4
-1.43189 9.89367 5.12732 4
-0.223611 1.09055 0.870626 4
0.449334 -2.07789 -1.78654 4
0.184017 -0.150852 0.556505 4
-3.42926 19.5915 10.4991 4
-0.253636 0.995532 0.466377 4
1.81137 -11.9362 -6.6375 4
0.857017 -5.84304 -3.25322 4
0.184182 -1.07689 -0.465652 4
-0.191231 1.18667 0.390829 4
-0.577134 1.75979 0.521356 4
0.279688 -0.907459 -0.636315 3
0.303016 -1.36029 -0.792839 3
0.104307 -0.42151 -0.302069 3
0.37128 -1.17813 -0.610441 3
-0.0743876 0.790221 0.287474 3
-0.0518684 0.109553 0.0112 3
-0.0410962 0.0708601 -0.0168679 1
0.11838 0.0813905 -0.0562748 1
-0.000710657 0.0119442 -0.0173048 1
0.00314571 0.0978697 -0.059802 1
0.0159803 -0.106837 -0.0455716 1
-0.0193171 -0.177119 0.171184 1
0.0190149 -0.0289718 -0.138868 1
-0.256631 -0.00646627 0.363086 1
-0.0439979 -0.0899034 0.0221678 1
-0.0993063 0.0269615 -0.161418 1
0.0258576 0.0828698 -0.0242801 1
-0.220048 -0.0446323 0.13065 1
-0.0834655 0.0178429 0.0218487 1
0.0401462 0.0151098 -0.0288541 1
0.0105454 -0.00716559 0.15807 1
0.136254 0.0550784 -0.0464544 1
0.0455503 0.0852244 0.0270546 1
-0.00747134 0.0244599 0.0267607 1
0.0587952 -0.0142958 -0.0776327 1
0.245749 0.0338893 -0.264012 1
0.218147 0.0789258 -0.249424 1
0.042706 0.00745532 0.00691091 1
0.128384 -0.0342409 -0.0761336 1
