# 1 = ball
# 2 = lepton
# 3 = photon
# 4 = PID > 100
# 5 = neutrino
# 6 = other
0.360838 -1.13174 4.8769 3
0.0261995 -0.00364436 0.012148 3
-0.000576933 0.00606087 -0.0168976 3
-6.15201e-06 -5.94284e-06 0.000142675 3
-0.007028 0.000612745 0.00521518 3
12.0109 0.505667 -15.1342 5
7.61755 -0.639198 -9.97868 4
-16.7085 -1.09514 16.4419 5
-3.23347 -0.038244 3.11504 4
0.302689 0.0430474 -0.441671 3
0.409847 -0.0436634 -0.83201 3
-0.987076 -0.186755 0.711991 3
-2.88427 -0.404818 2.29327 3
-0.157038 0.272002 -0.669326 1
0.291227 0.668364 -0.311717 1
0.255047 0.547648 1.22124 1
-0.823548 -0.208394 0.371029 1
-0.139084 -0.424146 -0.0399984 1
-0.182934 -0.432378 -0.697171 1
0.299895 0.25276 0.381187 1
0.0992417 0.133125 -0.155756 1
1.47398 0.0390644 -0.596131 1
0.0874745 -0.309984 0.281559 1
0.221782 -0.000398235 -0.077216 1
-0.0894818 0.206184 0.801455 1
0.065953 0.194778 -0.173755 1
0.404895 -0.276155 0.2784 1
-0.00239516 0.217673 0.144923 1
0.164073 -0.158818 0.104325 1
0.270987 -0.174344 -0.0934843 1
0.174171 0.173806 -0.181386 1
0.386313 0.247279 0.190621 1
-0.305576 -0.119023 -0.0202059 1
0.249497 0.635088 0.0431285 1
0.00790448 -0.257887 -0.332401 1
-0.148763 -0.0654128 8.80898e-06 1
0.670502 0.00214359 0.724083 1
0.257923 0.98046 -0.589993 1
0.412225 0.19308 -0.108981 1
0.252706 0.439462 -0.0804857 1
0.105004 0.1853 -0.119372 1
-0.151905 0.105512 -0.121207 1
-0.569937 -0.730629 -0.00160877 1
-0.0245749 0.402926 -0.557125 1
-0.130841 0.535163 -0.729307 1
-0.065178 0.032821 -0.0128326 1
-0.266567 -0.319255 0.0744032 1
