# 1 = ball
# 2 = lepton
# 3 = photon
# 4 = PID > 100
# 5 = neutrino
# 6 = other
-1.22665 -1.01675 41.0019 2
1.2638 0.818698 -17.4177 2
0.102846 0.213896 -18.5526 3
0.647675 0.491417 -2.67628 4
-0.332134 0.419009 -1.22539 4
0.0461725 -0.109672 0.052868 1
0.177435 -0.109651 -0.0552424 1
0.0144945 -0.0228729 0.0126248 1
-0.0800309 -0.293675 -0.138248 1
0.0681925 0.00937759 -0.1529 1
-0.120699 -0.0822496 -0.049424 1
0.0114911 -0.181948 0.104829 1
-0.31389 -0.142081 0.126323 1
0.363988 -0.292352 -0.155107 1
0.0804796 0.0125555 0.108508 1
-0.0525604 -0.0943274 0.0330281 1
0.0173493 0.0328749 0.0828548 1
-0.101308 -0.0303691 0.128669 1
-0.117305 0.0949696 0.23755 1
0.107673 -0.0362256 -0.170897 1
0.462195 0.173086 0.0304627 1
-0.047026 0.1307 -0.0266065 1
0.162756 -0.0133474 0.0731119 1
0.0103578 0.00949015 -0.0205423 1
0.0883679 0.0483137 -0.111951 1
-0.226567 0.188859 -0.20937 1
0.0640458 -0.147223 -0.160371 1
-0.153387 0.100356 -0.202888 1
-0.40175 0.226008 -0.0317295 1
-0.110873 0.106169 -0.0953564 1
0.0660081 -0.0188443 -0.248155 1
-0.0689433 -0.0525824 0.058148 1
-0.0955681 -0.0801977 -0.154044 1
0.019377 -0.0520115 0.101487 1
0.0451957 0.0692387 0.063824 1
0.141728 -0.104491 -0.0403305 1
0.00513703 -0.00230611 0.000973865 1
-0.136901 -0.0165822 0.131841 1
0.00518167 0.0305429 0.0161086 1
-0.0686722 0.0440697 -0.159429 1
-0.0424676 -0.0761969 -0.136154 1
0.0721399 -0.12099 0.144879 1
-0.111516 -0.0558994 -0.215932 1
-0.0767654 -0.0440414 -0.0339248 1
-0.0670663 -0.0450909 0.00990038 1
-0.0919993 0.0223465 -0.0792614 1
