# 1 = ball
# 2 = lepton
# 3 = photon
# 4 = PID > 100
# 5 = neutrino
# 6 = other
0.526893 0.0201096 -5.11639 4
0.350816 -0.130837 -2.47936 4
0.335238 1.33916 -5.42122 4
-0.712449 0.837533 -0.986625 4
0.393354 -0.365147 -0.427117 4
-0.0792386 0.216287 -0.00920965 4
0.564453 0.0742313 -0.467763 4
-0.804108 0.68409 -2.00622 4
-1.38494 -0.0758012 -1.95407 4
-0.756769 0.224618 -0.872308 4
5.68095 -1.90351 15.8451 4
0.491837 -0.0461034 1.61705 4
0.239925 0.00576525 0.327661 4
-0.0630049 -0.742832 0.853781 3
-0.053885 -0.135757 0.23835 3
0.151468 0.352143 0.847755 3
0.183101 0.00933094 -0.0119711 3
-0.0264395 -0.529591 -0.394699 3
0.0853286 -0.0864798 -0.0272582 3
0.273548 -0.068137 0.0746332 3
0.0492658 -0.310301 -0.573415 4
-0.0470126 -0.238836 -0.600273 4
0.455134 0.0153444 -0.719062 3
0.00967331 0.0222415 -0.0823567 3
-0.23603 0.307351 -0.564034 3
-0.124165 0.381139 -0.546619 3
-1.97536 -0.139729 -2.41611 3
-0.569393 -0.00134426 -0.602232 3
0.579858 -0.191291 1.97767 3
2.14982 -0.479592 6.69177 3
-0.144601 -0.0554171 -0.102951 3
-0.0466292 -0.0809508 -0.198171 3
-0.669716 0.0258153 -0.70892 3
-0.0646842 0.0239913 -0.0272443 3
-0.31264 0.066117 -0.32426 3
-1.12802 0.506694 -1.2977 3
-0.0918894 0.11712 -0.0930798 3
-1.48376 1.43434 -1.80909 3
0.0440721 -0.119444 0.698019 3
0.130785 -0.0179036 0.84815 3
0.419968 -0.134773 -2.32415e-05 3
0.0752954 0.0330254 -0.00248163 3
-0.1758 0.0762384 -0.245727 3
-0.0161445 0.0608592 -0.207619 3
0.272632 0.0955871 0.376121 1
-0.873997 0.0685647 -0.646599 1
-0.27692 -0.331284 -0.399839 1
0.0278145 -0.0173313 0.114803 1
-0.155071 0.252359 0.24045 1
-0.0842094 0.54745 0.389248 1
-0.20637 0.108234 -0.261424 1
-0.0188644 0.418281 0.0530022 1
-0.0420246 0.0133632 0.493598 1
-0.126674 -0.415685 -0.129389 1
-0.152324 0.207241 0.493155 1
0.0914569 0.388943 1.379 1
-0.0635257 0.16777 -0.329983 1
-0.0514936 0.430287 -0.888344 1
-0.372421 -0.193349 0.115311 1
0.762673 0.659794 0.527966 1
-0.056599 -0.513046 0.476478 1
-0.0642477 -0.067727 0.302477 1
0.5438 0.291216 -1.16282 1
-0.389755 -0.141587 0.0568187 1
0.492454 -0.0821219 -0.319009 1
0.552927 -0.5529 -0.15039 1
0.140864 -0.165846 0.00807977 1
-0.92867 -0.126866 0.780525 1
-0.525098 0.174046 -0.132582 1
-0.0186903 -0.0664624 0.141886 1
-0.224017 -1.42855 -0.0209054 1
-0.617917 0.0948696 -0.0172571 1
0.0733412 -0.13815 -0.0526172 1
-0.0608391 -0.492303 0.07725 1
0.0311769 0.0813259 -0.0946084 1
0.0964952 -0.245895 -0.144781 1
