# 1 = ball
# 2 = lepton
# 3 = photon
# 4 = PID > 100
# 5 = neutrino
# 6 = other
-0.0118097 0.00252239 -0.624908 3
-12.0313 9.20445 -6.39937 4
-1.78738 1.50268 -1.76565 4
-0.230875 0.103199 -0.407119 4
1.08081 -0.88927 0.799154 4
1.85726 -1.54396 2.2652 4
-1.37669 1.59613 -1.2412 4
-2.1011 1.36442 -1.73921 4
-0.56493 0.782025 -0.665565 4
-1.95729 0.706235 -1.65845 4
-1.00027 0.818063 -0.966648 4
-0.262303 0.858042 -1.1177 4
-1.28454 0.956494 -2.34748 4
0.841208 -0.460674 0.867618 4
15.5857 -12.9327 14.0833 4
-0.0389163 0.00564171 -0.000711618 3
-0.11864 0.187883 -0.310212 3
-0.37572 0.37396 -0.651774 4
-0.277983 0.355213 -0.109219 4
0.117478 -0.0720475 -0.0150504 3
1.06029 -0.620788 0.268655 3
1.72315 -1.85924 1.79065 3
0.261117 -0.210398 0.245228 3
-0.326621 -4.14717e-06 -0.323871 3
-0.264372 0.102938 -0.19094 3
-0.220458 0.311377 -0.237749 3
-0.984984 1.01002 -0.722553 3
-0.646731 0.10432 -0.525673 3
-0.0083706 -0.00656 0.00645147 3
-0.036066 -0.012759 0.000808934 3
0.0251753 -0.320113 0.00102864 3
0.705602 -0.517791 0.478951 3
1.2909 -0.937489 1.08665 3
0.0293981 0.309988 -0.277758 3
-0.0665768 0.122048 -0.181535 3
0.00698251 -0.0271337 -0.0597358 1
0.163478 -0.176052 0.152397 1
0.00350711 0.00590831 -0.0298399 1
-0.0178455 0.103123 -0.0526251 1
0.255094 0.0319142 -0.0288859 1
0.0413177 0.387109 -0.168277 1
0.173295 -0.272447 -0.0759629 1
0.314812 0.0889789 0.306186 1
-0.0712491 -0.0543113 0.465862 1
0.0194794 0.0807293 0.0279498 1
-0.0392842 0.0486254 0.0717453 1
-0.0215801 -0.0223104 -0.0727407 1
0.12288 -0.0539342 -0.00156064 1
0.0105199 0.0952155 -0.0621234 1
-0.00493146 -0.15853 -0.142303 1
-0.0119896 -0.00762159 0.000531422 1
-0.0767654 -0.0622823 -0.0899838 1
0.090924 -0.00833626 -0.0933246 1
0.106357 -0.315259 0.166403 1
-0.0450656 -0.0933279 0.0731022 1
0.0186882 -0.0193082 0.00541464 1
0.0798934 -0.0108849 0.0794449 1
0.118391 -0.148954 0.102483 1
0.093069 0.0107051 -0.149553 1
-0.103312 -0.00555253 0.0210521 1
-0.0120752 -0.0145788 0.014709 1
-0.0372065 0.145025 -0.0110124 1
0.0195235 -0.0897048 -0.0319021 1
-0.0389684 -0.0240122 0.239582 1
0.117751 -0.0101726 0.000694212 1
-0.296739 0.107372 -0.0241223 1
-0.00171908 -0.133294 0.036436 1
0.0753119 -0.0965019 0.225389 1
-0.0313581 0.0302078 -0.0263841 1
0.0613908 0.0492746 0.0161802 1
0.0978867 0.0311593 0.00351432 1
-0.123978 0.00216581 -0.268119 1
0.326138 0.00641192 0.172692 1
0.000184261 0.0137316 -0.00955535 1
0.104317 0.0634624 -0.285656 1
-0.169244 0.117945 0.122026 1
0.0803957 -0.00904714 -0.0324685 1
-0.00239929 0.000676907 -0.00100836 1
