# 1 = ball
# 2 = lepton
# 3 = photon
# 4 = PID > 100
# 5 = neutrino
# 6 = other
-0.00333971 -0.00182552 -0.00123064 3
-0.00275873 -0.248982 -0.301824 4
3.99243 0.480304 -0.722431 4
1.17853 -0.60253 -0.519176 4
-0.597392 -0.450115 0.582938 4
0.186498 0.13454 -0.405895 4
0.844182 -0.324563 -0.377476 4
11.6238 4.09834 -1.58317 4
4.65433 0.0614228 -0.514504 4
1.45353 0.395908 -0.148738 3
1.71991 0.618714 -0.147813 3
0.256886 -0.242189 0.0653757 4
0.150427 0.144806 0.119545 4
0.0860479 0.0386588 -0.0149023 3
-0.683051 -0.444337 0.121388 3
-0.144104 -0.0458232 -0.0191666 3
-0.538915 -0.109763 0.142406 3
1.97985 0.780497 -0.878926 4
4.36465 1.54627 -1.26619 4
0.596291 0.343731 -0.0699783 4
0.621249 0.184679 -0.25243 4
1.54721 0.513498 -0.304302 3
0.0652578 0.0424704 -0.0374533 3
6.73582 2.43883 -1.41988 4
-1.40541 -0.528 0.34033 3
-12.7995 -3.07192 2.36011 4
-3.24634 -0.702434 0.734197 4
-8.46516 -3.17104 2.05853 4
-0.511237 -0.00637138 0.0368664 3
-0.696347 -0.138106 0.143739 3
-8.40608 -0.998405 1.83563 3
-0.139557 -0.127253 -0.0435464 3
-2.1352 -0.488514 -0.115041 4
-1.82228 -0.0765802 0.532839 3
-0.460305 -0.0439229 0.0701827 3
