# 1 = ball
# 2 = lepton
# 3 = photon
# 4 = PID > 100
# 5 = neutrino
# 6 = other
-0.148181 -0.0204211 0.424806 3
-0.926819 0.516373 0.0936532 4
-0.231514 0.278188 0.166157 4
-1.35057 0.167006 1.24811 4
-5.00149 -0.590969 1.49213 3
-0.259754 0.0942489 0.0669839 3
0.00665976 -0.00214403 0.0148422 3
0.655805 0.241483 -0.0936453 3
0.219064 0.192515 -0.50385 4
0.127158 -0.241231 -0.121627 4
2.46145 -0.00860475 -0.670552 3
0.974594 0.0533921 -0.200904 3
0.199906 -0.0307752 -0.12787 3
-3.29553 -0.127805 1.60929 4
-0.503338 0.315461 0.0449725 4
-0.707506 -0.0237554 0.339467 4
-1.20695 -0.226803 0.464493 4
-2.25234 -0.00963458 0.929317 4
-0.0222408 0.0475385 0.00567836 3
-0.0305861 -0.0658823 -0.0908888 3
2.06875 -0.058549 -1.21708 4
5.66615 0.298906 -2.4058 4
4.42994 -0.127728 -3.03472 4
-9.13951 -0.495307 4.55598 4
-6.51511 -0.0815094 2.88646 4
-0.184336 0.0771389 0.0725841 3
-0.0141221 -0.0193865 -0.0294717 3
4.27466 -0.488056 -1.82012 4
1.06363 -0.104556 -0.464413 3
0.468735 0.0382311 -0.171687 3
-2.67378 -0.0869096 1.42469 4
-2.34454 -0.255781 0.922326 4
11.5381 0.245617 -4.6966 4
-0.407426 0.10609 0.170987 3
-0.390314 0.180681 0.303427 3
4.89263 -0.0497487 -1.91896 4
-0.197363 0.142463 -0.106252 1
-0.023995 0.00685164 0.00297513 1
-0.0288515 0.158131 0.0711598 1
-0.629265 0.0310912 0.122169 1
-0.0728315 -0.0792674 0.130754 1
0.0792349 0.0862614 -0.0189733 1
0.16803 -0.163489 0.139799 1
-0.0857254 -0.151072 -0.0586028 1
-0.0452281 0.0312985 0.06416 1
-0.042132 -0.0566483 -0.100883 1
0.0277999 0.131456 -0.0148832 1
-0.00339818 0.20551 -0.0951912 1
0.144184 -0.00954159 -0.254772 1
0.053362 0.0558827 0.0283226 1
-0.135353 0.245528 0.195568 1
-0.0676807 -0.0248416 -0.0262344 1
-0.142051 -0.305366 0.0113587 1
-0.17103 -0.0118011 0.111513 1
-0.074564 0.138828 0.0351854 1
-0.194444 -0.168587 0.0946644 1
