# 1 = ball
# 2 = lepton
# 3 = photon
# 4 = PID > 100
# 5 = neutrino
# 6 = other
0.709564 -0.610254 3.87664 4
0.194694 -0.227139 0.244485 4
-0.0810576 -1.24037 5.76724 4
-0.0621148 -1.80556 7.37626 4
0.463864 -0.0701138 0.0756791 4
-0.147423 0.463436 0.540001 4
-0.823927 0.432948 -1.15535 4
-0.145829 0.732088 -2.30415 4
-0.0217121 0.548468 -0.719992 4
-0.535125 -0.209546 -0.836814 4
0.0281563 0.0863757 -0.00313957 4
-2.60145 -1.86688 -3.40397 4
-1.63004 -1.07637 -1.97951 4
0.264167 0.121766 0.230115 4
-0.138117 0.625044 -1.34086 4
0.197958 -0.0447766 -0.121273 4
0.095832 0.0687513 -0.208265 4
-0.111247 1.13639 -4.25089 4
-1.39093 -1.04679 -1.19956 4
1.98913 0.581728 3.36941 4
0.0847859 0.154627 0.24054 3
0.130683 0.101705 0.0772687 3
-0.0454632 0.189325 0.147579 3
0.0102898 0.0119853 0.10994 3
0.0765438 -0.205369 1.15329 3
0.198722 -0.801153 3.20973 3
-0.0528119 0.258432 -1.58767 3
0.00720822 -0.0153722 -0.145606 3
-0.347272 2.17519 -3.94167 3
0.14655 0.170295 -0.877191 3
0.0531291 0.106679 -1.01541 3
0.0607096 0.0623193 -0.780258 4
-0.113287 0.67862 -2.19198 4
-0.171708 0.00991697 -0.343945 3
-0.0315342 0.0165713 0.00275866 3
0.266692 0.203935 -0.302892 3
-0.199575 0.217365 -0.78283 3
0.389318 0.0719226 -1.143 3
0.0567476 -0.100477 -0.151041 3
0.155163 -0.0315568 -0.088947 3
-0.398842 -0.327488 -0.0613268 3
-0.0025218 -0.0263691 -0.0293632 3
2.11569 0.576945 3.61844 3
2.35271 0.724857 3.83848 3
-0.0836821 -0.239029 0.205062 3
-0.333538 -0.409906 0.521565 3
-0.244877 0.404128 -1.52226 3
-0.0420212 0.00391643 -0.0964736 3
0.0246482 0.112649 -0.143342 3
0.0866962 0.594087 -1.34481 3
-0.0828509 0.193586 -0.674659 3
-0.14346 0.410269 -0.869192 3
0.0101387 -0.0510713 0.0122766 1
-0.289081 -0.989221 -0.0867322 1
0.0788343 0.0904448 0.102059 1
0.482663 0.794742 -0.366923 1
-0.144379 0.126195 0.105648 1
0.0394889 0.183945 -0.0719668 1
-0.285216 0.314352 0.00625341 1
0.688772 -0.239475 0.695472 1
-0.28012 -0.879725 -0.0177767 1
-0.310413 -0.798301 -0.358606 1
-0.202198 -0.156652 -0.0582967 1
0.131194 0.0800035 0.128455 1
-0.291107 0.373772 -0.192286 1
0.251948 0.0283227 -0.000634957 1
0.209874 -0.0450302 0.278939 1
-0.0647432 0.100761 0.517958 1
-0.340117 0.0486784 0.201692 1
0.127898 -0.0263356 -0.111384 1
-0.0673053 -0.792352 0.297555 1
0.0766421 -0.0548514 -0.0685495 1
