# 1 = ball
# 2 = lepton
# 3 = photon
# 4 = PID > 100
# 5 = neutrino
# 6 = other
-5.2721 1.92598 -8.61599 4
-2.8078 0.213567 -4.05381 4
-2.61773 0.639883 -4.61537 4
-0.999257 0.201989 -0.760026 4
-2.25138 -0.139939 -4.97654 4
1.58944 1.7277 0.322219 4
1.88364 1.84983 -0.130949 4
-0.0240907 0.152711 0.269888 4
-0.156148 -0.571388 0.800346 4
0.288158 -0.137278 0.0837998 4
0.787889 1.27435 -1.07284 4
1.00399 1.37157 -0.0973413 4
0.939662 1.643 -0.493678 4
0.217014 1.1724 -0.11475 4
-0.104233 -1.45496 2.06723 4
3.97221 -10.8297 18.0308 4
1.44755 -3.99603 5.96097 4
0.0225399 0.568383 -0.367195 4
0.953258 1.79119 -0.239751 4
-0.307372 0.506505 -0.704995 4
-0.062197 -0.0198549 -0.135989 4
-0.000540107 0.0456032 -0.0523842 3
0.434724 0.406373 -0.817764 3
0.26075 -0.464872 0.521153 4
0.278258 0.0296957 0.397671 4
1.34736 1.71611 -0.468143 3
0.381066 0.58104 -0.100315 3
0.340747 0.452863 -0.119853 3
0.557672 0.545862 -0.275066 3
0.132298 -0.145656 0.398728 3
0.0522833 -0.02577 0.388771 3
-0.272887 0.186189 -0.886959 3
-0.0810915 -0.0102938 -0.139206 3
0.272095 -0.375245 0.684066 3
0.00467088 -0.0757106 0.186535 3
-0.66427 0.280092 0.240932 1
0.0712704 0.182566 0.121103 1
-0.812952 -0.00198555 -0.275396 1
-0.34787 -0.418703 -1.21783 1
0.452226 -0.158863 -0.350722 1
-0.643453 -0.676441 -0.104607 1
-0.265422 0.0372707 0.713275 1
