# 1 = ball
# 2 = lepton
# 3 = photon
# 4 = PID > 100
# 5 = neutrino
# 6 = other
0.00486285 -0.000535494 0.271295 3
0.710288 0.451786 0.0746009 4
1.45226 0.630113 0.614555 4
-1.88217 -0.140751 -0.584509 4
-1.00925 0.0974361 -0.579968 4
-1.5033 -0.344527 -0.952641 4
0.418772 0.0924407 0.132636 4
1.12019 0.57678 0.186628 4
6.37308 -0.356735 3.39432 4
6.34061 0.169978 2.88723 4
13.657 0.818985 6.38113 4
-6.73537 -0.412234 -2.41616 4
-3.14488 -0.535082 -1.67846 4
-0.984819 -0.332639 -0.366508 4
-2.84558 0.76798 -1.27853 4
-0.814765 0.262281 0.0971742 4
-4.349 0.423559 -2.53859 4
0.57274 -0.0711505 0.177849 4
0.239647 -0.0490313 0.287394 4
2.77104 -0.267439 0.922814 4
-0.337411 0.00798883 -0.134441 3
-0.458629 -0.0812131 -0.0526751 3
1.22558 -0.204684 0.138006 4
0.339069 -0.0345408 0.0368827 4
0.588696 -0.156465 0.0668209 3
0.411378 -0.211624 0.114594 3
-8.66572 -1.05791 -3.93901 3
-1.33338 -0.211671 -0.632803 3
-0.0361883 0.0451411 -0.0169375 3
-1.03477 0.383145 -0.300619 3
0.235014 0.0156319 0.0353356 3
0.369786 -0.0733285 0.203838 3
0.145144 -0.0981388 -0.045871 1
0.0997106 -0.178356 0.0340116 1
-0.222739 0.00306914 0.0648827 1
-0.20517 0.248939 -0.092031 1
-0.0338124 0.0120671 -0.0983584 1
0.0971088 -0.0681824 0.010419 1
0.0385455 0.0973185 -0.0132503 1
-0.198779 -0.300021 0.124584 1
-0.158573 -0.403868 0.164558 1
0.0515483 0.0419727 -0.0828509 1
-0.0681797 0.00708857 0.0110698 1
0.0382922 0.024662 -0.0717691 1
-0.111554 -0.052842 -0.0418771 1
-0.56541 0.217221 -0.394055 1
0.0264092 -0.0754639 0.0315259 1
-0.0154769 0.16775 -0.133152 1
-0.0939004 -0.396915 0.122685 1
-0.0534713 0.298119 -0.0937363 1
-0.136326 0.0106066 0.0314595 1
-0.0470233 0.297309 0.210818 1
-0.196762 -0.228349 -0.0249117 1
0.122308 -0.162988 0.0478828 1
-0.0617909 -0.0963733 0.0257401 1
0.0198839 0.0185827 0.00612816 1
0.0517352 -0.381975 -0.0914739 1
-0.0283814 0.204332 0.0449942 1
0.00412846 -0.00165163 -0.00235522 1
0.00752174 -0.0145307 0.00238284 1
0.0448825 0.030743 0.00622253 1
-0.126677 0.110916 -0.146219 1
-0.0586238 0.0866515 -0.293986 1
0.117383 0.0878962 -0.0260003 1
-0.0948994 0.0682727 0.224168 1
-0.10273 0.0266492 -0.436235 1
0.107568 -0.000592135 -0.0261538 1
-0.0953526 -0.0643356 0.239137 1
0.00864708 0.262728 0.160374 1
