# 1 = ball
# 2 = lepton
# 3 = photon
# 4 = PID > 100
# 5 = neutrino
# 6 = other
-0.334843 0.229432 2.13209 3
-0.0628147 0.131038 -0.106731 4
0.056144 0.0331232 -0.225279 4
2.32477 0.882592 1.40216 4
2.40008 2.52245 3.8256 4
1.12797 1.05411 0.557016 4
-0.0450093 -0.0904441 -0.0932244 3
-1.11716 -0.41324 -0.825941 4
-1.82123 -1.20231 -1.85855 4
-0.206355 -0.0344221 -0.291693 4
-0.0284233 -0.274829 -0.369493 4
0.45792 0.214575 0.517907 4
2.07776 2.08358 2.41282 4
0.22394 0.0931904 0.28769 3
0.791927 0.517613 0.833015 3
0.840526 0.768269 0.779628 3
0.185815 0.13427 0.0948158 3
0.0663417 -0.000213519 0.0553234 3
-0.138711 -0.21608 -0.275438 3
-0.330032 -0.214311 -0.390777 3
-0.102523 0.0872778 -0.0566185 3
0.0319707 0.108818 -0.037074 3
1.08107 0.875888 1.11941 3
0.343814 0.248319 0.437039 3
-0.322482 -0.267201 -0.243763 3
-0.420492 -0.460777 -0.619656 4
-6.27492 -4.75742 -8.52974 4
0.301374 0.106564 0.231094 4
0.570296 0.23854 0.746548 4
1.21773 0.844651 1.8234 4
0.278401 0.52316 1.03175 4
-0.122977 -0.0592101 -0.17358 4
-0.339061 -0.0240925 -0.439966 4
-2.44541 -2.88179 -4.38158 4
-1.0375 -0.567262 -1.51682 4
-1.90348 -1.76917 -1.86153 4
0.560402 0.0843502 0.416727 4
0.0557884 -0.000290369 -0.0254833 4
0.0746881 0.0509901 0.0760064 3
1.25523 0.69336 1.97514 3
0.736765 0.954459 1.17429 3
1.54354 2.32753 2.65789 3
-2.70111 -2.66259 -3.78596 4
-0.198615 -0.336 -0.324878 3
-0.133499 -0.228369 -0.387327 3
-0.381434 -0.161622 -0.36296 3
-0.447142 -0.225588 -0.651392 3
1.95458 0.811137 1.96923 4
0.0684702 0.0292413 0.101837 3
0.0223074 0.224312 0.230637 3
0.1116 0.00493352 0.0633515 3
1.05349 0.424503 0.88022 3
0.132582 -0.0656466 -0.249567 1
-0.310247 0.0902188 0.101453 1
-0.324534 0.255979 0.00912153 1
-0.0387148 -0.154031 -0.0674515 1
0.126814 0.0491059 0.277172 1
0.0307919 0.163908 0.0254165 1
-0.0670039 -0.130637 -0.0618415 1
-0.179207 -0.0297615 0.0774002 1
-0.0527113 -0.14841 0.103044 1
0.17383 -0.083047 0.0519689 1
-0.321734 0.0376116 0.0159002 1
0.235387 0.13131 -0.374063 1
0.145287 -0.295276 0.00692568 1
-0.0660578 -0.00353594 0.00916405 1
0.0799826 -0.0888466 -0.17771 1
0.0738122 0.0270445 -0.0231729 1
-0.010575 0.0629699 0.00230553 1
-0.165472 0.112095 0.2781 1
0.0225902 -0.0103704 -0.041197 1
-0.107648 -0.156865 -0.0563449 1
0.0378873 -0.0291301 -0.293465 1
-0.135017 -0.0365149 -0.394709 1
0.290892 -0.210537 0.230952 1
-0.00911712 0.0026077 0.0696914 1
-0.0226045 -0.0641293 0.110361 1
-0.0467907 -0.151993 0.0853658 1
-0.314391 0.139792 -0.0833619 1
-0.18319 0.0623708 0.048795 1
-0.0685443 -0.0891348 0.0265374 1
-0.00533387 0.17184 0.154281 1
0.00586088 0.0481209 -0.0256012 1
0.0822461 0.0187087 0.0279722 1
-0.00178209 0.00736945 -0.0110997 1
0.0531316 0.155198 -0.120736 1
-0.127002 -0.182032 0.395499 1
-0.000783161 -0.00573184 -0.00298557 1
0.166329 -0.0564416 -0.121291 1
0.00154608 0.000782139 -4.85166e-06 1
