# 1 = ball
# 2 = lepton
# 3 = photon
# 4 = PID > 100
# 5 = neutrino
# 6 = other
1.4114e-05 -5.21984e-06 0.000461413 3
-1.07943 0.687464 -0.263019 4
-1.6015 0.408863 -0.772249 4
-1.39787 0.308274 -0.525723 4
-0.0292757 0.00788852 -0.204155 4
-0.0395206 0.78574 -0.049568 4
1.19021 -0.489294 0.717944 4
2.00908 -2.23743 0.691891 4
9.39808 -7.03288 4.46108 4
-6.42061 6.20815 -3.36638 4
-0.398237 0.0574481 -0.20397 4
-0.196479 -0.0499765 0.0473137 4
1.05243 -0.883966 0.462027 4
2.64255 -1.73374 1.23665 4
-2.26465 2.29777 -1.52135 3
-0.0434905 0.0598121 -0.0166749 3
-2.68455 2.27614 -1.36192 3
-5.55493 4.85209 -2.68045 3
-2.37937 1.4962 -0.495624 3
-0.85039 0.617104 -0.230226 3
-0.0641251 -0.0726915 -0.0348377 4
0.0991812 -0.0220657 -0.0897357 4
4.7858 -3.52914 2.37803 4
2.44323 -1.93583 1.50552 4
-0.651599 0.666192 -0.530347 3
-1.4663 1.32538 -1.30621 3
0.195348 -0.340187 -0.218574 3
0.112203 -0.148266 -0.00982794 3
1.66861 -1.18153 0.413906 3
0.547574 -0.47351 0.106723 3
0.00389042 0.0261177 -0.0211348 3
-0.189754 -0.101297 -0.138408 3
2.55173 -2.0048 1.68629 3
1.10093 -0.764438 0.656523 3
-0.104573 -0.496141 0.581269 1
0.0422796 0.0418015 -0.0459909 1
-0.308216 0.492823 0.285264 1
0.35516 -0.480779 0.179918 1
-0.387941 0.206207 -0.214788 1
-0.636999 1.10942 -0.41294 1
0.00480075 0.0391011 -0.380542 1
0.165026 -0.0666579 -0.127366 1
-0.507022 0.283707 -0.318122 1
-0.571809 0.476125 0.0791137 1
0.12698 -0.0174707 -0.0244672 1
-0.534929 -0.0451201 -0.389906 1
0.106933 -0.0237238 0.660224 1
0.388271 0.0597083 0.553682 1
-0.234527 0.287481 -0.42613 1
-0.00549565 -0.3263 -0.0108682 1
-0.441246 -0.595852 -0.269851 1
0.054538 -0.0239026 -0.0424514 1
