# 1 = ball
# 2 = lepton
# 3 = photon
# 4 = PID > 100
# 5 = neutrino
# 6 = other
0.000964742 2.36617e-05 -0.0025187 3
0 0 0.000423183 3
-14.5975 -8.72855 -2.95842 4
-15.7431 -9.79843 -4.08866 4
-3.82525 -2.73865 -2.0799 4
0.131418 -0.0451124 -0.01379 4
-0.251788 -0.263578 0.0696543 4
0.0810419 -0.121451 -0.340591 4
0.521145 1.60094 0.524225 4
0.664048 2.24198 0.354642 4
0.341508 -0.0168838 -0.0675732 4
2.37392 0.999697 0.695051 4
3.44926 1.85702 1.11732 4
6.00757 3.41961 0.890886 4
1.66784 0.79281 0.972435 4
0.357491 1.39144 -0.681871 4
-0.388065 -0.42673 -0.000832565 4
-0.171363 -0.0413733 -0.170792 4
0.386156 0.68119 0.358378 3
0.255359 0.714295 0.374189 3
0.396137 0.566993 0.201133 3
-0.0892705 0.618302 0.455441 3
0.15224 -0.0107218 -0.000902536 3
0.135315 -0.117401 0.094106 3
2.26598 0.557283 0.583934 3
1.20685 0.373421 0.248749 3
10.4179 4.66499 2.47736 3
4.18724 1.82249 0.918921 3
0.0330566 -0.0629992 0.047917 3
0.0338889 0.0694081 0.0210878 3
