# 1 = ball
# 2 = lepton
# 3 = photon
# 4 = PID > 100
# 5 = neutrino
# 6 = other
1.04685 1.23773 -0.638424 4
0.386448 0.050799 -0.570215 4
0.38417 0.977125 -0.604064 4
-0.783125 -0.121721 1.2464 4
-0.419797 0.0334392 1.63047 4
-1.17945 0.0755588 1.6233 4
-0.251373 0.156361 0.0364876 4
-1.25671 -0.665025 0.295795 4
0.532081 -0.00928618 -0.296477 4
0.36204 0.550166 -0.955733 4
1.34094 -1.32334 -0.237097 4
0.0634324 -0.126175 -0.278619 4
0.952677 -0.681834 -0.256348 4
-0.0387131 -0.0307121 0.059811 4
0.391265 0.151739 0.388556 4
-0.0900143 -0.283364 -0.0770544 4
0.0646892 0.0250788 -0.0435747 3
0.112268 0.0261948 0.361487 3
0.166816 -0.0343656 -0.193719 3
-0.0156109 0.125559 0.260162 3
0.0476147 -0.00504884 0.0388279 3
-0.670841 -0.804892 0.814708 3
-0.236219 -0.0171213 -0.00947234 3
-0.49435 -0.174765 0.0715664 4
-0.799299 -0.539458 0.2427 4
-0.115327 -0.0270323 0.00184128 3
0.210062 0.083616 0.0802421 3
0.0231761 -0.0287885 0.0557295 3
0.219477 -0.25506 -0.22255 3
-0.0079351 0.0108397 -0.00594559 3
-0.0665544 0.090349 0.33474 3
-0.0405451 0.390011 0.783845 3
-0.230388 -0.161074 0.164987 3
-1.81046 -1.49733 0.997116 3
2.53808 1.65232 -0.603644 4
-0.0648295 -0.111682 0.164409 3
-0.0280459 -0.0529674 -0.0214873 3
-2.18909 -1.88182 0.474522 4
-1.85901 -1.08849 0.136744 4
0.43281 0.277344 -0.268105 3
1.36191 0.657928 0.15178 3
0.254242 0.147211 -0.0932875 4
0.864181 0.583385 0.0365341 4
-1.13703 -0.602699 -0.0886013 3
-0.553751 -0.361491 0.0302951 3
-1.43642 -0.764521 -0.0686968 4
-2.70851 -1.96338 0.768356 4
-1.32129 -0.485741 0.340161 4
2.40431 1.9233 -0.875886 4
1.27825 0.915702 -0.493596 4
3.97234 3.9174 -1.34068 4
1.47414 0.855797 -0.428197 4
0.0772646 0.0891068 -0.00318362 3
0.891199 0.711097 -0.401413 3
1.88563 1.48681 -0.078061 3
0.571736 0.180211 -0.190096 3
-2.8292 -1.59585 0.775637 4
-0.358075 -0.510049 0.125339 4
-1.43741 -1.31624 0.585084 4
-0.21008 -0.127219 -0.288972 3
-0.145704 -0.109023 -0.0708258 3
3.59592 3.10126 -1.60415 4
-1.64251 -0.686465 0.265651 3
-1.45142 -0.739905 0.203695 3
-0.69376 0.285841 -0.897613 1
0.236728 0.0350249 -0.103021 1
-0.0619261 0.0139225 -0.0107612 1
0.677648 0.320038 -0.586146 1
-1.45197 -0.575627 0.169079 1
-0.304669 0.236718 -0.441636 1
0.117466 -0.193787 -0.206027 1
-0.324321 -0.143325 0.517647 1
0.230277 -0.145314 0.0981079 1
0.27566 -0.189816 0.0215528 1
0.336551 -0.552815 -0.191597 1
-0.28285 -0.0286735 0.0279215 1
-0.0734247 -0.246687 -0.00331472 1
0.0497465 0.448526 0.358605 1
0.462153 0.160158 -0.359382 1
0.779705 -0.725927 -0.636058 1
4.63061e-05 0.00223365 0.00384813 1
