# 1 = ball
# 2 = lepton
# 3 = photon
# 4 = PID > 100
# 5 = neutrino
# 6 = other
0.221657 0.268125 -0.194061 4
1.01497 1.35642 0.422444 4
0.544661 0.869693 0.13916 4
0.124133 1.0634 -0.927976 4
0.616781 0.93638 -1.36647 4
2.5298 5.72636 -6.81258 4
0.169008 1.13245 -0.68426 4
-0.156718 0.948023 -0.953708 4
-0.454053 -0.870441 -2.40601 4
-0.279356 0.0425271 -1.17299 4
-0.0559229 -0.203632 -1.17805 4
-1.27375 -2.45754 3.12494 4
-2.83196 -2.61315 4.85578 4
0.118352 -1.06561 1.17954 4
-0.656832 0.0150724 1.68204 4
-0.498206 -0.608786 1.0449 4
0.338082 -0.0874529 0.569462 4
1.01449 0.4879 0.180825 4
-0.0562364 -0.0703868 0.080088 4
0.232278 0.0814276 0.321012 4
0.4961 0.627876 -1.12486 4
0.596279 1.46268 -1.81269 4
0.40598 1.01328 -1.9712 4
-0.980135 -2.26149 2.80657 4
-1.85919 -3.34028 4.89392 4
-1.27611 -0.703767 1.897 4
-0.95484 -2.07783 2.99342 4
0.489829 -0.446696 0.77922 4
0.366498 0.401549 0.744044 4
0.338395 0.798445 -1.23131 4
-0.163779 0.337216 -0.00922814 4
-0.0927332 0.282483 -0.30604 4
-0.0205325 -0.017098 -0.0248438 3
-0.189291 0.196585 -0.0134309 3
0.161106 0.107592 -0.135538 3
0.841285 0.962597 -0.792726 3
1.08453 0.584535 -1.46081 3
0.00147562 -0.0012157 -0.0218583 3
0.0334281 -0.152737 -1.23179 3
0.394952 -0.602276 -4.76384 3
-0.151122 -0.437919 0.577775 3
-0.16316 -1.07109 1.24997 3
0.0810225 -0.610439 0.826114 3
-0.050122 -0.192031 0.276708 3
0.0681863 -0.167061 -0.109736 4
0.17896 -0.198327 0.344931 4
0.0788234 0.0379757 0.0421633 3
1.15495 0.728884 0.128035 3
-0.0938768 0.0840488 -0.113307 3
-0.184252 0.151422 -0.546829 3
0.0527337 0.194149 -0.106624 3
0.15717 0.1879 -0.264419 3
0.00859494 -0.185755 0.177126 3
-0.10127 -0.0942042 0.139144 3
0.0383046 0.0759376 0.00483123 1
-0.0569596 0.0017707 -0.0564613 1
0.0442861 -0.118122 -0.114349 1
-0.172777 -0.163422 0.00218314 1
-0.130247 -0.119303 0.005228 1
0.113212 0.123572 -0.112819 1
-0.144055 -0.19983 0.147982 1
-0.00773467 -0.0417874 0.107565 1
-0.430908 -0.0142691 0.127008 1
0.0356924 0.0188447 -0.0571932 1
-0.0818135 0.126831 0.0485687 1
0.0277577 -0.119431 -0.150323 1
0.133273 0.0356788 -0.149822 1
0.0247903 -0.0369081 0.0340702 1
-0.688944 -0.201807 0.0723281 1
0.00233059 -0.233436 0.029223 1
0.0672766 0.0461649 0.117999 1
0.103155 0.171581 0.0445182 1
-0.248528 0.143318 0.0752952 1
0.000810838 -0.0451565 0.0849546 1
