# 1 = ball
# 2 = lepton
# 3 = photon
# 4 = PID > 100
# 5 = neutrino
# 6 = other
1.90751 1.61077 1.7575 4
-0.224367 0.798724 0.870321 4
-1.26628 -1.74524 -1.72489 4
10.8217 7.00727 15.9077 4
-1.96294 -1.8727 -3.17893 4
-0.10645 -0.267162 -0.102326 4
-0.690664 -1.00205 -0.719791 4
-0.031572 -0.233894 -0.712418 4
-0.0807145 0.253661 -0.402996 4
-0.363074 0.0547637 0.191922 4
2.02949 2.97225 2.3346 3
0.959103 1.2878 0.968987 3
-0.20883 -0.22772 -0.281672 3
-4.69324 -4.30894 -6.18763 3
-1.88858 -2.15662 -2.82591 4
-2.38988 -2.34592 -3.59227 4
-0.370315 -0.420193 -2.18458 3
-0.0873426 -0.161895 -1.02863 3
1.95314 1.34609 2.49906 3
0.317226 0.23579 0.497732 3
0.0364137 -0.0468917 -0.0528123 3
-0.0400137 -0.48162 -0.668107 3
-0.329801 -0.00467755 -0.571036 3
-0.898685 0.06677 -1.18239 3
-0.0782802 -0.0672368 -0.166529 3
-0.656367 -0.423312 -0.698597 3
-0.011274 -0.0856902 0.286668 1
-0.192321 -0.170165 0.18617 1
-0.337658 0.2607 0.776156 1
-0.310244 0.324844 -0.252891 1
-0.57007 -0.689297 -0.410928 1
0.0416708 0.0812425 -0.328856 1
0.0243479 0.292401 -0.168336 1
-0.428232 0.167095 -0.237264 1
-0.63898 0.672086 -0.494775 1
0.0809469 -0.0821547 0.183612 1
-0.73905 -0.430202 0.428607 1
0.0980863 -0.0243684 -0.213701 1
-0.462282 -0.269415 0.0195047 1
-0.156696 0.00795935 0.174326 1
0.805123 -0.498411 0.0901677 1
-0.436173 0.867868 0.775542 1
-0.605509 -0.266614 -0.419185 1
0.188897 -0.0311091 -0.0904095 1
-0.0498815 0.0331554 -0.210681 1
0.00990306 0.0511724 -0.299833 1
0.104165 0.128419 0.136866 1
0.229718 0.299774 0.392491 1
0.1933 0.241588 -0.167211 1
0.0914933 0.0783351 0.0672892 1
-0.247249 -0.225476 0.300361 1
-0.160494 0.119726 0.0610863 1
-0.0302961 -0.032964 -0.165373 1
0.127483 -9.98527e-05 0.137142 1
0.0566952 -0.829355 -0.0586948 1
0.214425 -0.0867097 0.667932 1
0.135096 -0.629222 0.00938023 1
0.00457137 0.859061 0.0959754 1
0.124186 0.0469464 -0.396112 1
0.791641 0.460772 0.11313 1
0.10923 0.0840761 0.422178 1
0.344485 -0.211945 -0.117122 1
-0.0594807 -0.381571 -0.0370644 1
0.00324848 -0.000259133 -0.00245755 1
