# 1 = ball
# 2 = lepton
# 3 = photon
# 4 = PID > 100
# 5 = neutrino
# 6 = other
6.56553 -0.432302 34.7969 2
-2.41504 -1.35927 -26.6038 2
-2.44227 0.9626 -2.77348 4
-1.87144 0.237769 -1.68147 4
-0.503555 0.020559 -0.504841 3
-1.52064 -0.0448402 -1.24212 3
-0.171713 0.127807 0.0149201 1
0.102055 -0.000836514 0.0074659 1
-0.118523 0.563937 -0.483849 1
-0.0778511 0.194028 -0.142033 1
-0.0592583 -0.156597 -0.00408724 1
-0.123983 0.452556 -0.022044 1
0.623127 0.804212 -0.290572 1
-0.446616 0.0305982 -0.182939 1
0.172855 0.620268 -0.579727 1
-1.2371 0.640106 0.444749 1
0.912812 0.769875 -0.811036 1
-0.0344139 0.048414 0.0534253 1
-0.173775 -0.0453789 0.166522 1
0.127263 -0.222002 0.0839873 1
0.265744 -0.480318 -0.205911 1
0.652372 -1.06728 0.877219 1
-0.457462 0.42846 0.0696653 1
0.0222035 -0.348943 -0.245009 1
0.232338 -0.608444 -0.0590722 1
-0.183176 -0.098171 0.31911 1
0.866098 0.501424 -0.573439 1
-0.669176 -0.0223446 0.402911 1
0.103445 0.501249 0.13163 1
1.07002 -0.254843 0.284141 1
-0.1442 -0.168188 -0.619396 1
-0.00170225 -0.0728451 0.137152 1
0.00971582 -0.105939 -0.0405389 1
-0.160468 -0.515896 -0.317528 1
0.518107 -0.675748 0.34317 1
0.34886 0.0276962 -0.493691 1
0.19664 -0.397264 -0.197003 1
0.0231788 0.145889 -0.0594236 1
