# 1 = ball
# 2 = lepton
# 3 = photon
# 4 = PID > 100
# 5 = neutrino
# 6 = other
-0.640711 -3.95025 -6.75442 4
0.0501637 0.192402 -0.0476822 4
-0.49746 0.792933 -0.335678 4
-0.360472 1.45741 1.33541 4
0.541054 1.40333 1.53624 4
-0.693831 -2.21294 -3.18893 4
-0.386066 -0.2443 -3.30555 4
-0.704757 -0.406532 -1.22414 4
-0.22437 0.283478 -0.11396 4
-0.71741 0.38222 -0.684539 4
0.243882 0.989125 -0.939317 4
0.409037 0.0632269 -0.147258 4
0.0791016 0.0957731 0.763643 4
-0.133608 -0.0149285 0.479851 4
0.283155 0.5611 0.662925 4
0.697709 0.640795 1.90578 4
0.866107 1.1523 2.48699 4
0.00593001 0.035363 2.61772 4
0.89842 1.286 4.55008 4
0.814335 2.1893 5.87764 4
-0.675928 -1.85924 -3.92339 4
0.321093 0.206429 1.67215 4
-1.4922 -3.58034 -6.74354 3
-0.0676096 -0.253203 -0.454347 3
-0.0906049 0.153805 -0.292811 4
-0.608316 0.051837 -0.620657 4
-0.53664 0.285105 0.074749 3
-0.376871 0.32703 0.109591 3
0.0561979 0.02027 -0.0586627 3
0.281396 0.223397 -0.0109928 3
0.062564 0.0212689 0.01034 3
0.481922 -0.211122 0.0753412 3
0.149735 0.115939 0.280408 3
1.42531 0.618435 2.2984 3
-0.115458 0.0829441 0.471279 3
-0.22328 0.466261 1.79326 3
-0.290215 -0.102331 0.0136622 3
-0.370549 -0.0433905 -0.107744 3
-0.0127485 0.059612 -0.0834609 3
0.0404002 -0.0110709 -0.387152 3
-0.124384 0.49822 -0.0231584 1
-0.20944 0.0315191 0.198188 1
-0.467606 0.101674 0.0108436 1
0.0264729 0.14182 0.131957 1
0.0625403 0.00710832 -0.128473 1
0.308478 -0.150493 0.0924195 1
-0.657631 0.116634 -0.0859582 1
0.0261093 -0.0828076 -0.0890273 1
0.143624 -0.0699624 -0.218487 1
-0.233065 0.511245 0.567694 1
0.725224 -0.874473 -0.261115 1
-0.310565 -0.378417 0.0402734 1
-0.558024 0.0735526 0.847796 1
-0.385246 -0.65045 0.199051 1
0.581451 0.0415731 0.176992 1
-0.333722 0.35668 -0.0429432 1
0.107507 -0.0768836 -0.115561 1
-0.193557 -0.0460346 -0.18275 1
-0.734159 0.359335 -0.373244 1
0.38575 0.705171 -0.326934 1
0.0699452 -1.37641 0.787027 1
0.125609 -0.470311 -0.0768142 1
0.890031 -0.191942 -0.214368 1
0.889168 -0.0279813 -0.00870918 1
-0.346051 -0.254428 0.0898385 1
0.447623 -0.127184 -0.201534 1
-0.359132 -0.0910717 -0.259913 1
0.095601 0.418996 -0.0117886 1
0.274569 -0.617185 -0.859231 1
0.785901 0.376425 0.946238 1
0.478569 0.478641 -0.199524 1
