# 1 = ball
# 2 = lepton
# 3 = photon
# 4 = PID > 100
# 5 = neutrino
# 6 = other
-0.000663276 -0.00976004 -0.0630819 3
-0.950482 0.0450677 -2.56907 4
-0.461707 -1.06653 0.0847627 4
-0.0211426 0.124955 -0.0530132 4
1.72827 0.726004 2.4172 4
0.630902 0.189696 1.01983 4
2.34828 0.317629 3.56935 4
5.03071 1.57075 9.38332 4
-4.69827 -1.83312 -6.27673 4
-6.63515 -1.02515 -8.3347 4
0.0456184 -0.26113 -1.48673 4
1.10406 -0.154153 -0.648265 4
0.350175 0.133441 0.0615482 4
0.984311 -0.0853213 0.591832 4
3.87426 1.43607 6.1403 4
3.8789 1.31178 7.61208 4
0.0108572 -0.00852303 0.0471018 3
-0.0983354 0.0600901 -0.0345098 3
0.135608 -0.114405 0.0585095 3
0.0864806 -0.287901 0.140711 3
0.426065 0.128365 0.340824 3
0.710374 0.300585 0.802021 3
-3.0641 -0.826961 -3.52504 3
-3.08948 -0.712972 -3.42122 3
-0.428339 -0.152071 -0.674733 3
-2.30735 -0.968499 -3.22992 3
-0.150698 0.0532564 -0.140287 3
-0.276066 0.19864 -0.572292 3
-0.0213242 0.202201 0.0892724 3
0.0718559 0.0517327 0.0328743 3
1.85439 0.176174 -1.18024 1
0.691895 -0.148468 0.195083 1
-0.0864818 0.0719876 -0.0162205 1
0.581114 -0.483281 0.0662493 1
-0.319629 -0.484209 0.22442 1
-0.629611 0.163154 -0.310494 1
-0.337863 0.871396 0.205601 1
0.135482 0.194212 -0.102536 1
-0.144731 -0.250954 0.0520431 1
0.0169189 -0.102172 0.0683916 1
-0.442164 -0.214496 -0.0637256 1
-0.186361 0.125687 0.325956 1
0.00630698 0.0541666 -0.377899 1
0.104046 -0.0581634 0.049756 1
-0.107219 -0.204484 -0.349971 1
-0.245995 0.360572 -0.210909 1
-0.103722 0.5851 0.0625474 1
