# 1 = ball
# 2 = lepton
# 3 = photon
# 4 = PID > 100
# 5 = neutrino
# 6 = other
0.0183181 -0.0141547 -2.13943 3
-0.557508 0.185192 0.229652 4
-3.4195 0.619235 0.999043 4
-3.48696 0.331433 0.694427 4
-3.65704 1.12681 0.818777 4
-1.05852 0.385557 0.0915663 4
-3.66575 0.164451 0.0321783 4
-0.552564 0.723641 0.72644 4
0.0550039 0.124468 0.165809 4
1.17579 -0.468304 -0.433867 4
3.08496 -1.28356 -1.54457 4
6.5473 -0.45546 -0.658347 4
4.12004 -1.19057 -0.265189 4
-2.78123 0.433434 0.589595 4
-0.214136 0.249471 0.0929642 4
-1.65787 0.187769 0.414457 4
-2.6415 0.429952 -0.350704 4
-1.0917 0.236913 -0.368477 4
-0.0758765 -0.162144 0.0962754 4
0.0935665 0.0498102 0.228144 4
0.594481 -0.383762 0.127875 4
0.475431 0.169878 -0.267265 4
-1.40299 0.170925 0.0700547 3
-0.38393 -0.0229933 0.00799709 3
-0.0932977 -0.0355584 0.133039 3
-0.0591585 0.0683015 0.299865 3
-0.0703453 0.0294499 -0.143398 4
-0.0615284 -0.0721407 -0.202126 4
0.218059 0.135426 -0.429216 4
0.0484885 -0.0301861 0.0802886 4
0.328496 -0.0908919 0.0351225 4
2.86483 -0.575959 -0.467797 4
-3.76672 1.02407 0.400994 3
-2.92497 0.699203 0.234816 3
-0.636534 -0.157713 0.2351 3
-1.41851 -0.15652 0.576608 3
0.0469558 -0.148504 -0.248205 3
0.164003 -0.0857241 -0.224032 3
0.354404 -0.121721 -0.00421674 3
0.0801048 -0.0821257 -0.0553162 3
0.0757876 0.166367 0.0543544 3
0.132385 0.0651335 -0.025914 3
0.694738 -0.327755 -0.111664 3
0.697849 -0.228001 -0.0115483 3
0.0521003 -0.00679489 0.0224748 3
1.88169 -0.399533 0.00303445 3
0.890582 -0.122414 -0.0758231 3
3.54075 -0.617666 -0.0661941 3
1.80365 -0.274945 -0.216156 3
0.0368603 -0.0263444 -0.00241266 3
2.72287 -0.385793 -0.00957044 3
0.218655 -0.0274679 -0.0389715 3
1.08779 -0.175676 0.0261919 3
2.249 -0.246402 -0.101484 3
-0.124216 -0.0262649 0.0739929 1
0.0140009 -0.0655882 -0.0258673 1
-0.156446 -0.0413438 -0.0309477 1
-0.0180457 -0.00370651 0.0859354 1
-0.0313556 0.0621308 -0.132943 1
0.00799539 -0.0110726 -0.0042248 1
-0.20965 -0.0066869 -0.0571286 1
0.0493706 -0.0359994 0.0909949 1
-0.152058 0.289411 0.00672754 1
0.0136823 0.0798496 0.00214878 1
0.0896646 -0.277395 -0.0257766 1
0.277173 -0.156754 -0.233038 1
-0.106689 0.0450277 0.0392418 1
-0.0461313 0.033343 0.029766 1
-0.133555 -0.0102976 0.0639154 1
0.399153 0.124942 0.11175 1
-0.0964741 0.102839 0.0179353 1
-0.193802 0.0252612 0.108611 1
0.132148 0.268628 0.305986 1
0.0268525 0.012047 0.342566 1
-0.0125976 0.0144714 -0.0288903 1
-0.0125485 0.0139874 0.0257458 1
0.0130866 0.0492005 -0.010386 1
0.175577 0.0841337 -0.0551228 1
-0.171343 0.0277304 0.132821 1
-0.18101 0.0733724 0.109371 1
-0.277736 -0.00891932 -0.106891 1
-0.00200537 0.109475 0.0487031 1
-0.0441292 -0.315761 -0.0965643 1
0.17112 -0.273541 0.0518161 1
-0.0920109 -0.0145916 -0.113869 1
0.163976 0.000598526 0.127586 1
-0.0105146 -0.0107998 -0.024901 1
0.0125575 -0.0167028 0.0340695 1
0.115527 -0.0202472 0.0340339 1
0.0316488 0.110254 -0.0609994 1
-0.0128982 0.0714197 0.0181854 1
-0.00845682 -0.000343676 -0.00431506 1
-0.204721 0.0336149 -0.0648636 1
0.0468102 0.0565249 0.0397537 1
0.104828 -0.0716451 0.160387 1
-0.219104 0.252834 0.0132912 1
-0.00447023 0.0264648 -0.0238547 1
