# 1 = ball
# 2 = lepton
# 3 = photon
# 4 = PID > 100
# 5 = neutrino
# 6 = other
-1.74918 2.26741 -0.67351 4
-0.302569 0.0488819 0.189858 4
-0.447054 0.253919 -0.186661 4
-2.09345 3.23368 -1.73651 4
-0.537997 1.12494 -0.297433 4
-0.583228 0.371557 -0.188569 4
0.617835 -0.119772 0.290094 4
1.07861 -1.10759 0.887379 4
1.05027 -0.686049 0.218804 4
2.20184 -3.06675 0.918236 4
-0.469289 0.915383 -0.435658 4
-0.321545 0.214196 -0.225829 3
-0.541472 0.202784 -0.228022 3
6.90327 -9.11973 2.37018 5
5.57505 -9.04864 4.67433 2
-0.118796 0.0269881 0.104249 3
-0.33773 0.33971 0.3861 3
-1.19127 1.77597 -1.21934 4
-0.166893 0.157626 -0.0750989 4
-1.73643 2.00867 -1.07155 4
-4.65143 6.2814 -3.51699 4
0.0832299 -0.260976 0.0387733 3
-0.354502 0.615929 -0.239002 4
-1.06359 1.22585 -0.37376 4
-0.708158 0.622531 -0.505749 4
1.22917 -1.52428 1.05062 4
-0.0823501 0.175755 0.0687536 3
-0.0921007 0.16757 -0.0656765 3
1.2177 -1.23633 0.928337 4
-1.70441 3.66141 -1.82948 4
-3.11943 4.79622 -2.12121 4
0.901178 -1.20568 0.601728 4
-0.238636 0.355592 -0.0314401 3
-0.426362 0.512719 -0.205616 3
-0.118644 0.0406356 -0.0587627 3
-0.0134651 0.0759328 0.0350638 3
2.05997 -4.73777 2.31687 4
-0.00982383 0.00751217 0.0428493 1
0.0308755 0.0471957 0.0170552 1
-0.0616238 0.103201 -0.0900303 1
0.149602 0.151086 0.142879 1
-0.0188622 -0.0805366 -0.16528 1
-0.201006 -0.184252 -0.0242177 1
0.0155076 -0.00854432 -0.067913 1
0.0912279 0.170089 0.166394 1
-0.0399609 -0.069612 -0.0207491 1
0.0092189 0.218119 0.0831652 1
-0.189924 0.209475 0.0108912 1
-0.0110309 -0.0214853 0.0166906 1
0.052328 0.0868426 -0.0627431 1
-0.0285568 0.104957 0.0281195 1
0.272161 0.165413 -0.0313538 1
-0.00645723 -0.00357605 0.0348208 1
0.128598 -0.0430433 0.0639982 1
0.0845495 -0.19411 -0.17004 1
-0.0883124 0.196778 0.0173238 1
0.0383797 0.00472746 -0.0741764 1
0.0579922 0.00648483 0.0740645 1
-0.0226191 -0.225388 0.215047 1
-0.00040779 -0.00103673 -0.000334288 1
