# 1 = ball
# 2 = lepton
# 3 = photon
# 4 = PID > 100
# 5 = neutrino
# 6 = other
0.019142 0.0575617 0.638659 3
-7.30679e-06 4.96524e-07 0.000412551 3
1.77994 -5.23015 -10.5259 4
0.205694 -0.713988 -0.911275 4
-1.42244 -0.799929 -3.17211 4
-0.0127257 -0.659608 -1.52305 4
-1.91832 -0.582419 -2.89684 4
-0.129727 0.373888 0.020691 4
-0.0550801 0.639951 -1.32616 4
0.730385 -0.754173 -2.51914 4
-0.160401 0.22178 -0.0313571 4
0.181284 0.301024 -0.374008 4
-0.235737 1.5966 1.07933 4
-0.318907 0.225389 1.9466 4
2.14576 3.9081 16.5126 4
-0.0964331 0.80173 1.96537 4
0.212353 1.20761 5.25944 4
0.956819 -2.27642 -5.31429 4
-1.77367 -0.626561 -1.15667 4
-0.248477 -0.175969 -0.460134 3
-0.10802 -0.190294 -0.228221 3
-0.329038 -0.179376 -0.0372161 3
-0.74266 -0.0323173 -0.876633 3
-0.256449 0.235099 -0.516581 3
-0.15589 0.0255392 -0.215364 3
-0.425986 0.516114 -0.193903 3
-0.188451 -0.0436288 -0.342943 3
-0.026734 0.220498 0.224254 4
-0.148468 0.15135 0.423887 4
1.49662 1.97404 6.50021 3
0.0487349 0.113814 0.321331 3
-0.0749511 -0.46983 -0.707514 3
0.0156035 -0.138091 -0.342545 3
-0.0298836 -0.120851 -0.23511 3
-0.174322 -0.102423 -0.252241 3
-0.368528 0.346724 0.220336 3
-0.000827916 0.0501464 0.0044806 3
0.0186841 0.110172 0.379287 3
0.138266 0.117625 0.305209 3
0.170333 0.130743 -0.959946 1
-0.179216 0.274278 -0.54277 1
-0.228815 1.04952 0.0697608 1
0.742097 -0.340877 -1.19547 1
0.229322 -0.180364 -0.250216 1
0.106708 -0.373941 0.0940921 1
0.0212332 0.266858 0.389004 1
0.480603 0.156044 0.239412 1
0.00684704 -0.123129 0.153848 1
-1.1682 -0.351955 -0.661784 1
-0.0901981 -0.360107 0.924662 1
0.778238 0.125785 0.0875498 1
0.583895 -0.371578 0.0090519 1
