# 1 = ball
# 2 = lepton
# 3 = photon
# 4 = PID > 100
# 5 = neutrino
# 6 = other
-0.120321 -0.442436 -0.670826 3
-0.000260814 -0.00129328 0.000447293 3
-0.608253 -0.129316 -0.234488 4
-0.650997 -0.415459 -0.131501 4
0.331376 0.829373 0.0639792 4
5.24526 2.21177 7.93996 4
2.03678 2.24181 1.75758 4
-0.210102 0.148811 0.0821268 4
1.73372 0.64423 3.81999 4
-3.13121 -2.26843 -4.46703 4
-0.288534 -0.0720461 -0.238061 4
-1.30531 -0.97014 -1.27222 4
-0.716772 -0.562732 -1.46881 4
0.339173 0.187342 -0.261381 4
-0.0982824 -0.0712314 -0.0187629 4
0.566233 1.22368 0.560698 4
1.3343 1.50378 1.05073 4
-0.90793 -0.659851 -1.12036 4
-2.15328 -0.374836 -2.00319 3
0.0256815 -0.0404298 0.0816588 3
0.168737 0.0232101 0.836196 3
0.0639238 -0.0681148 0.0187393 4
-0.0154332 0.34668 0.206581 4
-0.337009 -0.060754 0.202391 3
-0.0804666 -0.0841052 0.0341861 3
0.832069 0.0853415 0.888316 4
0.389379 -0.0406523 1.00011 4
0.341222 0.0873698 0.420418 3
1.06431 0.520367 1.32991 3
-1.11855 -0.970282 -1.84048 3
-8.16719 -6.60915 -13.0334 3
3.08037 0.972768 5.1418 3
2.16451 0.566043 3.57538 3
-0.147644 -0.502513 -0.272732 3
-0.0705349 -0.20915 -0.224106 3
0.0117779 0.0411561 0.0354629 3
0.258244 0.768508 0.0376955 3
-0.277177 0.0383268 -0.412364 3
-0.214401 0.0332004 -0.587038 3
0.234493 0.191572 -0.079669 3
0.111863 0.0465144 0.0460661 3
0.560356 0.276572 0.850221 3
0.179203 0.0106091 0.2664 3
-1.01464 -0.286682 -0.688972 1
0.440562 -0.0563729 0.187611 1
-0.340577 0.164579 -0.394052 1
0.605069 -0.545633 -0.442895 1
-1.10839 0.566892 0.424779 1
0.103164 -0.191702 0.0625282 1
0.0686877 0.148004 -0.17919 1
1.37858 1.30343 -2.38205 1
-0.507653 0.511069 1.61058 1
-0.0810574 -0.0611138 -0.121482 1
0.00295136 0.00141859 0.0125023 1
