# 1 = ball
# 2 = lepton
# 3 = photon
# 4 = PID > 100
# 5 = neutrino
# 6 = other
-0.00173793 0.00167894 -0.00599373 3
-1.52776 -0.311858 -0.097124 4
-0.772948 0.0569296 -0.274041 4
0.699057 -0.0567438 -0.293866 4
0.190302 1.1096 -0.569034 4
0.961137 -0.526617 -0.430992 4
3.69471 -0.123943 -0.73691 4
-1.27556 0.411364 1.0946 4
-3.45236 0.129262 1.43132 4
0.00495362 -0.00847762 0.261503 4
-0.621377 0.0591351 0.0639225 4
-0.84829 -0.0311475 -0.0775738 4
0.0516234 -0.228023 -0.07394 4
-0.387384 -0.0326388 0.445898 4
-0.212798 -0.129144 -0.828013 4
0.0699491 0.0608195 0.127296 4
0.331043 1.74454 -2.43717 4
-0.732451 -0.977605 0.27776 4
-0.213403 -0.181981 -0.0812426 4
0.855245 -0.00903321 -0.352016 4
0.285074 -0.0648173 -0.057613 4
2.6058 0.317358 -0.736982 3
0.435941 0.108516 -0.116872 3
0.0107585 -0.00871931 -0.0567353 3
0.216308 0.182399 -0.162123 3
2.68522 0.368902 -1.44043 3
0.783479 0.0345158 -0.420838 3
1.23568 -0.879501 -0.690289 2
5.07433 -2.568 -1.24913 5
5.38434 -4.2793 -1.38818 4
-0.475152 -0.0220172 0.156874 4
-2.50281 0.742256 1.5441 4
0.248148 0.459313 -0.80339 3
0.425415 0.0705356 -0.217416 3
0.00267719 -0.00253082 -0.0113102 3
-0.148232 1.11403 -1.23536 3
1.14023 -0.334198 -0.408416 3
0.770082 -0.149703 -0.35778 3
-0.354921 0.118244 0.130929 3
-1.20438 0.150654 0.472922 3
0.118762 0.103694 -0.128168 3
0.0164872 0.124074 -0.234108 3
0.255952 0.324549 -0.369659 3
0.389965 0.288332 -0.345071 3
0.429044 -0.0823925 -0.087171 3
2.47397 -0.14853 -0.485786 3
0.557576 -0.198346 -0.0502397 3
0.834371 -0.130958 -0.0345829 3
0.0134608 0.0230651 -0.00683159 3
0.51745 -0.0843648 -0.0620265 3
1.10086 -0.16245 -0.210813 3
0.330486 0.0225493 -0.0829238 3
-3.6175 0.95102 2.37872 4
-2.23649 0.426568 1.37688 4
-0.827595 0.315438 0.402172 3
-0.0151397 -0.0119484 0.00265144 3
-7.39787 1.12033 4.27065 4
-1.7285 0.0936716 0.906555 3
-2.70209 0.250079 1.27202 3
-1.58672 0.322635 0.887989 3
-0.356429 0.138934 0.203383 3
