425 350 5.16832 5.26614 7.63283 3.79164 10.3058 2.87168
425 375 10.3917 10.4257 15.5456 8.26688 20.9848 5.85765
450 50 0.132848 0.132935 0.192432 0.106907 0.24689 0.074835
450 75 0.133993 0.133992 0.170935 0.0984035 0.23453 0.0710555
450 100 0.12874 0.129685 0.17145 0.0927589 0.224439 0.0757904
450 125 0.157671 0.146714 0.194784 0.105899 0.261855 0.0863779
450 150 0.158059 0.149233 0.197653 0.127663 0.276727 0.0935553
450 175 0.184845 0.181268 0.238661 0.132775 0.328567 0.107323
450 200 0.223886 0.225423 0.31381 0.192585 0.423403 0.117697
450 225 0.338206 0.303459 0.40851 0.230253 0.560981 0.164792
175 125 32.8864 33.3128 47.943 25.3032 61.792 18.7111
450 250 0.400639 0.402135 0.568725 0.340108 0.728803 0.242664
450 275 0.714463 0.679007 0.970205 0.541223 1.26083 0.4156
450 300 0.816182 0.813419 1.12418 0.642386 1.50511 0.449671
450 325 1.60469 1.63002 2.26305 1.26712 3.0218 0.988253
450 350 3.14708 3.18279 4.24263 2.11261 5.77659 1.60286
450 375 6.482 6.47474 9.31284 4.61385 11.5133 3.62585
450 400 15.3932 15.4061 21.0129 12.0658 28.2355 8.40517
475 50 0.103879 0.104641 0.138341 0.0748467 0.179896 0.0611545
475 75 0.119369 0.10431 0.153474 0.0767373 0.196107 0.0645145
475 100 0.106421 0.106565 0.144128 0.0779026 0.189309 0.0756623
200 50 7.92182 7.92177 11.6974 5.8263 15.1273 5.65264
475 125 0.127315 0.120719 0.161564 0.0857764 0.212754 0.072567
475 150 0.130376 0.130817 0.173877 0.0994027 0.224629 0.0807679
475 175 0.146754 0.164294 0.206359 0.101142 0.270378 0.0794913
475 200 0.160983 0.161605 0.223426 0.126616 0.301979 0.0984446
475 225 0.222786 0.21334 0.289825 0.179943 0.38416 0.102654
475 250 0.2684 0.258077 0.347826 0.216785 0.465664 0.123705
475 275 0.369034 0.387257 0.540882 0.263301 0.674726 0.207725
475 300 0.492084 0.493701 0.677026 0.421984 0.904252 0.301417
475 325 0.688068 0.689817 0.950657 0.553101 1.25678 0.425602
475 350 1.40271 1.40271 1.83431 0.951232 2.54551 0.743585
200 75 23.5811 23.4994 34.7005 19.4708 47.1379 14.0522
475 375 2.68786 2.68962 3.54427 1.97721 4.77726 1.66502
475 400 7.66283 7.71016 10.5854 6.05113 13.7582 4.2053
500 50 0.10151 0.106907 0.133888 0.078893 0.184235 0.0635272
500 75 0.105381 0.0947389 0.130359 0.0752727 0.174705 0.0584005
500 100 0.0978564 0.0979807 0.13727 0.0755078 0.182921 0.0641249
500 125 0.122495 0.110124 0.151528 0.0824089 0.203076 0.0678843
500 150 0.120995 0.11047 0.150701 0.0828433 0.194769 0.0598229
500 175 0.125874 0.126472 0.170396 0.0923416 0.231403 0.0648389
500 200 0.136565 0.136743 0.188093 0.106353 0.258105 0.0878781
500 225 0.144883 0.150331 0.201141 0.112273 0.280347 0.0862558
200 100 22.6126 23.023 31.2745 16.6391 40.3132 12.8232
500 250 0.163632 0.16329 0.233422 0.130913 0.305797 0.0872605
500 275 0.244733 0.246488 0.336853 0.184479 0.434414 0.145827
500 300 0.371122 0.365492 0.513384 0.279027 0.649455 0.218819
500 325 0.632067 0.635132 0.847235 0.492255 1.10642 0.343787
500 350 0.754307 0.74676 0.971983 0.541752 1.34063 0.435369
500 375 1.23958 1.24559 1.66156 0.969262 2.17137 0.612055
500 400 1.72681 1.74855 2.45923 1.48743 3.37815 0.878725
500 425 5.14756 5.15657 7.11493 4.10889 9.51568 3.01318
500 450 77.0085 74.3531 101.051 47.3156 134.601 37.5246
525 50 0.0970374 0.101519 0.127641 0.0789599 0.170497 0.0482932
200 125 28.6457 28.7435 39.7362 20.4387 52.6828 11.9724
525 75 0.0898942 0.0896513 0.125154 0.0709131 0.169144 0.0475582
525 100 0.0953212 0.0966108 0.131189 0.070341 0.177971 0.0580336
525 125 0.0964393 0.0934516 0.135639 0.0742141 0.175498 0.0578634
525 150 0.102415 0.103433 0.140913 0.0792542 0.188356 0.0622838
525 175 0.101329 0.101152 0.148868 0.0753508 0.189108 0.0636712
525 200 0.103007 0.108758 0.150218 0.0818594 0.197625 0.0553852
525 225 0.12132 0.122029 0.167646 0.0943308 0.218554 0.0631616
525 250 0.157969 0.15797 0.206575 0.107126 0.28667 0.0837412
525 275 0.173938 0.175115 0.23258 0.134392 0.315823 0.103253
525 300 0.249241 0.249191 0.34599 0.208385 0.470539 0.128919
200 150 184.346 182.149 271.002 140.896 367.896 100.961
525 325 0.36905 0.39128 0.518218 0.296842 0.703086 0.230844
525 350 0.456259 0.456424 0.589418 0.338053 0.789435 0.219652
525 375 0.666011 0.666807 0.928656 0.477595 1.26246 0.34493
525 400 1.21858 1.22188 1.74474 0.942197 2.2692 0.738252
525 425 2.87353 2.58209 3.47162 1.96969 4.75254 1.4107
525 450 6.33828 5.86599 9.00072 4.96213 12.0147 3.60032
525 475 8.93127 8.93127 12.2845 6.87351 16.2489 6.42103
550 50 0.0886886 0.0923062 0.123984 0.06594 0.166445 0.0576001
550 75 0.0878299 0.0875237 0.117504 0.0663262 0.156165 0.0525519
550 100 0.0876472 0.0876124 0.122062 0.0649964 0.160433 0.0548659
225 50 4.7925 4.7793 6.68665 3.42421 8.43562 2.43269
550 125 0.0969807 0.0932387 0.128187 0.0685775 0.167155 0.0484904
550 150 0.0899842 0.0899118 0.119687 0.0665358 0.158348 0.0527558
550 175 0.102409 0.102443 0.136106 0.0718401 0.1789 0.0503302
550 200 0.105087 0.10548 0.141468 0.0766875 0.192105 0.0539097
550 225 0.117439 0.118771 0.152373 0.09085 0.214257 0.0683498
550 250 0.115159 0.122744 0.168023 0.0917292 0.219429 0.0665512
550 275 0.137631 0.145275 0.200106 0.10572 0.269084 0.0886989
550 300 0.172801 0.155931 0.220778 0.110504 0.291545 0.0781341
550 325 0.221621 0.22462 0.318431 0.181089 0.416502 0.138501
550 350 0.316907 0.317864 0.434048 0.232345 0.566673 0.196853
225 75 6.99788 6.99659 9.3329 5.38901 12.3767 3.49913
550 375 0.487848 0.490959 0.678128 0.415431 0.873479 0.251046
550 400 0.535097 0.535917 0.763493 0.381747 0.982692 0.339716
550 425 1.03762 1.04992 1.41489 0.750516 1.90556 0.619134
550 450 2.16209 2.17288 3.08104 1.62272 3.87835 1.25603
550 475 3.23523 3.22849 4.33112 2.15133 5.6034 1.85441
550 500 16.4763 16.4763 22.8206 12.4465 29.3852 10.1392
575 50 0.0877439 0.0872672 0.117774 0.0656467 0.15537 0.0463322
575 75 0.0821038 0.0844428 0.113292 0.0660189 0.148026 0.0534052
575 100 0.0833827 0.0833153 0.11089 0.0616546 0.147338 0.0488855
575 125 0.0857869 0.0860308 0.121767 0.0674693 0.156341 0.0430229
225 125 6.65198 6.6441 8.79666 5.11084 11.4728 3.30246
575 150 0.0860149 0.0924871 0.116607 0.0700266 0.15515 0.0515138
575 175 0.0940711 0.093928 0.122455 0.068931 0.16301 0.0490379
575 200 0.0888412 0.092465 0.124197 0.0660534 0.166731 0.0576992
575 225 0.0995769 0.100156 0.142529 0.0729022 0.187232 0.0615839
575 250 0.100801 0.104913 0.140916 0.0752495 0.189177 0.0655453
575 275 0.113076 0.121616 0.153291 0.0855623 0.203887 0.068651
575 300 0.124065 0.125753 0.17747 0.104144 0.228567 0.0700059
575 325 0.156321 0.157319 0.217652 0.133086 0.279889 0.0804168
575 350 0.184449 0.19109 0.266991 0.139478 0.358322 0.100734
575 375 0.297041 0.299029 0.393994 0.233009 0.5226 0.162632
225 150 54.7002 58.1987 78.6522 46.3136 107.959 37.2283
100 50 48949.2 49189.5 69620.8 34446.7 90319 26741.5
575 400 0.354716 0.354773 0.503195 0.257397 0.64647 0.201229
575 425 0.813744 0.828564 1.16179 0.643079 1.51506 0.46346
575 450 0.953416 0.954571 1.39881 0.802138 1.85709 0.580693
575 475 2.11813 2.11885 2.73226 1.46526 3.70008 1.19967
575 500 8.53031 8.54451 10.9874 5.86012 15.6999 4.28539
575 525 43.9543 43.6845 65.1369 28.7969 84.6984 20.7013
600 50 0.0814484 0.0875883 0.110974 0.0614111 0.147036 0.0487788
600 75 0.0787714 0.0804338 0.109853 0.0572649 0.144425 0.0463718
600 100 0.0796514 0.080067 0.110534 0.0629706 0.144361 0.0498007
600 125 0.0793584 0.0792909 0.115111 0.0607538 0.143407 0.0401627
225 175 18.4906 17.5551 24.0029 13.0801 31.1946 10.0455
600 150 0.086485 0.0865712 0.12059 0.0694279 0.162739 0.0451279
600 175 0.0825239 0.084799 0.113824 0.0679073 0.157807 0.0526853
600 200 0.0874723 0.0874015 0.116328 0.0646728 0.154463 0.0512831
600 225 0.0894255 0.0921617 0.120973 0.0720935 0.162685 0.0505246
600 250 0.0943189 0.094202 0.126282 0.0689126 0.163848 0.046762
600 275 0.0933896 0.0933855 0.131906 0.069751 0.170497 0.0588073
600 300 0.113397 0.113193 0.157875 0.0896964 0.204524 0.0652494
600 325 0.139779 0.139399 0.178427 0.0890049 0.236133 0.0632455
600 350 0.151529 0.15153 0.205871 0.1219 0.268444 0.0959114
600 375 0.195392 0.196101 0.259011 0.139283 0.349971 0.11852
250 50 2.3957 2.39642 3.30282 1.762 4.30113 1.22676
600 400 0.302246 0.303955 0.387727 0.214585 0.509007 0.184992
600 425 0.410764 0.391302 0.53656 0.321391 0.726738 0.23698
600 450 0.522169 0.519504 0.726955 0.397572 0.951583 0.284456
600 475 0.969801 1.02548 1.33405 0.683653 1.78509 0.475251
600 500 2.25908 2.25909 3.25308 1.80727 4.15671 1.49969
600 525 6.87013 6.87013 9.80171 4.8972 12.716 3.57247
600 550 20.5172 21.6343 30.8649 14.7216 41.2795 10.9743
625 50 0.0768958 0.0769107 0.109102 0.0577207 0.144161 0.0450915
625 75 0.08659 0.0857857 0.116562 0.0700106 0.15436 0.050758
625 100 0.0873229 0.0830046 0.111937 0.0610286 0.14773 0.0410204
250 75 3.92614 3.92614 5.04434 2.8691 7.07969 1.96857
625 125 0.0751821 0.07614 0.106023 0.062198 0.143365 0.0494567
625 150 0.0802407 0.0804689 0.1139 0.0631074 0.146234 0.0402415
625 175 0.0826108 0.0836684 0.116228 0.0643778 0.155496 0.0516408
625 200 0.0819516 0.0824208 0.11412 0.0664172 0.150353 0.0425221
625 225 0.0894159 0.0899884 0.128687 0.0768977 0.168387 0.0557113
625 250 0.0844914 0.0853811 0.113558 0.0667727 0.148743 0.0467694
625 275 0.0887559 0.0914715 0.120068 0.0715536 0.160851 0.0507343
625 300 0.0968573 0.0990162 0.139914 0.0783539 0.177965 0.062866
625 325 0.106104 0.11532 0.149735 0.0841558 0.189898 0.0599333
625 350 0.136374 0.140259 0.188177 0.109657 0.245871 0.0887049
250 100 4.14317 4.37518 5.58951 3.33615 8.02035 2.1818
625 375 0.153579 0.152745 0.206142 0.114902 0.269765 0.0804361
625 400 0.222912 0.221036 0.285485 0.170028 0.388498 0.153025
625 425 0.272751 0.273945 0.368887 0.190562 0.484665 0.147106
625 450 0.388282 0.389581 0.527035 0.269778 0.67574 0.21298
625 475 0.531225 0.533534 0.768475 0.406197 0.991408 0.337161
625 500 0.967643 1.03041 1.42672 0.713019 1.77633 0.594465
625 525 1.7119 1.71884 2.29722 1.34392 3.14139 0.958666
625 550 4.95313 4.94725 7.06601 3.70673 9.57783 2.93616
625 575 17.3575 17.3536 22.3572 11.9088 31.5356 8.65138
650 50 0.0788696 0.0781369 0.107071 0.0638091 0.142108 0.0462325
250 125 8.58663 8.54185 11.1412 5.85487 15.2742 4.72873
650 75 0.0809575 0.0806067 0.111064 0.0654756 0.144347 0.0474566
650 100 0.0837438 0.083005 0.112425 0.0608277 0.149437 0.0521527
650 125 0.0796176 0.079185 0.106866 0.0595669 0.140981 0.0420254
650 150 0.0799167 0.0764558 0.105622 0.0564395 0.137964 0.0428366
650 175 0.0868595 0.0864833 0.120146 0.0702489 0.154841 0.0509163
650 200 0.0810108 0.0847512 0.110691 0.0581977 0.145921 0.0468975
650 225 0.0801998 0.0799615 0.107265 0.0605589 0.142557 0.0479733
650 250 0.0918628 0.0909706 0.126024 0.0742618 0.163789 0.0538486
650 275 0.0867263 0.0887353 0.125511 0.0702191 0.159076 0.0563387
650 300 0.0924488 0.0925796 0.132001 0.0689975 0.171655 0.0563166
250 150 8.87228 9.0986 12.1164 6.26297 16.5679 4.24094
650 325 0.0877163 0.0880555 0.121741 0.0689905 0.164543 0.0464882
650 350 0.111763 0.112884 0.15462 0.0947536 0.199313 0.0724275
650 375 0.118408 0.125995 0.159731 0.0923435 0.222215 0.0772042
650 400 0.133576 0.133239 0.194768 0.104623 0.243609 0.0702427
650 425 0.177819 0.190596 0.23617 0.136514 0.317626 0.10936
650 450 0.240947 0.242208 0.326873 0.177476 0.42874 0.122032
650 475 0.384323 0.383328 0.51461 0.27135 0.674014 0.222806
650 500 0.604626 0.598712 0.819946 0.454212 1.07388 0.361046
650 525 0.968562 0.994756 1.31984 0.772177 1.73739 0.521047
650 550 1.77395 1.91591 2.54083 1.27535 3.45631 0.964415
250 175 16.5816 16.6062 22.7814 12.013 30.2074 9.86392
650 575 4.40923 4.42892 6.54432 3.06774 8.63008 2.4914
650 600 17.7275 17.7176 24.6766 13.9865 33.1724 11.4386
675 50 0.0759253 0.0775277 0.105884 0.0551958 0.139207 0.0446969
675 75 0.0783514 0.0783508 0.106363 0.0635272 0.139146 0.0460246
675 100 0.0720695 0.0724937 0.100421 0.0584127 0.135701 0.0376319
675 125 0.0769341 0.0772381 0.10148 0.0596199 0.13804 0.0390513
675 150 0.0787605 0.078087 0.107646 0.0602051 0.139878 0.0463168
675 175 0.0814517 0.0814524 0.109765 0.0609685 0.14085 0.0484914
675 200 0.0784459 0.0789018 0.112352 0.0574316 0.147421 0.0485151
675 225 0.0842523 0.0838403 0.112803 0.0589816 0.146435 0.0417712
250 200 73.8513 73.3075 105.707 55.5198 142.855 40.5445
675 250 0.0845274 0.0837788 0.113161 0.0628356 0.147548 0.0507458
675 275 0.0801286 0.0801442 0.113017 0.0581765 0.150038 0.0468409
675 300 0.0840692 0.0841592 0.114893 0.0654313 0.15588 0.0479446
675 325 0.10194 0.0902499 0.131065 0.0702043 0.162621 0.0418676
675 350 0.102697 0.0987485 0.132344 0.0710986 0.181162 0.0644561
675 375 0.0997646 0.0993083 0.133106 0.0751139 0.176792 0.0598961
675 400 0.116694 0.116694 0.154859 0.0942525 0.20122 0.0562443
675 425 0.137625 0.135593 0.184406 0.0984008 0.2454 0.0695291
675 450 0.170559 0.190309 0.254593 0.133432 0.333803 0.0933254
675 475 0.214723 0.219647 0.320043 0.170643 0.409436 0.154061
275 50 1.17153 1.17418 1.65829 0.837741 2.09763 0.57652
675 500 0.333836 0.333904 0.468554 0.266476 0.621843 0.183683
675 525 0.570128 0.586117 0.782351 0.41517 1.0184 0.348092
675 550 0.738841 0.742235 1.09967 0.587932 1.42954 0.412527
675 575 1.53564 1.52831 2.0672 1.19972 2.7169 0.823448
675 600 2.50035 2.681 3.62535 2.09825 4.72105 1.44017
675 625 21.5564 21.5794 29.7825 15.2136 38.63 13.7993
700 50 0.0792856 0.0785601 0.105525 0.0640954 0.141644 0.0464762
700 75 0.083122 0.0833185 0.110064 0.0639245 0.144492 0.0466598
700 100 0.0771904 0.0830315 0.104645 0.0590614 0.139233 0.0462289
700 125 0.080373 0.0796623 0.113107 0.0597169 0.143788 0.046847
275 75 1.49377 1.53527 2.07986 1.02417 2.67188 0.893618
125 50 1901.44 1895.86 2783.27 1493.39 3606.46 1001.93
700 150 0.0770839 0.0770403 0.102488 0.0569749 0.136973 0.0402046
700 175 0.0803255 0.0778637 0.110265 0.0618009 0.144113 0.0519833
700 200 0.0783283 0.0789897 0.111126 0.0555348 0.142529 0.0415018
700 225 0.0797256 0.079535 0.106156 0.0598609 0.141019 0.0474064
700 250 0.0841282 0.0840805 0.111854 0.0621816 0.147465 0.0438796
700 275 0.0798352 0.0798353 0.109809 0.0614412 0.146635 0.0574807
700 300 0.0777145 0.0787048 0.117914 0.0642932 0.152934 0.049937
700 325 0.0849856 0.0850638 0.111878 0.0632217 0.147206 0.0505803
700 350 0.0928976 0.0926583 0.124258 0.0700771 0.165119 0.0555244
700 375 0.0878714 0.0956552 0.122371 0.0701213 0.157056 0.0549945
275 100 1.69478 1.70908 2.42031 1.20159 3.07971 0.897964
700 400 0.107355 0.0973023 0.136897 0.0795219 0.187938 0.0556653
700 425 0.103689 0.112475 0.144398 0.0827435 0.190942 0.0648938
700 450 0.141703 0.125455 0.182191 0.0975896 0.225975 0.0581993
700 475 0.161742 0.163412 0.237803 0.132114 0.302436 0.0923761
700 500 0.241324 0.237025 0.328015 0.182041 0.427621 0.142621
700 525 0.347792 0.325474 0.444356 0.280699 0.598503 0.170353
700 550 0.484399 0.484988 0.657318 0.340855 0.878761 0.293982
700 575 0.785928 0.78453 1.07294 0.632635 1.40957 0.402739
700 600 1.19613 1.21593 1.66607 0.928165 2.33123 0.633398
700 625 3.77364 3.82306 5.23271 2.87858 7.15902 2.0148
275 125 3.59527 3.67018 4.94561 2.82719 6.41968 2.10461
700 650 12.7882 12.4198 18.402 9.28267 24.131 8.19103
725 50 0.0726848 0.0802136 0.101167 0.0572957 0.135877 0.0431049
725 75 0.0756596 0.0761049 0.105366 0.0643881 0.142057 0.0459921
725 100 0.0747215 0.0808984 0.104058 0.0596281 0.137611 0.0467649
725 125 0.078319 0.0842455 0.10671 0.0648276 0.141387 0.0469048
725 150 0.0830325 0.0791621 0.105962 0.0578493 0.140033 0.0394808
725 175 0.0749713 0.0777569 0.101055 0.0602235 0.135547 0.0422064
725 200 0.0726919 0.0731412 0.102379 0.0625288 0.137801 0.0382139
725 225 0.0770978 0.077031 0.107035 0.0611628 0.138868 0.040362
725 250 0.0803441 0.0799767 0.10713 0.0604919 0.142377 0.0482367
275 150 3.79504 3.80454 5.26936 2.7901 7.34199 2.2599
725 275 0.0820977 0.0817373 0.109164 0.0618431 0.14709 0.049293
725 300 0.0772381 0.0777595 0.108589 0.0664315 0.146402 0.0481287
725 325 0.0789542 0.0805676 0.109268 0.0619431 0.144398 0.0466016
725 350 0.0850433 0.086733 0.117013 0.0624478 0.160952 0.0507828
725 375 0.0902022 0.0902026 0.119407 0.0675183 0.155423 0.0537412
725 400 0.102599 0.0908338 0.131913 0.0706585 0.163805 0.0421385
725 425 0.0892781 0.089886 0.125091 0.0666283 0.165181 0.0460339
725 450 0.109454 0.112136 0.149308 0.0799578 0.202123 0.0695894
725 475 0.143978 0.144464 0.191314 0.102843 0.266613 0.0869713
725 500 0.152077 0.150591 0.206236 0.114109 0.270107 0.0908112
275 175 7.05562 7.61086 10.485 5.80692 13.8525 4.99411
725 525 0.227747 0.215029 0.300933 0.18395 0.397226 0.135484
725 550 0.355103 0.348853 0.49839 0.284117 0.630778 0.176781
725 575 0.628521 0.629315 0.873086 0.528644 1.16215 0.330126
725 600 0.832416 0.841506 1.15598 0.644335 1.49985 0.398303
725 625 1.3559 1.36139 1.89676 1.01144 2.57504 0.841544
725 650 4.78857 4.79877 7.03379 4.07374 9.25599 3.29841
725 675 136.478 136.211 182.346 101.879 252.372 73.0205
750 50 0.072949 0.0733728 0.104479 0.0534071 0.137091 0.0451155
750 75 0.0726349 0.0728313 0.0987738 0.0533919 0.129712 0.0440918
750 100 0.0769642 0.0772115 0.10937 0.0605017 0.13613 0.0423534
275 200 6.91796 6.92008 10.0291 5.19754 13.3997 4.04254
750 125 0.0738447 0.0742174 0.102432 0.0580484 0.133147 0.0454926
750 150 0.0760255 0.076473 0.105814 0.0646991 0.14315 0.0396976
750 175 0.0833682 0.0872172 0.109462 0.0678365 0.144063 0.04149
750 200 0.0801877 0.081399 0.11041 0.0565073 0.145301 0.0480569
750 225 0.0784609 0.0791306 0.112174 0.0556381 0.142601 0.0415791
750 250 0.079729 0.0782327 0.103331 0.0572648 0.141916 0.046602
750 275 0.0753535 0.0758675 0.105832 0.0562371 0.137948 0.038911
750 300 0.0750683 0.0760895 0.107382 0.0628697 0.138299 0.0423863
750 325 0.077397 0.0779651 0.10625 0.055766 0.136366 0.0455643
750 350 0.0828737 0.0849883 0.111111 0.0662162 0.143888 0.0464994
275 225 28.2311 28.169 39.2626 20.9052 50.9774 11.6705
750 375 0.0823236 0.0822344 0.119229 0.0600956 0.151091 0.0534491
750 400 0.0900912 0.0903637 0.124742 0.0671901 0.157625 0.0623717
750 425 0.0922652 0.0922168 0.129197 0.073827 0.160086 0.059246
750 450 0.0934944 0.104663 0.136973 0.0730215 0.171298 0.0597267
750 475 0.112336 0.112503 0.152953 0.0877014 0.206076 0.0801003
750 500 0.133729 0.133218 0.177493 0.102595 0.232063 0.082076
750 550 0.238872 0.228744 0.30956 0.181068 0.413163 0.110216
750 575 0.280531 0.29132 0.390254 0.200063 0.50071 0.141971
750 600 0.595705 0.569644 0.785938 0.478501 1.0349 0.296215
750 625 0.771072 0.773585 1.03523 0.555324 1.39009 0.451042
300 50 0.567677 0.571585 0.779323 0.494629 1.05527 0.298158
750 650 1.39959 1.48991 2.09291 1.17371 2.81181 0.953543
750 675 4.11893 4.09918 5.60388 3.31087 7.39825 2.20725
750 700 26.5654 26.3754 33.9808 20.2888 49.734 15.1868
775 50 0.0744186 0.0745264 0.101337 0.058015 0.136533 0.0518116
775 75 0.0795285 0.078827 0.106991 0.060149 0.138448 0.0418476
775 100 0.0729083 0.0732854 0.104508 0.0591051 0.13333 0.0378407
775 125 0.0805708 0.0801324 0.10808 0.060294 0.142664 0.0425282
775 150 0.0769763 0.0776639 0.100096 0.0597411 0.141808 0.0449451
775 175 0.0798438 0.0803884 0.111867 0.0595882 0.147647 0.0412298
775 200 0.0788942 0.0756386 0.103936 0.0540846 0.136197 0.0453905
300 75 0.696153 0.66368 0.888364 0.484997 1.15655 0.331
775 225 0.0801177 0.0803767 0.109243 0.0584793 0.146546 0.041122
775 250 0.0786971 0.0779659 0.106837 0.0636693 0.139233 0.0461312
775 275 0.0765071 0.0767452 0.104465 0.0558079 0.140318 0.0466512
775 300 0.0782822 0.0841623 0.10666 0.0590238 0.141321 0.0456359
775 325 0.0819129 0.0818456 0.108933 0.060567 0.144644 0.0480231
775 350 0.0746175 0.0747185 0.101056 0.054622 0.132134 0.0530506
775 375 0.0767244 0.0775328 0.103673 0.0606345 0.13491 0.0424474
775 400 0.0856468 0.0848913 0.114979 0.06221 0.149916 0.0533379
775 425 0.0816934 0.0813731 0.108865 0.061472 0.144683 0.0489965
775 450 0.0867178 0.0885072 0.119318 0.0645271 0.163733 0.0517952
300 100 0.946399 0.938783 1.26342 0.720836 1.72691 0.512939
775 475 0.100426 0.100921 0.136205 0.0719547 0.183253 0.0705181
775 500 0.109277 0.113652 0.153663 0.093665 0.199923 0.0746292
775 525 0.121713 0.124695 0.16603 0.0889131 0.22476 0.0773835
775 550 0.158278 0.159015 0.213606 0.130228 0.27347 0.0923284
775 575 0.1919 0.206914 0.279418 0.142271 0.366375 0.105336
775 600 0.283814 0.283495 0.388971 0.204311 0.530656 0.168516
775 625 0.468052 0.467784 0.605881 0.376938 0.80421 0.285642
775 650 0.726463 0.728434 1.02538 0.561698 1.3528 0.440114
775 675 2.17732 2.18506 2.98351 1.6403 3.8575 1.09151
775 700 3.43923 3.43924 4.53254 2.67817 6.03805 1.71962
300 125 1.45812 1.40204 1.96343 0.980936 2.56121 0.813765
125 75 60.4616 60.6462 80.9638 42.1793 109.705 35.1482
775 725 32.9806 32.9807 49.6535 24.3563 67.4119 16.1176
800 50 0.0753311 0.0753458 0.106745 0.0516548 0.141055 0.044174
800 75 0.0724211 0.0728474 0.100797 0.0616317 0.137384 0.0378156
800 125 0.0693635 0.0728709 0.103132 0.0572952 0.127826 0.0401069
800 150 0.0787186 0.0789002 0.111982 0.0620409 0.14457 0.0403271
800 175 0.0748909 0.074848 0.0995727 0.055354 0.132294 0.0390609
800 225 0.0762099 0.081987 0.103338 0.0620442 0.137465 0.0456417
800 250 0.071353 0.0718434 0.100012 0.0613773 0.13031 0.0375144
800 275 0.0765769 0.0759013 0.103128 0.0556219 0.13404 0.0405845
800 300 0.0872376 0.0840521 0.108299 0.0616398 0.145493 0.0472773
300 150 2.36225 2.362 3.29293 1.97543 4.48628 1.21973
800 325 0.0752427 0.0759237 0.105552 0.0586431 0.140872 0.0429401
800 350 0.0763351 0.079447 0.106714 0.056985 0.143261 0.0495769
800 375 0.0840567 0.0916242 0.117059 0.0670772 0.152471 0.0526071
800 400 0.0844885 0.0848042 0.113539 0.0616699 0.154206 0.0433427
800 425 0.0954383 0.0858002 0.117903 0.0681705 0.158174 0.0523069
800 450 0.0799867 0.0799865 0.113369 0.0629307 0.149509 0.0540525
800 475 0.0852575 0.0854658 0.12125 0.0671833 0.152466 0.0428406
800 500 0.0909787 0.0915615 0.13156 0.0782419 0.172062 0.0566852
800 525 0.111303 0.105986 0.152801 0.0858556 0.200707 0.0720299
800 550 0.128673 0.119443 0.171876 0.0934227 0.226831 0.0742343
300 175 3.47704 3.47209 4.63713 2.67987 6.33803 1.77314
800 575 0.145452 0.145301 0.19417 0.113355 0.271225 0.0975645
800 600 0.197178 0.20797 0.288015 0.172704 0.372203 0.108092
800 625 0.264091 0.264016 0.368902 0.189394 0.479829 0.15898
800 650 0.468099 0.487454 0.670415 0.335235 0.890037 0.26519
800 675 0.91296 0.944344 1.30327 0.629024 1.7352 0.598198
800 700 1.95267 1.95009 2.66352 1.35006 3.45016 1.08385
800 725 3.69682 3.8035 5.27919 2.71963 7.32765 1.93692
800 750 28.3586 28.4523 38.529 22.3516 54.488 14.3982
825 50 0.0746327 0.0745899 0.0992287 0.0551628 0.132622 0.0437385
825 75 0.0743098 0.0743243 0.10481 0.0539519 0.139143 0.0434395
300 200 5.15269 4.90651 7.07379 3.9746 9.24042 3.33454
825 100 0.0747004 0.074294 0.100265 0.0558877 0.132273 0.0394297
825 125 0.079344 0.0792813 0.105509 0.0586195 0.140097 0.0465136
825 150 0.0758882 0.0759373 0.109925 0.0610693 0.137406 0.0427484
825 175 0.0747854 0.0754321 0.10018 0.0558957 0.129689 0.0413335
825 200 0.0771802 0.0769974 0.109072 0.057536 0.140982 0.0485935
825 225 0.0723473 0.0752985 0.101139 0.0538013 0.135639 0.046987
825 250 0.082143 0.0737013 0.098643 0.0578037 0.143827 0.0395505
825 275 0.0856249 0.0769778 0.10578 0.0611608 0.141952 0.0469285
825 300 0.0742461 0.0742428 0.104868 0.0552915 0.135602 0.046753
825 325 0.0757341 0.0756833 0.101692 0.0606025 0.135804 0.0424215
300 225 11.1095 10.6026 15.1896 7.66962 19.9662 5.89059
825 350 0.0753633 0.0778375 0.104607 0.0608881 0.136692 0.0439204
825 375 0.0756693 0.0749269 0.0986604 0.0562036 0.130679 0.0449121
825 400 0.0783442 0.078556 0.106691 0.0581384 0.138337 0.0479285
825 425 0.0774255 0.079023 0.106532 0.0574533 0.145096 0.0420697
825 450 0.0789639 0.0792944 0.109578 0.0643753 0.147733 0.0500282
825 475 0.0809078 0.0810325 0.113545 0.0578189 0.146792 0.0470189
825 500 0.0839823 0.0814083 0.115285 0.064782 0.150674 0.0543498
825 525 0.0990428 0.099162 0.129439 0.0682761 0.173406 0.0606346
825 550 0.102816 0.103055 0.141735 0.0827732 0.190313 0.0575352
825 575 0.122765 0.12474 0.173803 0.0947877 0.227459 0.0763639
300 250 23.3202 24.8187 31.7571 18.7771 42.1885 14.604
825 600 0.145765 0.150573 0.202245 0.11772 0.264376 0.0952276
825 625 0.183114 0.192536 0.2583 0.142243 0.342029 0.109323
825 650 0.293242 0.293243 0.394123 0.204815 0.505961 0.142949
825 675 0.429146 0.4282 0.557394 0.315634 0.768809 0.226624
825 700 0.876049 0.87521 1.23494 0.73094 1.67362 0.539192
825 725 1.92426 1.92426 2.64591 1.61638 3.52154 1.0622
825 750 2.89859 2.90739 4.34856 1.98159 5.61874 1.68625
825 775 38.1798 37.5915 51.7108 27.2171 70.7408 18.8435
850 50 0.0714536 0.0729469 0.0996472 0.0519387 0.131003 0.0420643
850 75 0.0755218 0.0812366 0.102899 0.0569426 0.136337 0.0452295
325 50 0.406045 0.405885 0.565476 0.30111 0.74324 0.254128
850 100 0.0760704 0.0768882 0.10786 0.0550697 0.133785 0.0344551
850 125 0.0788186 0.0787497 0.108773 0.062527 0.144829 0.0454163
850 150 0.075515 0.0752094 0.102691 0.0566571 0.13435 0.0454617
850 175 0.0816172 0.0816171 0.107593 0.0592122 0.141261 0.0408086
850 200 0.076022 0.076135 0.103536 0.0593962 0.139478 0.0542066
850 225 0.0723288 0.0727546 0.100607 0.0615536 0.132926 0.0378057
850 250 0.0745501 0.074542 0.101998 0.0585378 0.139274 0.0503519
850 275 0.0778209 0.0777687 0.10451 0.0622725 0.139546 0.0435908
850 300 0.0807589 0.0804231 0.105825 0.0558937 0.134511 0.0398387
850 325 0.0824104 0.0826597 0.114107 0.061454 0.14455 0.0570532
325 75 0.474334 0.529524 0.70839 0.363408 0.92879 0.260412
850 350 0.0866772 0.0866773 0.110666 0.0609957 0.151559 0.0459643
850 375 0.0792096 0.0785108 0.106338 0.0581629 0.145 0.049329
850 400 0.0776931 0.0777696 0.101731 0.0536859 0.135416 0.0474272
850 425 0.0779206 0.0815182 0.102538 0.0636163 0.135155 0.0395514
850 450 0.0751033 0.0817561 0.104442 0.0599325 0.135866 0.0470037
850 475 0.0842751 0.0852102 0.116222 0.0667834 0.148424 0.0466333
850 500 0.081227 0.0817754 0.114197 0.0698623 0.153637 0.0506143
850 525 0.0845242 0.0847673 0.119429 0.0715968 0.163626 0.0454935
850 550 0.0840063 0.0875064 0.123071 0.0700045 0.160181 0.0536655
850 575 0.105917 0.105822 0.1505 0.0792098 0.194137 0.0607064
325 100 0.655486 0.656995 0.917354 0.479208 1.21244 0.424971
850 600 0.113193 0.11781 0.15824 0.0845004 0.211327 0.0738911
850 650 0.219296 0.213519 0.28479 0.172458 0.381884 0.124722
850 675 0.274945 0.275147 0.398722 0.192222 0.520555 0.158935
850 700 0.39513 0.399024 0.531141 0.278806 0.675465 0.245399
850 725 0.798933 0.790497 1.05236 0.582231 1.42572 0.391228
850 750 1.51038 1.55322 2.16806 1.06367 2.87382 1.01952
850 775 5.53619 5.56675 7.95301 3.94447 10.1681 3.20436
850 800 48.7474 51.8355 76.415 37.1368 93.4948 23.2704
875 50 0.0763476 0.0821351 0.103525 0.0631958 0.137713 0.0457241
875 75 0.075577 0.0755586 0.104974 0.0606172 0.13848 0.04482
325 125 0.852104 0.842482 1.20455 0.608226 1.54095 0.475127
875 125 0.0753769 0.0758858 0.105972 0.0648308 0.142572 0.046969
875 150 0.0727213 0.0704926 0.0998363 0.055881 0.130444 0.0470622
875 175 0.074753 0.0772192 0.103718 0.0603709 0.135509 0.0488364
875 200 0.0725053 0.0729998 0.101832 0.0541114 0.132718 0.0374402
875 225 0.0795803 0.0796023 0.106576 0.0550093 0.137102 0.0388157
875 275 0.0722531 0.0721568 0.0977687 0.0525378 0.131182 0.0385801
875 300 0.0822581 0.0765405 0.10162 0.0604886 0.138081 0.0450635
875 325 0.0741818 0.0797952 0.100566 0.0559323 0.133806 0.044427
875 350 0.0746359 0.0747023 0.103872 0.0588336 0.136888 0.044262
875 375 0.0695947 0.0721318 0.100405 0.0560043 0.12986 0.0450874
325 150 1.34441 1.34657 1.87738 0.99757 2.45271 0.653423
150 50 82.8501 83.1401 113.358 66.1212 145.833 43.1441
875 400 0.0747112 0.077521 0.10388 0.0578953 0.144565 0.0444792
875 425 0.071648 0.0720671 0.100044 0.0609687 0.134473 0.0435498
875 450 0.073245 0.0736317 0.0991847 0.0537352 0.137252 0.0449033
875 475 0.0799768 0.080193 0.109097 0.0587889 0.14122 0.0488429
875 500 0.0835601 0.0835602 0.114968 0.0591839 0.148709 0.0405306
875 525 0.0747544 0.0793905 0.105102 0.0572487 0.139704 0.046716
875 550 0.0869443 0.0871789 0.118391 0.0645145 0.153508 0.0620777
875 575 0.0890758 0.0900431 0.12127 0.0770597 0.170688 0.0557424
875 600 0.0981461 0.0973058 0.134017 0.075023 0.17444 0.060317
875 625 0.112236 0.115822 0.156151 0.0866422 0.21738 0.0668462
325 175 2.05332 2.08941 2.8811 1.5675 3.64341 1.27853
875 650 0.14877 0.149557 0.205196 0.108441 0.274115 0.0905651
875 675 0.202803 0.203915 0.272497 0.148739 0.347901 0.117284
875 700 0.283952 0.282261 0.412512 0.205041 0.504088 0.159845
875 725 0.42927 0.459058 0.600307 0.342707 0.800782 0.235672
875 750 0.699635 0.699668 0.945977 0.53459 1.3094 0.345447
875 775 1.69712 1.70703 2.49512 1.41576 3.33686 0.920644
875 800 3.40187 3.33197 5.10416 2.5514 6.58121 1.90829
875 825 22.7773 22.7764 33.0602 17.922 45.8117 13.2056
900 50 0.0697484 0.0755866 0.0974241 0.0503911 0.131965 0.0425716
900 75 0.0711471 0.0708385 0.0984122 0.0575532 0.126831 0.0417059
325 200 3.26502 3.50457 4.28276 2.53062 5.93618 2.13742
900 100 0.0739882 0.074628 0.0991121 0.058209 0.128317 0.0408929
900 125 0.0769721 0.0762931 0.103333 0.055909 0.140904 0.0479356
900 150 0.069315 0.0731957 0.100341 0.0532183 0.137608 0.0348967
900 175 0.0742732 0.0741711 0.104006 0.0571805 0.134823 0.0452042
900 200 0.0724966 0.0769928 0.101928 0.0555197 0.135449 0.0453051
900 225 0.0717261 0.0757058 0.100813 0.0620357 0.131001 0.0455846
900 250 0.0735273 0.0734726 0.103393 0.0582464 0.134968 0.0384376
900 275 0.0716886 0.071936 0.0981018 0.0523318 0.130745 0.0372297
900 300 0.0720659 0.0766885 0.0980776 0.0604998 0.133653 0.044278
900 325 0.0776125 0.0774169 0.0989639 0.0527681 0.131587 0.039734
325 225 4.9829 5.03087 6.82331 3.63045 8.58167 2.71031
900 350 0.0724217 0.0723837 0.0972546 0.0579491 0.127684 0.0405644
900 375 0.0740973 0.0744759 0.105449 0.0543512 0.138826 0.045418
900 400 0.0725265 0.0728003 0.10066 0.0572834 0.135708 0.038438
900 425 0.0783674 0.0786638 0.107332 0.0653164 0.145562 0.0480117
900 450 0.0771815 0.078424 0.103728 0.0596132 0.142714 0.0486238
900 475 0.0788271 0.0789871 0.108399 0.0616576 0.146513 0.0410003
900 500 0.0785113 0.0790972 0.103604 0.0571072 0.143065 0.0456376
900 525 0.0737761 0.0739191 0.108026 0.0584857 0.141481 0.0561322
900 550 0.0773775 0.0773359 0.108349 0.0619142 0.134255 0.0496752
900 575 0.0791852 0.0796752 0.111405 0.0681143 0.150111 0.0416275
325 250 7.86675 7.86042 10.5932 6.07793 14.8007 5.55027
900 600 0.0894068 0.0895774 0.125946 0.064134 0.162824 0.052154
900 625 0.105563 0.10569 0.138709 0.0729278 0.18482 0.0646261
900 650 0.105766 0.106136 0.149362 0.0831945 0.200094 0.0631522
900 675 0.147569 0.139563 0.187918 0.109309 0.249265 0.0840724
900 700 0.218735 0.21682 0.277033 0.139383 0.373489 0.105632
900 725 0.28861 0.290763 0.405145 0.235788 0.518285 0.150881
900 750 0.424806 0.447504 0.621105 0.344233 0.819623 0.247848
900 775 0.755028 0.753102 1.05029 0.660349 1.36287 0.39268
900 800 1.64213 1.58131 2.13518 1.17592 2.85852 0.861746
900 825 3.7835 3.7946 5.16453 2.74988 6.90382 1.9437
350 50 0.313735 0.312915 0.419312 0.219041 0.564362 0.170814
900 850 31.1115 28.6152 41.1607 20.73 57.0568 17.275
925 50 0.0742969 0.0807618 0.105598 0.0575274 0.138412 0.048461
925 75 0.0786552 0.0779596 0.110033 0.0584407 0.140595 0.0458457
925 100 0.08059 0.0808631 0.10748 0.0615975 0.141428 0.0499256
925 125 0.0742396 0.0745502 0.101388 0.0605243 0.135138 0.0467668
925 150 0.0737727 0.0756253 0.100197 0.0574182 0.13693 0.0355338
925 175 0.078528 0.0705976 0.0970124 0.0577461 0.130187 0.0430389
925 200 0.0784868 0.0805976 0.105794 0.0630475 0.141903 0.0447035
925 225 0.0753488 0.0757418 0.100993 0.059569 0.136093 0.0471105
925 250 0.0815482 0.0843002 0.105252 0.0513447 0.14252 0.038492
350 100 0.415266 0.408048 0.553018 0.303465 0.750672 0.239577
925 275 0.0808411 0.076601 0.103325 0.0563207 0.13537 0.0444644
925 300 0.0755737 0.0795327 0.101697 0.0588385 0.141046 0.0463076
925 325 0.0729215 0.0733079 0.100581 0.0531542 0.132088 0.0443917
925 350 0.0853573 0.0767371 0.105589 0.0609697 0.141509 0.0473037
925 375 0.0766878 0.0774959 0.103624 0.0606056 0.135099 0.0424271
925 400 0.0729746 0.0729651 0.105851 0.0558666 0.131871 0.0369319
925 425 0.0797532 0.0795938 0.104574 0.0544743 0.137352 0.0393426
925 450 0.0786148 0.0786553 0.107927 0.0581323 0.136496 0.046401
925 500 0.0814277 0.0815084 0.106621 0.0562664 0.143044 0.0497069
925 525 0.0682076 0.068508 0.0966728 0.053832 0.13099 0.0429485
350 125 0.518262 0.518367 0.723955 0.404894 0.967273 0.285429
925 550 0.0749187 0.0753852 0.102217 0.0608343 0.136089 0.0399505
925 575 0.0814566 0.0822392 0.112191 0.0600458 0.150125 0.0427299
925 600 0.0814415 0.0819727 0.114241 0.063485 0.152503 0.0465184
925 625 0.087804 0.0883118 0.115392 0.0629914 0.152423 0.0456591
925 650 0.09181 0.0972326 0.130327 0.0710546 0.171999 0.0486168
925 675 0.121126 0.112425 0.163805 0.0868085 0.213526 0.0738135
925 700 0.141501 0.141929 0.193017 0.104681 0.248091 0.0979632
925 725 0.194031 0.194368 0.257407 0.147137 0.350455 0.114671
925 750 0.27902 0.280376 0.37738 0.223862 0.483362 0.16365
925 775 0.498042 0.541351 0.775983 0.441181 0.984736 0.281502
350 150 0.606963 0.610059 0.854532 0.460885 1.102 0.351479
925 800 0.552096 0.552473 0.771898 0.417005 1.03752 0.296803
925 825 1.38161 1.33226 1.7048 0.93752 2.33341 0.634756
925 850 2.98706 3.01094 4.5943 2.2594 5.79039 1.95673
925 875 20.5829 20.6609 30.2356 17.6098 39.5038 11.3307
950 50 0.0730032 0.0736569 0.104294 0.0599926 0.141101 0.0465107
950 75 0.0773732 0.0805293 0.108165 0.0577599 0.145117 0.0503114
950 100 0.0750206 0.0751321 0.102146 0.0594365 0.137622 0.0534923
950 125 0.0785791 0.0787387 0.108058 0.0614541 0.146052 0.0408714
950 150 0.0750849 0.075206 0.105322 0.0560956 0.136918 0.0457881
950 175 0.0756426 0.075862 0.0999352 0.0587122 0.135989 0.0452079
350 175 0.963933 0.967743 1.27148 0.766762 1.73037 0.489283
950 200 0.0760342 0.0764121 0.102872 0.0558382 0.136114 0.0396571
950 225 0.076223 0.0806012 0.106729 0.0565121 0.143833 0.0484686
950 250 0.0747671 0.0770541 0.101143 0.0602759 0.135499 0.0422432
950 300 0.0721628 0.0742512 0.098256 0.0553915 0.133982 0.0453746
950 325 0.0737291 0.0799023 0.105416 0.0570877 0.137301 0.0480906
950 350 0.0719548 0.0739506 0.0993296 0.0558288 0.137597 0.045939
950 375 0.0750843 0.075856 0.101871 0.054147 0.136271 0.0416617
950 400 0.071749 0.075727 0.104063 0.0551108 0.140278 0.0462364
950 425 0.0774302 0.0777231 0.106599 0.0614627 0.144491 0.039951
950 450 0.0733232 0.0720894 0.0995194 0.0547876 0.130342 0.0432536
350 200 1.53569 1.53385 2.11291 1.22615 2.75532 0.958559
150 75 58.8638 59.6024 81.9888 43.6582 108.416 36.8463
950 475 0.0717661 0.0750786 0.0980515 0.0515561 0.129447 0.0415456
950 500 0.0741617 0.0741008 0.0986255 0.0548331 0.130957 0.0434789
950 525 0.0726641 0.0728026 0.102574 0.0521238 0.132399 0.0423876
950 550 0.0741083 0.074388 0.0986879 0.0585327 0.13867 0.0469584
950 575 0.0749235 0.0757306 0.103181 0.0601217 0.138447 0.0386963
950 600 0.083609 0.0838099 0.113593 0.0644394 0.152311 0.0494789
950 625 0.0861223 0.0823629 0.113823 0.0604836 0.148676 0.0461623
950 650 0.0885138 0.0963072 0.127426 0.068392 0.163139 0.0560831
950 675 0.0934413 0.0959825 0.128494 0.0725043 0.178176 0.0596707
950 700 0.112194 0.115212 0.15123 0.0901246 0.202852 0.0630872
350 225 2.37141 2.30689 3.10206 1.65693 4.11608 1.27691
950 725 0.133089 0.132574 0.170238 0.093978 0.231349 0.0750815
950 750 0.173445 0.173249 0.233288 0.113661 0.304029 0.0922036
950 775 0.299915 0.299149 0.379863 0.216729 0.513307 0.17376
950 800 0.417471 0.418394 0.579086 0.305354 0.788518 0.247234
950 825 0.794294 0.794635 1.08714 0.626894 1.47759 0.521706
950 850 1.81421 1.84326 2.51584 1.51123 3.31303 1.32715
950 875 2.94298 2.98385 4.30517 2.34379 5.48812 1.9585
950 900 23.4061 23.4239 33.4257 17.101 44.533 13.6168
975 50 0.0732102 0.0733094 0.09903 0.0535485 0.130201 0.05205
975 75 0.0741975 0.0744782 0.102149 0.0588966 0.138412 0.0383366
350 250 2.73308 2.74234 3.64501 2.08293 4.98886 1.58732
975 100 0.0776536 0.0761069 0.0976882 0.0557559 0.138222 0.0450285
975 125 0.0794073 0.0796764 0.105903 0.0605655 0.135414 0.0491929
975 150 0.0880027 0.087128 0.113413 0.0632127 0.14583 0.0516095
975 175 0.0788608 0.0787985 0.10459 0.0628588 0.141667 0.0475988
975 200 0.0813281 0.0809757 0.112495 0.0657821 0.14498 0.0476738
975 225 0.0813601 0.0793791 0.105887 0.0597641 0.140511 0.0423909
975 250 0.075278 0.0757433 0.103999 0.0597045 0.135421 0.0413124
975 275 0.0744317 0.075067 0.106076 0.0511186 0.135264 0.0394439
975 300 0.0765704 0.0758923 0.107124 0.0569203 0.132972 0.0459686
975 325 0.0744358 0.074675 0.105777 0.0585142 0.131658 0.0377085
350 275 8.79424 8.89328 12.6153 6.98768 17.0984 4.93403
975 350 0.0811192 0.081119 0.0978754 0.0575589 0.142057 0.0390581
975 375 0.0754559 0.0751611 0.100554 0.0567791 0.133638 0.0452561
975 400 0.0708062 0.0709069 0.101088 0.0528426 0.128978 0.0431341
975 425 0.0745089 0.0747811 0.102408 0.063632 0.138268 0.0465286
975 450 0.0751982 0.0737609 0.0970916 0.0540149 0.133668 0.0436279
975 475 0.0790688 0.0791639 0.103896 0.0545212 0.138823 0.0482565
975 500 0.0774449 0.0775383 0.101831 0.0533133 0.137981 0.0528433
975 525 0.0765814 0.0773716 0.100371 0.0533982 0.130839 0.0435877
975 550 0.0821502 0.0732685 0.0984373 0.0586782 0.132802 0.0455263
975 575 0.077561 0.0775617 0.106681 0.0596913 0.14281 0.0557684
350 300 64.4281 69.8189 111.761 48.6111 137.618 36.5774
975 600 0.07976 0.0725392 0.101834 0.0590805 0.139698 0.0419825
975 625 0.085046 0.0873749 0.117059 0.0699826 0.162644 0.0543097
975 650 0.0861749 0.0821591 0.110123 0.0600394 0.145335 0.0409755
975 675 0.0833615 0.0842684 0.113492 0.0721133 0.156915 0.0528141
975 700 0.0920254 0.0917768 0.128121 0.0727092 0.173154 0.0486857
975 725 0.111781 0.111253 0.150709 0.0924449 0.194303 0.0685409
975 750 0.141434 0.140126 0.18785 0.113193 0.250808 0.0818505
975 775 0.211353 0.200671 0.274056 0.149518 0.356584 0.0827487
975 800 0.271569 0.28476 0.378733 0.193666 0.498904 0.166873
975 825 0.43122 0.432115 0.551691 0.296951 0.733949 0.220155
375 50 0.202997 0.204251 0.28003 0.154382 0.373163 0.108483
975 850 0.803414 0.803276 1.1089 0.572918 1.465 0.470819
975 875 1.5685 1.55995 2.21566 1.12157 2.87048 1.00357
975 900 5.57617 5.67995 7.46622 4.13011 10.1315 3.15881
975 925 37.354 37.6804 51.986 26.4193 67.0807 18.615
1000 50 0.0816104 0.0821511 0.107339 0.0625836 0.144395 0.0448775
1000 75 0.0762037 0.0840969 0.106065 0.0600695 0.142455 0.0451917
1000 100 0.0826798 0.0823463 0.112436 0.0620334 0.148703 0.049488
1000 150 0.0832736 0.0822519 0.104404 0.0564262 0.139505 0.0409662
1000 175 0.0821147 0.0823367 0.111826 0.0609233 0.145471 0.05025
1000 200 0.0756559 0.079149 0.0995156 0.0617602 0.135584 0.0384019
375 75 0.225531 0.225532 0.308122 0.170426 0.383535 0.111073
1000 225 0.0751247 0.0751244 0.103329 0.0578155 0.136486 0.0540277
1000 250 0.0762309 0.0764172 0.108407 0.0600702 0.136324 0.0383048
1000 275 0.0823393 0.0829937 0.1106 0.0635755 0.152559 0.0518087
1000 300 0.0706206 0.0698269 0.102858 0.0557034 0.133225 0.0470054
1000 325 0.07953 0.0788811 0.105397 0.0593319 0.140734 0.0419526
1000 350 0.0677355 0.0719482 0.101082 0.0557038 0.138416 0.0440614
1000 375 0.0759975 0.0776184 0.102685 0.0620026 0.139603 0.0494473
1000 400 0.073794 0.0739112 0.100228 0.0634223 0.133672 0.034012
1000 425 0.071976 0.0723873 0.0947221 0.0551892 0.128413 0.039633
1000 450 0.0707372 0.0724335 0.104829 0.0594124 0.139458 0.0446494
375 100 0.261241 0.265802 0.375476 0.216305 0.519282 0.169076
1000 500 0.075418 0.0754099 0.103185 0.0623796 0.134901 0.0509382
1000 525 0.0676792 0.0697482 0.0951411 0.059789 0.128078 0.0426828
1000 550 0.0742712 0.0749134 0.0996078 0.0571566 0.128797 0.0410493
1000 575 0.0745125 0.0748688 0.107805 0.062647 0.141511 0.047853
1000 600 0.0754316 0.071219 0.0943269 0.0609248 0.132026 0.0446479
1000 625 0.0820993 0.0815695 0.107276 0.0619267 0.146923 0.0504466
1000 650 0.0818305 0.0854968 0.108692 0.0687169 0.147368 0.0505272
1000 675 0.0825163 0.0821588 0.114138 0.0667501 0.147126 0.0483703
1000 700 0.0904876 0.0907322 0.123435 0.0665148 0.15805 0.055262
1000 725 0.0973078 0.0926632 0.12876 0.0715236 0.1688 0.0532879
375 125 0.303933 0.304581 0.422495 0.245104 0.555038 0.172631
1000 750 0.106935 0.108833 0.146078 0.0836502 0.205148 0.065473
1000 775 0.12996 0.130017 0.191353 0.106786 0.245236 0.0859835
1000 800 0.212199 0.2122 0.274683 0.147586 0.378162 0.110143
1000 825 0.282359 0.289724 0.385356 0.193592 0.504699 0.168915
1000 850 0.375468 0.376466 0.519477 0.285368 0.682741 0.192571
1000 875 0.619047 0.630374 0.869165 0.435396 1.20573 0.351193
1000 900 1.53945 1.63352 2.13353 1.26401 2.93144 0.753934
1000 925 4.29633 4.58941 6.13981 2.93097 8.12483 2.49522
1025 50 0.0821584 0.0872411 0.124151 0.0629128 0.1547 0.0513355
1025 75 0.0780246 0.0784316 0.10458 0.0616845 0.14037 0.0487835
375 150 0.444483 0.448679 0.605501 0.355586 0.829595 0.254757
1025 125 0.0767037 0.0755995 0.102067 0.0560531 0.138657 0.044252
1025 150 0.0740494 0.0745079 0.10307 0.0630218 0.139438 0.038668
1025 200 0.0849756 0.084308 0.111261 0.0653663 0.151416 0.0503229
1025 225 0.0789667 0.0786318 0.106264 0.0638376 0.141074 0.0463378
1025 250 0.0734335 0.0749998 0.0999232 0.0599108 0.134893 0.0477325
1025 275 0.0760739 0.0782755 0.102423 0.0583937 0.141244 0.0478339
1025 300 0.0748912 0.075648 0.103389 0.0552326 0.138181 0.039305
1025 325 0.0760405 0.0760605 0.110033 0.0611297 0.137542 0.0427907
1025 350 0.0774501 0.0775424 0.103176 0.0528696 0.135965 0.0313605
1025 375 0.0746483 0.0769317 0.100983 0.0601801 0.135421 0.0486819
375 175 0.552247 0.554461 0.742792 0.392848 0.942311 0.350471
150 100 41.7533 41.9002 58.1623 32.8673 76.3339 24.321
1025 400 0.0727236 0.0748321 0.103158 0.0588209 0.138048 0.0424946
1025 425 0.0791747 0.0778424 0.107461 0.0594515 0.139796 0.0467054
1025 450 0.0762255 0.0767812 0.10381 0.056551 0.134315 0.0309971
1025 475 0.0720111 0.075942 0.100958 0.062207 0.133573 0.0456639
1025 500 0.073595 0.0729458 0.0987996 0.0540401 0.129051 0.0458324
1025 525 0.0695295 0.0689897 0.101868 0.0551858 0.131721 0.0465685
1025 550 0.0759196 0.0759194 0.103926 0.0597308 0.14184 0.051304
1025 575 0.0719185 0.0723204 0.103109 0.0526587 0.135242 0.0444833
1025 600 0.0728191 0.0757252 0.102755 0.0623845 0.133222 0.049125
1025 625 0.0757771 0.0757363 0.106108 0.0606335 0.131478 0.0486478
375 200 0.875476 0.881709 1.1738 0.623007 1.59213 0.479658
1025 650 0.0758511 0.0750726 0.103458 0.0578627 0.134514 0.0445148
1025 675 0.0768857 0.0780471 0.105864 0.0541804 0.139049 0.046078
1025 700 0.0820407 0.081317 0.110362 0.0620692 0.145909 0.0431695
1025 725 0.086392 0.0863921 0.113888 0.0626762 0.149525 0.043196
1025 750 0.10333 0.104002 0.135255 0.0744848 0.187596 0.0573346
1025 775 0.110681 0.110464 0.147683 0.0915343 0.191602 0.0614002
1025 800 0.150338 0.150167 0.202207 0.0985009 0.263836 0.0800261
1025 825 0.169121 0.16861 0.232178 0.127198 0.304302 0.0848204
1025 875 0.416103 0.415442 0.600066 0.297534 0.763168 0.220025
1025 900 0.629549 0.630821 0.852235 0.472301 1.14347 0.399535
375 225 1.65008 1.64854 2.20619 1.29896 2.90252 1.14862
1025 925 1.29575 1.26347 1.80933 0.843182 2.37752 0.679694
1025 950 4.64211 4.89129 6.91449 3.2745 9.27085 2.82189
1025 975 8.07556 8.02044 12.1863 5.96881 15.4708 4.39255
1050 50 0.0832752 0.0792994 0.104677 0.0537482 0.143288 0.0479584
1050 75 0.0855217 0.0863795 0.118122 0.0669519 0.152396 0.0443377
1050 100 0.0823796 0.0832266 0.106884 0.0637278 0.150293 0.0479443
1050 125 0.0838817 0.083882 0.111117 0.0627872 0.144901 0.0499379
1050 150 0.0715916 0.0780153 0.103065 0.0526711 0.12917 0.0431795
1050 200 0.0783235 0.078445 0.108901 0.0617405 0.143374 0.046449
1050 225 0.0789942 0.0796233 0.106118 0.0609991 0.146377 0.0497092
375 250 2.32172 2.32437 3.35712 1.8398 4.45257 1.44113
1050 275 0.0761745 0.0763548 0.100878 0.0585814 0.131947 0.0427601
1050 300 0.0785279 0.0797751 0.1101 0.0569653 0.138711 0.0510566
1050 325 0.0747649 0.075196 0.0983353 0.0572272 0.133425 0.041175
1050 350 0.0789637 0.0796447 0.109115 0.0611873 0.14225 0.0485964
1050 375 0.0705559 0.0734945 0.103353 0.0550821 0.129276 0.0450724
1050 400 0.0754913 0.0747177 0.102968 0.0575887 0.1338 0.044304
1050 425 0.0772489 0.0772413 0.101486 0.0639465 0.135239 0.0494926
1050 450 0.0754877 0.0730593 0.103603 0.0592129 0.135972 0.0490139
1050 475 0.0726343 0.0723505 0.096794 0.0546559 0.128641 0.0435829
1050 525 0.0723537 0.0732421 0.0993856 0.0546022 0.135169 0.0463064
375 275 4.99577 5.04373 7.30593 3.58173 9.33536 2.67741
1050 550 0.0753356 0.0747546 0.101254 0.0575685 0.130514 0.0435047
1050 575 0.0741798 0.0770327 0.103194 0.0529017 0.124673 0.0356239
1050 600 0.0788037 0.0795069 0.104997 0.0595708 0.143797 0.0470892
1050 625 0.0734023 0.07368 0.101054 0.0582654 0.133827 0.0379257
1050 650 0.0789874 0.0790538 0.108439 0.0587596 0.136753 0.0416894
1050 675 0.0755038 0.0752698 0.106119 0.0548761 0.136595 0.047545
1050 700 0.0825758 0.0827037 0.112237 0.067908 0.154262 0.0507523
1050 725 0.0854552 0.0845878 0.111787 0.0634725 0.14758 0.0507208
1050 750 0.0896733 0.0904464 0.124867 0.0709288 0.166077 0.0578338
1050 775 0.0906339 0.0905981 0.126221 0.0672113 0.1659 0.0567246
375 325 39.7858 39.8226 56.846 33.8 74.0865 20.7534
1050 800 0.105457 0.104527 0.141874 0.07976 0.187621 0.0554919
1050 825 0.143629 0.14452 0.198247 0.10985 0.262574 0.0831568
1050 850 0.205307 0.176544 0.249499 0.138782 0.324582 0.090571
1050 875 0.260704 0.261304 0.366422 0.188931 0.478535 0.158955
1050 950 1.3258 1.33413 1.87575 0.950132 2.45196 0.67061
1050 975 3.96349 3.99885 5.58373 3.06528 7.61232 2.03496
1050 1000 57.0511 57.2723 77.0682 39.6112 114.934 32.1059
1075 50 0.0790855 0.0841589 0.104907 0.0663905 0.140265 0.0487979
1075 75 0.0793568 0.0793151 0.106406 0.0634983 0.142293 0.0444488
1075 100 0.0825385 0.0817368 0.107617 0.0612502 0.142542 0.0489892
400 50 0.181342 0.181239 0.241107 0.134035 0.322245 0.10515
1075 125 0.0742227 0.0798392 0.100621 0.055963 0.133992 0.0441808
1075 150 0.075844 0.0785744 0.10895 0.0573521 0.147338 0.0414207
1075 175 0.083796 0.0851443 0.118633 0.0647002 0.155258 0.0525799
1075 200 0.0779387 0.0779386 0.104755 0.0549032 0.134475 0.0380167
1075 225 0.0826009 0.0823418 0.108702 0.0590416 0.14156 0.0406959
1075 250 0.081337 0.0778136 0.107509 0.0575154 0.140191 0.0435973
1075 300 0.0704383 0.0721274 0.104386 0.0592412 0.138609 0.0444607
1075 350 0.0769816 0.0762664 0.106016 0.0623005 0.137231 0.0451256
1075 375 0.076117 0.0769079 0.104019 0.0588832 0.138911 0.0442996
1075 400 0.0759621 0.0763185 0.100656 0.0527117 0.130989 0.0431224
400 75 0.176977 0.177453 0.240621 0.13132 0.31464 0.12636
1075 425 0.0750809 0.0718293 0.0992408 0.0530587 0.129629 0.0402445
1075 475 0.0750036 0.0727049 0.102946 0.0577191 0.136691 0.0450029
1075 525 0.0699981 0.070028 0.103064 0.0575157 0.132086 0.0463116
1075 550 0.0705869 0.070837 0.094114 0.054487 0.13128 0.0446129
1075 575 0.0764468 0.0764393 0.100433 0.0632877 0.133844 0.0489723
1075 600 0.0708027 0.0740333 0.100152 0.0558896 0.129086 0.0464262
1075 625 0.0693159 0.0722043 0.0972651 0.051987 0.127708 0.0375462
1075 675 0.0725836 0.0725017 0.0964674 0.0535493 0.133052 0.0441255
1075 700 0.0765925 0.0801073 0.108363 0.0599497 0.138946 0.0502352
1075 725 0.0745697 0.0748271 0.102044 0.0544193 0.136 0.0382948
400 100 0.204813 0.207254 0.286111 0.173228 0.365007 0.104909
1075 750 0.074813 0.0812325 0.107465 0.0550416 0.134982 0.047014
1075 775 0.0802761 0.0847702 0.116208 0.0616332 0.159368 0.040415
1075 800 0.0936326 0.0932708 0.126305 0.0718305 0.162928 0.0577257
1075 825 0.100766 0.108262 0.139396 0.0721745 0.189252 0.061009
1075 900 0.256757 0.257418 0.362995 0.187039 0.481733 0.136348
1075 925 0.285715 0.457143 0.457144 0.228571 0.714286 0
1075 950 0.668446 0.672195 0.944705 0.538596 1.25266 0.419369
1075 1000 3.65562 3.66293 5.24254 2.93418 7.02711 2.26803
1100 75 0.0784716 0.0784834 0.104498 0.0619735 0.138406 0.0402801
1100 125 0.0808091 0.0807216 0.117097 0.0589901 0.148008 0.0524658
400 125 0.22546 0.226479 0.301078 0.167814 0.392523 0.113681
1100 200 0.0784923 0.079199 0.110321 0.0614294 0.147951 0.05158
1100 225 0.0799795 0.0800913 0.108939 0.0624958 0.146737 0.0570354
1100 275 0.0834526 0.0761983 0.106554 0.0618167 0.146094 0.0443776
1100 300 0.0766246 0.0759993 0.101547 0.0571643 0.135592 0.04042
1100 325 0.0831482 0.0792725 0.106254 0.0579299 0.140229 0.0395358
1100 350 0.0747362 0.0751671 0.0982975 0.0571983 0.13335 0.0410976
1100 375 0.0824184 0.0745179 0.0995501 0.056106 0.136675 0.040159
1100 400 0.0751869 0.0744988 0.10218 0.0607743 0.134972 0.0440736
1100 425 0.0731599 0.073152 0.100096 0.0574463 0.132384 0.049413
1100 450 0.0743979 0.074013 0.100881 0.0566874 0.139394 0.0467271
400 150 0.324816 0.334219 0.43745 0.251317 0.603354 0.20531
175 50 20.6297 21.7875 28.7926 16.2325 39.4238 15.4723
1100 475 0.0731964 0.072411 0.0941398 0.056235 0.128362 0.0372125
1100 500 0.073742 0.0739966 0.100911 0.0538153 0.13449 0.0378698
1100 550 0.0736824 0.0740456 0.100395 0.0527927 0.134453 0.0519504
1100 575 0.0712134 0.071136 0.103138 0.0519852 0.1307 0.0462356
1100 625 0.0721444 0.0720162 0.0968507 0.057729 0.127998 0.0418329
1100 650 0.0734578 0.0721011 0.101409 0.054996 0.13131 0.046301
1100 700 0.0753822 0.0754891 0.107633 0.0562046 0.140563 0.0459197
1100 725 0.0754082 0.0810614 0.102744 0.0568569 0.136132 0.0448865
1100 750 0.0747364 0.0836921 0.109517 0.0583629 0.136931 0.0477438
1100 775 0.0758125 0.076371 0.104258 0.060825 0.139608 0.0458626
400 175 0.350632 0.350634 0.477243 0.250063 0.623022 0.205676
1100 800 0.0838317 0.0827155 0.11881 0.0639389 0.156145 0.0468939
1100 825 0.0945014 0.0948434 0.130586 0.0734781 0.17024 0.0576616
1100 850 0.101508 0.101468 0.141365 0.0752755 0.185805 0.0635305
1100 925 0.261814 0.262114 0.338401 0.185827 0.469387 0.133899
1100 975 0.66674 0.665156 1.00422 0.463303 1.24391 0.387267
1100 1000 1.44139 1.57182 2.03755 1.1061 2.76895 0.882599
1100 1025 7.01772 7.3083 10.1332 5.47042 13.8681 4.54477
1100 1050 30.6948 30.7664 42.6171 25.7137 58.2009 17.6303
1125 50 0.080674 0.08534 0.1196 0.0690894 0.155852 0.0508023
1125 75 0.0736279 0.0740557 0.105452 0.0539041 0.138301 0.0455353
400 200 0.525702 0.524606 0.763465 0.420329 0.982439 0.280344
1125 150 0.0779374 0.0780168 0.106265 0.0612285 0.138987 0.055626
1125 175 0.0748607 0.0753468 0.0980375 0.0539857 0.135901 0.0415376
1125 200 0.072727 0.0764045 0.108133 0.0600735 0.134024 0.0420517
1125 225 0.0811212 0.0778752 0.107224 0.0573628 0.13975 0.0405607
1125 300 0.0766534 0.0766683 0.108115 0.0540487 0.143531 0.0448744
1125 325 0.0789109 0.0789103 0.106377 0.0553869 0.142886 0.0390739
1125 350 0.0917709 0.0801938 0.118063 0.0589957 0.150767 0.049409
1125 400 0.0711987 0.0733752 0.100084 0.0628982 0.134841 0.0449025
1125 425 0.0727213 0.0726822 0.101829 0.0581885 0.126175 0.0466039
1125 450 0.0757678 0.0761653 0.105625 0.0552004 0.137804 0.0458212
400 225 0.732053 0.739208 1.06829 0.574479 1.38945 0.448096
1125 475 0.0746206 0.0750771 0.0988784 0.0515985 0.128676 0.0423608
1125 500 0.0758396 0.076187 0.102936 0.0619769 0.133136 0.0447954
1125 525 0.0785424 0.0706106 0.0971971 0.0561019 0.130211 0.0435271
1125 575 0.0750409 0.0710346 0.0987055 0.0606093 0.131054 0.043437
1125 600 0.0799193 0.0792471 0.102353 0.0627627 0.139222 0.0549161
1125 625 0.0684289 0.0766517 0.0960998 0.053725 0.125942 0.0430528
1125 650 0.0758378 0.0757496 0.107683 0.0552301 0.141144 0.0469353
1125 675 0.074703 0.0748331 0.102834 0.0562325 0.131905 0.0475542
1125 700 0.0731102 0.0729883 0.105153 0.0554351 0.136306 0.0453378
1125 750 0.0709929 0.0774241 0.101171 0.0583637 0.137105 0.0385399
400 250 1.21563 1.21647 1.6626 0.839753 2.1782 0.726065
1125 775 0.0822795 0.0820531 0.109035 0.0566304 0.142713 0.0411632
1125 800 0.0787922 0.0789094 0.107281 0.0615135 0.144541 0.0561819
1125 825 0.0810876 0.0810144 0.106838 0.0607988 0.148513 0.0511987
1125 875 0.106189 0.106066 0.150825 0.0738665 0.197632 0.0560031
1125 900 0.131734 0.131638 0.180583 0.0944012 0.231352 0.0825706
1125 925 0.185083 0.188199 0.250098 0.141613 0.33404 0.0931166
1125 950 0.267494 0.26902 0.346742 0.208247 0.475691 0.150623
1125 1000 0.786277 0.788533 1.12778 0.578009 1.49172 0.382073
1125 1025 0.943439 0.97563 1.44566 0.743956 1.92755 0.606742
1125 1075 28.7348 28.6364 40.9139 20.5156 53.3705 15.326
400 275 1.57597 1.5839 2.14706 1.09587 2.94757 0.859025
1150 50 0.0801581 0.0819615 0.110144 0.059012 0.146901 0.0497708
1150 75 0.0829816 0.082916 0.110347 0.061353 0.14652 0.0486461
1150 125 0.0806565 0.0806365 0.118332 0.0576513 0.147116 0.0398933
1150 175 0.0784096 0.0789187 0.102635 0.056521 0.142352 0.0435067
1150 225 0.0805069 0.0814021 0.113663 0.0635271 0.14702 0.0409537
1150 250 0.0743394 0.0794495 0.104517 0.0546623 0.141406 0.054155
1150 275 0.0816433 0.0815426 0.109311 0.0596514 0.141828 0.0404777
1150 300 0.0824949 0.0833361 0.112574 0.0638171 0.150129 0.0480114
1150 325 0.076105 0.0759246 0.112089 0.056735 0.137848 0.0479496
1150 350 0.0808543 0.0808548 0.109042 0.0601502 0.141241 0.047653
400 300 3.52815 3.70941 4.75987 2.40833 6.50089 1.88772
1150 375 0.0857993 0.0759604 0.110313 0.0590886 0.136824 0.0352386
1150 425 0.0760805 0.0760194 0.101194 0.0562553 0.133881 0.0446044
1150 450 0.0714358 0.0777516 0.101531 0.0553121 0.133082 0.0465707
1150 475 0.0728335 0.0734484 0.103331 0.0516389 0.132531 0.0375484
1150 500 0.0738013 0.080013 0.102777 0.0588935 0.131619 0.0461888
1150 525 0.072006 0.0724518 0.100225 0.0612827 0.135096 0.0376009
1150 575 0.0810863 0.0731209 0.103602 0.0518543 0.13575 0.0366646
1150 600 0.0676564 0.0680753 0.0941711 0.0575809 0.1274 0.0353297
1150 625 0.0737717 0.0737842 0.104745 0.0549886 0.132914 0.0418503
1150 675 0.0727316 0.0694119 0.093727 0.0503524 0.128207 0.0366969
400 325 5.5072 5.52331 8.01107 4.01558 10.4306 2.96853
1150 725 0.0679864 0.0679988 0.0964604 0.0510327 0.127517 0.0398668
1150 750 0.077002 0.0770027 0.104734 0.0618573 0.136882 0.0471294
1150 825 0.0735899 0.0740231 0.102424 0.0626263 0.139601 0.0384258
1150 850 0.0864522 0.0928835 0.119631 0.0619222 0.162369 0.0523427
1150 875 0.0905538 0.0864203 0.116693 0.062691 0.159743 0.0456889
1150 900 0.0995025 0.098731 0.145783 0.0789758 0.188505 0.0666437
1150 925 0.131563 0.139002 0.18362 0.10352 0.25142 0.0986723
1150 950 0.180898 0.181393 0.229752 0.13244 0.306304 0.102081
1150 975 0.277692 0.282221 0.387452 0.171212 0.503955 0.131094
1150 1000 0.411337 0.410919 0.560717 0.311743 0.759438 0.216684
400 350 28.6058 28.5964 39.6371 23.1876 51.1467 14.786
1150 1050 1.4331 1.43473 2.09101 1.06124 2.75787 0.727598
1150 1075 6.62003 6.28941 8.82671 4.78003 11.911 3.45601
1150 1100 25.6876 25.737 43.5883 19.6639 56.9111 13.3307
1175 50 0.0840772 0.0825801 0.114843 0.0634387 0.149705 0.0496895
1175 75 0.0880932 0.0791974 0.109017 0.059899 0.146045 0.0488203
1175 100 0.0749727 0.0812962 0.104408 0.0598282 0.133708 0.0469219
1175 125 0.0860334 0.0865757 0.115359 0.062362 0.14551 0.0394423
1175 150 0.0739391 0.0692021 0.096206 0.0598143 0.132521 0.0377109
1175 175 0.0727492 0.0704094 0.0998357 0.05712 0.13284 0.0472874
1175 275 0.0767007 0.0759135 0.104363 0.0585109 0.136003 0.0450134
425 50 0.125041 0.124896 0.181124 0.0912925 0.229057 0.0811957
1175 300 0.0795352 0.0758496 0.103141 0.0576732 0.143657 0.0441919
1175 450 0.0760434 0.0763211 0.104896 0.0649425 0.139756 0.0474868
1175 475 0.0745483 0.075358 0.101492 0.064492 0.142663 0.0466512
1175 500 0.0749945 0.0760349 0.103508 0.0548776 0.139976 0.0456442
1175 525 0.07078 0.0712174 0.09958 0.0608842 0.13037 0.0441097
1175 600 0.0702378 0.0702376 0.0929921 0.0567304 0.125 0.0350268
1175 650 0.0695895 0.069987 0.0970069 0.0563977 0.127713 0.0361073
1175 675 0.0742013 0.0745702 0.104877 0.0544923 0.136009 0.0455483
1175 700 0.0703697 0.0719746 0.102072 0.0569432 0.129323 0.0456581
1175 725 0.0709071 0.0706202 0.096425 0.0531999 0.127528 0.0426874
425 75 0.153171 0.15347 0.212083 0.123015 0.268391 0.0783331
175 75 38.7489 38.7894 55.605 25.789 69.7269 20.6505
1175 750 0.0752588 0.0755071 0.102067 0.0559752 0.135447 0.044529
1175 800 0.071795 0.0781933 0.101961 0.0555298 0.133652 0.0388145
1175 825 0.0745155 0.080059 0.103216 0.0533724 0.139951 0.0451156
1175 850 0.0765836 0.0764946 0.10845 0.0531775 0.142532 0.0403891
1175 875 1.41824 1.43203 2.49388 1.00816 2.6 0.686944
1175 900 0.0887753 0.085919 0.1217 0.069649 0.159236 0.0576415
1175 975 0.174484 0.180295 0.231994 0.140606 0.323662 0.0986799
1175 1000 0.268033 0.280734 0.364895 0.206755 0.503473 0.133659
1175 1025 0.427329 0.427818 0.573049 0.331574 0.793154 0.24941
1175 1050 0.724334 0.719575 1.05942 0.543136 1.41824 0.460193
425 100 0.161462 0.162017 0.228017 0.127005 0.305466 0.0964085
1175 1100 3.02821 3.15723 4.39892 2.19225 5.82872 1.66504
1175 1125 18.002 17.5694 24.1386 14.022 31.3368 10.0406
1200 50 0.0870693 0.0859075 0.112212 0.0637226 0.147079 0.0453721
1200 125 0.0723637 0.0726824 0.102563 0.0571123 0.13992 0.0455159
1200 200 0.0816168 0.0811926 0.106011 0.0572857 0.137056 0.0551741
1200 250 0.0749332 0.0804186 0.11077 0.062513 0.145191 0.0428424
1200 300 0.0760206 0.0735748 0.104334 0.0591473 0.136358 0.0495195
1200 350 0.0733323 0.0756668 0.102467 0.0595033 0.141949 0.0445818
1200 375 0.0793552 0.0749316 0.0992334 0.0640944 0.135125 0.0472077
1200 400 0.0757815 0.0757821 0.109125 0.0583213 0.139539 0.0545623
425 125 0.162417 0.181819 0.238002 0.126835 0.297578 0.103757
1200 475 0.0790099 0.0758841 0.104434 0.0558704 0.136182 0.0395055
1200 525 0.0746112 0.0750004 0.100004 0.0589859 0.134432 0.0466493
1200 600 0.073769 0.0731182 0.0990331 0.0535828 0.129125 0.0459407
1200 625 0.0742089 0.0742234 0.104667 0.0538786 0.138954 0.0433805
1200 675 0.0702733 0.0703439 0.097316 0.0575153 0.121057 0.0423826
1200 700 0.0786523 0.079088 0.100995 0.0594203 0.13395 0.0493947
1200 725 0.0668418 0.0689767 0.0930144 0.0518265 0.129373 0.0398001
1200 750 0.0735405 0.0735291 0.0991512 0.0516367 0.133344 0.0361772
1200 775 0.0756918 0.0756897 0.0999737 0.0541017 0.130449 0.0425567
425 150 0.203914 0.203895 0.276502 0.168697 0.362084 0.130698
1200 800 0.0695925 0.0687472 0.100063 0.0567943 0.128646 0.0435867
1200 825 0.0769166 0.0760011 0.0980281 0.0524879 0.133005 0.0420034
1200 850 0.070291 0.070247 0.0941292 0.0580256 0.137161 0.0416562
1200 875 0.0815278 0.0813449 0.108507 0.0547327 0.139519 0.0385827
1200 900 0.0827801 0.086299 0.115782 0.0637442 0.155949 0.0471445
1200 1000 0.178694 0.180463 0.239803 0.126087 0.312745 0.110979
1200 1025 0.247575 0.247465 0.358026 0.188054 0.461877 0.104604
1200 1125 5.12104 5.1147 7.70483 4.42334 10.1257 2.74239
425 175 0.254639 0.243477 0.326616 0.199666 0.435007 0.137044
425 200 0.333275 0.332877 0.452065 0.250762 0.577822 0.166438
425 225 0.42926 0.451751 0.628513 0.358206 0.840097 0.282567
425 250 0.679755 0.684141 0.939589 0.517854 1.24459 0.378392
425 275 1.02989 1.04218 1.40641 0.747658 1.92735 0.608644
425 300 1.65076 1.65642 2.40629 1.3106 3.0504 0.948921
425 325 2.41464 2.31499 3.17597 1.69973 4.16846 1.41118
175 100 34.8354 35.0893 47.7169 24.1064 63.6002 22.616
