200 5.52871 3.96736 7.83334
210 4.40773 3.11727 5.93367
220 3.46275 2.36936 4.94801
230 2.84977 2.13528 3.97197
240 2.28051 1.68753 3.21358
250 1.93228 1.34569 2.64289
260 1.66615 1.22065 2.39063
270 1.32478 0.937089 1.85011
280 1.15653 0.843224 1.64095
290 0.981519 0.7173 1.36903
310 0.764321 0.538497 1.06233
320 0.673151 0.493031 0.94084
330 0.598334 0.418843 0.845187
340 0.546856 0.400621 0.767694
350 0.523372 0.390724 0.720085
450 0.217563 0.17455 0.315161
500 0.193485 0.152323 0.270281
550 0.169152 0.126981 0.237464
600 0.154253 0.121251 0.223982
   
