3 0 152.361
3 1 258.865
3 2 25.7209
3 3 344.821
3 4 165.726
3 5 220.218
3 6 307.039
3 7 321.087
3 8 457.93
3 9 352.875
3 10 353.378
3 11 0.878502
3 12 397.569
3 13 439.179
3 14 318.884
3 15 686.665
1 0 205.834
1 1 190.794
1 2 273.236
1 3 341.89
1 4 -0.0932876
1 5 244.178
1 6 310.726
1 7 261.156
1 8 488.49
1 9 388.134
1 10 365.436
1 11 11.7394
1 12 332.18
1 13 378.296
1 14 362.84
1 15 622.325
0 0 260.262
0 1 246.8
0 2 307.912
0 3 282.978
0 4 211.806
0 5 240.805
0 6 367.94
0 7 305.035
0 8 470.668
0 9 430.478
0 10 365.018
0 11 -7.67142
0 12 380.215
0 13 452.213
0 14 375.774
0 15 646.055
